0 0.042522 0.417354 0.043688 0.122442
0 0.047118 0.407468 0.034615 0.227705
0 0.043739 0.5133 0.041632 0.17087
0 0.066303 0.592105 0.063734 0.217471
0 0.136682 0.736999 0.123355 0.304276
0 0.459821 0.798289 0.147879 0.400546
0 0.911008 0.78912 0.164789 0.425463
2 0.684629 0.131457 0.06716 0.04386
2 0.174417 0.436038 0.058251 0.077973
2 0.79462 0.157042 0.040433 0.041423
1 0.306682 0.602339 0.060992 0.118177
1 0.362192 0.636452 0.062363 0.183967
1 0.627748 0.386087 0.126096 0.112086
0 0.904612 0.549342 0.119243 0.426413
0 0.881997 0.769859 0.154879 0.380117
0 0.69352 0.89311 0.275459 0.21239
0 0.147404 0.224013 0.032321 0.177937
0 0.107943 0.251462 0.028098 0.17422
0 0.205589 0.941843 0.06851 0.114924
