0 0.042522 0.417354 0.043688 0.122442
0 0.040845 0.458564 0.038147 0.130113
0 0.055419 0.541205 0.079692 0.208769
0 0.241266 0.624583 0.138294 0.579375
0 0.130037 0.740917 0.13151 0.290509
0 0.448711 0.788335 0.155906 0.392702
0 0.902147 0.798327 0.150393 0.401956
1 0.161132 0.366596 0.054981 0.058485
2 0.78827 0.137001 0.043474 0.026782
2 0.779501 0.160076 0.047372 0.035354
2 0.908013 0.167083 0.02624 0.034507
2 0.744491 0.216325 0.051601 0.049563
0 0.760718 0.809787 0.117627 0.379036
0 0.221039 0.954636 0.073369 0.091776
0 0.038578 0.333242 0.033878 0.17879
0 0.020943 0.391085 0.032044 0.133658
2 0.853104 0.1606 0.031744 0.026997
0 0.253774 0.597036 0.073605 0.177517
0 0.20183 0.655336 0.096628 0.504386
