0 0.042522 0.417354 0.043688 0.122442
0 0.047118 0.407468 0.034615 0.227705
0 0.046481 0.510863 0.041632 0.17087
0 0.066303 0.592105 0.063734 0.217471
0 0.136682 0.736999 0.123355 0.304276
0 0.459014 0.798661 0.146265 0.40129
0 0.911008 0.78912 0.164789 0.425463
2 0.744881 0.110774 0.02903 0.025093
1 0.16628 0.43635 0.027728 0.083675
2 0.575815 0.256806 0.071265 0.044777
2 0.363562 0.609649 0.12267 0.110867
2 0.808105 0.22044 0.048057 0.047971
2 0.829623 0.233268 0.033805 0.031453
0 0.901704 0.522776 0.081904 0.475621
0 0.881819 0.769471 0.157648 0.398973
0 0.699222 0.932097 0.148431 0.134418
0 0.156873 0.228319 0.027275 0.154738
0 0.034479 0.387613 0.031489 0.119048
0 0.210081 0.941843 0.077495 0.114924
