0 0.042522 0.417354 0.043688 0.122442
0 0.047118 0.407468 0.034615 0.227705
0 0.044425 0.504771 0.041632 0.17087
0 0.066303 0.592105 0.063734 0.217471
0 0.138775 0.733279 0.123355 0.304276
0 0.457418 0.802345 0.144538 0.393921
0 0.911008 0.78912 0.164789 0.425463
2 0.641636 0.13876 0.056767 0.03797
1 0.836461 0.119685 0.018767 0.0322
2 0.682454 0.206941 0.05371 0.057311
2 0.286064 0.551564 0.10908 0.088149
2 0.81281 0.192959 0.040003 0.046558
2 0.878564 0.158574 0.025823 0.036065
0 0.885337 0.559268 0.071976 0.435802
0 0.483032 0.92806 0.162842 0.142491
0 0.738062 0.925396 0.11372 0.147819
0 0.225104 0.79671 0.202135 0.405191
0 0.145532 0.225612 0.026932 0.162568
0 0.118942 0.232452 0.021286 0.160512
