0 0.042522 0.417354 0.043688 0.122442
0 0.050545 0.407468 0.034615 0.227705
0 0.034145 0.521828 0.041632 0.17087
0 0.066303 0.592105 0.063734 0.217471
0 0.138775 0.733279 0.123355 0.304276
0 0.457418 0.802345 0.144538 0.393921
0 0.909787 0.78669 0.167231 0.430324
1 0.791604 0.100768 0.025848 0.027012
1 0.776237 0.143219 0.048277 0.036906
2 0.834315 0.134569 0.043102 0.033066
2 0.767556 0.209 0.069855 0.048877
1 0.884907 0.14783 0.031028 0.02842
1 0.9135 0.163735 0.019851 0.030155
0 0.149628 0.512036 0.059136 0.292245
0 0.2152 0.621013 0.108265 0.373228
0 0.098675 0.380853 0.031492 0.143042
0 0.115086 0.422628 0.054719 0.277761
