0 0.707195 0.051351 0.01979 0.081869
0 0.048601 0.311827 0.027253 0.178994
0 0.030054 0.375262 0.026241 0.088292
0 0.037753 0.425396 0.03317 0.115999
0 0.037535 0.52995 0.045828 0.173029
0 0.050347 0.584652 0.055211 0.200186
0 0.12829 0.794287 0.127206 0.30202
0 0.209533 0.932706 0.094216 0.133199
0 0.467893 0.802569 0.163432 0.393473
0 0.07916 0.648635 0.113076 0.244883
0 0.87645 0.094173 0.012759 0.072787
2 0.542648 0.162624 0.061922 0.044879
2 0.749305 0.115246 0.038117 0.02724
1 0.172362 0.43482 0.044545 0.075536
1 0.224169 0.449676 0.070036 0.071136
1 0.22976 0.510773 0.039397 0.074701
1 0.301199 0.57249 0.073328 0.109649
2 0.57847 0.401859 0.120634 0.080678
2 0.321416 0.649854 0.047971 0.137671
2 0.504735 0.517057 0.140488 0.142544
2 0.870378 0.151681 0.025361 0.023629
1 0.934549 0.16928 0.012975 0.019236
0 0.048664 0.446394 0.072643 0.084064
