0 0.042522 0.417354 0.043688 0.122442
0 0.040845 0.458564 0.038147 0.130113
0 0.055419 0.541205 0.079692 0.208769
0 0.617801 0.82324 0.204886 0.357371
0 0.133464 0.739699 0.13151 0.290509
0 0.454193 0.802954 0.155906 0.392702
0 0.902147 0.798327 0.150393 0.401956
2 0.328269 0.275219 0.082237 0.063353
2 0.749913 0.145503 0.059565 0.034228
2 0.74693 0.183389 0.055786 0.042439
2 0.904658 0.167997 0.027347 0.028976
2 0.818857 0.173015 0.041974 0.034087
0 0.78386 0.832137 0.123189 0.33912
0 0.214844 0.946682 0.078906 0.105247
0 0.038578 0.333242 0.033878 0.17879
0 0.020943 0.391085 0.032044 0.133658
2 0.876779 0.149689 0.019674 0.025914
0 0.258368 0.593202 0.065789 0.177875
0 0.324356 0.9589 0.122382 0.080811
