0 0.64811 0.059019 0.025705 0.102766
0 0.048601 0.311827 0.027253 0.178994
0 0.030054 0.375262 0.026241 0.088292
0 0.032271 0.422959 0.03317 0.115999
0 0.047827 0.454505 0.069611 0.105947
0 0.037535 0.52995 0.045828 0.173029
0 0.050347 0.584652 0.055211 0.200186
0 0.12829 0.800379 0.127206 0.30202
0 0.209533 0.932706 0.094216 0.133199
0 0.467893 0.802569 0.163432 0.393473
0 0.07916 0.648635 0.113076 0.244883
0 0.87645 0.094173 0.012759 0.072787
1 0.407646 0.206708 0.057422 0.047288
1 0.701971 0.129602 0.035749 0.030361
2 0.208841 0.414742 0.04386 0.060916
2 0.258674 0.435258 0.067667 0.079834
1 0.298801 0.582846 0.063048 0.176657
1 0.283381 0.535941 0.087034 0.075536
2 0.78382 0.260645 0.054996 0.038834
2 0.593374 0.418796 0.119306 0.087876
2 0.757864 0.301535 0.06322 0.056652
2 0.835479 0.179677 0.040351 0.040117
2 0.93071 0.189426 0.021812 0.033687
