0 0.622723 0.063681 0.024498 0.113154
0 0.031207 0.367941 0.027044 0.088424
0 0.035012 0.410776 0.03317 0.115999
0 0.047827 0.454505 0.069611 0.105947
0 0.037535 0.52995 0.045828 0.173029
0 0.049662 0.589526 0.055211 0.200186
0 0.136383 0.793007 0.13295 0.309454
0 0.293924 0.971373 0.073872 0.055864
0 0.473547 0.795035 0.156236 0.389047
0 0.092638 0.643667 0.117644 0.26213
0 0.896294 0.106469 0.010887 0.070221
1 0.553392 0.146077 0.028098 0.056043
1 0.741014 0.118982 0.040128 0.028657
2 0.389947 0.306287 0.105537 0.064571
2 0.481435 0.322734 0.097999 0.090156
1 0.249624 0.573167 0.04556 0.101256
2 0.745046 0.226434 0.054603 0.051273
1 0.368702 0.584673 0.047971 0.214425
2 0.416674 0.445785 0.137061 0.104776
1 0.29842 0.611838 0.059698 0.116237
1 0.907131 0.153596 0.012334 0.023195
2 0.879866 0.368736 0.051934 0.082257
0 0.109999 0.255726 0.036321 0.165692
