0 0.737366 0.054255 0.0191 0.079024
0 0.048601 0.311827 0.027253 0.178994
0 0.030054 0.375262 0.026241 0.088292
0 0.03112 0.425396 0.03317 0.115999
0 0.037535 0.52995 0.045828 0.173029
0 0.050347 0.584652 0.055211 0.200186
0 0.12829 0.800379 0.127206 0.30202
0 0.205572 0.931488 0.095888 0.135636
0 0.467893 0.802569 0.163432 0.393473
0 0.07916 0.648635 0.113076 0.244883
0 0.87645 0.094173 0.012759 0.072787
1 0.597937 0.135112 0.034951 0.02924
2 0.778173 0.111355 0.037692 0.025585
1 0.162445 0.436844 0.018216 0.077057
1 0.220497 0.456154 0.066415 0.072801
1 0.227284 0.534896 0.035814 0.06203
1 0.263212 0.600487 0.037538 0.074112
2 0.353625 0.610258 0.061678 0.068226
1 0.294334 0.621208 0.041427 0.115274
1 0.344515 0.680842 0.061614 0.105956
1 0.906255 0.153442 0.01286 0.023955
1 0.955484 0.187581 0.012062 0.021488
0 0.048625 0.453954 0.069979 0.081127
