0 0.583199 0.070547 0.029889 0.134003
0 0.031207 0.367941 0.027044 0.088424
0 0.034327 0.414431 0.03317 0.115999
0 0.047827 0.454505 0.069611 0.105947
0 0.037535 0.52995 0.045828 0.173029
0 0.049662 0.589526 0.055211 0.200186
0 0.136383 0.789352 0.13295 0.302144
0 0.293147 0.982048 0.0723 0.034515
0 0.473547 0.795035 0.156236 0.389047
0 0.094351 0.645495 0.121071 0.265785
0 0.901091 0.107688 0.010887 0.070221
2 0.510218 0.157042 0.054139 0.053606
2 0.698844 0.133754 0.060638 0.043464
1 0.184697 0.422636 0.050027 0.095029
1 0.251515 0.451267 0.054825 0.079191
1 0.311136 0.503655 0.060307 0.115741
2 0.78175 0.200511 0.05658 0.05195
2 0.36322 0.66691 0.063048 0.16691
2 0.660366 0.275979 0.074568 0.091073
1 0.274472 0.612086 0.074698 0.123051
1 0.905912 0.156091 0.017946 0.029558
2 0.832047 0.470095 0.076599 0.139002
0 0.111712 0.256944 0.041118 0.173002
