0 0.166194 0.223441 0.036321 0.171784
0 0.048601 0.311827 0.027253 0.178994
0 0.030054 0.375262 0.026241 0.088292
0 0.028159 0.421741 0.03317 0.115999
0 0.047827 0.454505 0.069611 0.105947
0 0.037535 0.52995 0.045828 0.173029
0 0.049662 0.589526 0.055211 0.200186
0 0.13217 0.796336 0.126285 0.31554
0 0.205859 0.936458 0.064844 0.125694
0 0.469157 0.802926 0.160905 0.39276
0 0.089782 0.623898 0.080866 0.222953
0 0.899951 0.103524 0.013167 0.078548
1 0.125418 0.367203 0.026042 0.062135
2 0.329349 0.288138 0.071283 0.047942
2 0.833974 0.123108 0.019422 0.019937
1 0.864097 0.131978 0.016782 0.024272
2 0.906747 0.172473 0.017028 0.020913
2 0.876492 0.189867 0.03482 0.034332
2 0.889636 0.152118 0.015591 0.022273
1 0.90429 0.151334 0.019286 0.017552
1 0.882998 0.144272 0.012527 0.017966
1 0.22522 0.548112 0.058594 0.133464
2 0.824648 0.325058 0.048538 0.061825
