0 0.187038 0.218186 0.042376 0.166245
0 0.048601 0.311827 0.027253 0.178994
0 0.030054 0.375262 0.026241 0.088292
0 0.026103 0.422959 0.03317 0.115999
0 0.039608 0.459536 0.053029 0.107464
0 0.037535 0.52995 0.045828 0.173029
0 0.06885 0.584652 0.055211 0.200186
0 0.139533 0.743879 0.129436 0.291902
0 0.220802 0.927495 0.122484 0.143597
0 0.473605 0.803621 0.155915 0.391369
0 0.085296 0.607997 0.104417 0.257746
0 0.994409 0.186614 0.010402 0.087883
1 0.229553 0.293133 0.035831 0.056968
1 0.15374 0.378841 0.040808 0.05315
2 0.229736 0.404394 0.071491 0.067614
2 0.331704 0.392031 0.077689 0.065565
2 0.843687 0.231556 0.03185 0.054424
2 0.901869 0.181886 0.022631 0.031916
1 0.890068 0.1557 0.016036 0.022627
1 0.915169 0.157393 0.013146 0.020142
1 0.892698 0.145146 0.013841 0.022879
2 0.805157 0.186798 0.037602 0.031512
2 0.810725 0.479288 0.054825 0.115741
