0 0.042522 0.417354 0.043688 0.122442
0 0.040845 0.458564 0.038147 0.130113
0 0.041714 0.515752 0.041632 0.17087
0 0.069593 0.587617 0.063014 0.214296
0 0.133338 0.740184 0.130709 0.285123
0 0.452105 0.805646 0.160083 0.38732
0 0.900069 0.801127 0.133457 0.396357
2 0.689695 0.126869 0.06857 0.037738
2 0.283698 0.388096 0.088405 0.069444
1 0.385835 0.362939 0.130208 0.097466
2 0.81834 0.233492 0.049386 0.053644
1 0.89414 0.152235 0.019603 0.024444
0 0.43621 0.949419 0.126017 0.099774
0 0.71285 0.840113 0.090707 0.318385
0 0.199636 0.941929 0.080416 0.114754
0 0.047978 0.336745 0.034265 0.183967
0 0.020943 0.391085 0.032044 0.133658
1 0.918784 0.158671 0.016111 0.020206
