0 0.042522 0.417354 0.043688 0.122442
0 0.040845 0.458564 0.038147 0.130113
0 0.043084 0.513315 0.041632 0.17087
0 0.069593 0.587617 0.063014 0.214296
0 0.133338 0.740184 0.130709 0.285123
0 0.457834 0.799306 0.149957 0.4
0 0.900908 0.811871 0.125528 0.374869
2 0.74479 0.108909 0.03752 0.028798
1 0.156751 0.433917 0.034004 0.051262
1 0.211813 0.449294 0.059267 0.10716
1 0.806878 0.24627 0.035798 0.055078
1 0.898706 0.152695 0.014741 0.02424
1 0.915884 0.163397 0.014059 0.023708
0 0.888297 0.606041 0.10116 0.464088
0 0.933946 0.760751 0.106116 0.301696
0 0.650517 0.95076 0.093497 0.097091
0 0.208452 0.944267 0.072939 0.110077
0 0.048746 0.328379 0.033059 0.172109
0 0.020943 0.391085 0.032044 0.133658
