0 0.339022 0.131428 0.038801 0.15844
0 0.088722 0.31353 0.037756 0.08176
0 0.031207 0.367941 0.027044 0.088424
0 0.036383 0.411994 0.03317 0.115999
0 0.047827 0.454505 0.069611 0.105947
0 0.037535 0.52995 0.045828 0.173029
0 0.049662 0.589526 0.055211 0.200186
0 0.135525 0.786524 0.141519 0.31511
0 0.292184 0.982529 0.069004 0.037914
0 0.469157 0.802926 0.160905 0.39276
0 0.09298 0.64123 0.11833 0.257257
0 0.901091 0.107688 0.010887 0.070221
2 0.221361 0.308723 0.06716 0.062135
2 0.605099 0.163318 0.065207 0.04101
1 0.172693 0.432483 0.046433 0.070755
1 0.239942 0.452014 0.066497 0.081358
2 0.629119 0.288012 0.093202 0.086501
2 0.862899 0.154534 0.014736 0.021208
1 0.334792 0.652325 0.055536 0.130429
2 0.843872 0.172868 0.028195 0.023969
2 0.260766 0.607212 0.060992 0.098684
2 0.902759 0.164965 0.026766 0.028783
1 0.67709 0.805799 0.074013 0.193713
0 0.086013 0.378168 0.052769 0.26194
