0 0.168935 0.225877 0.040433 0.169347
0 0.088722 0.322059 0.036385 0.086633
0 0.031207 0.367941 0.027044 0.088424
0 0.035012 0.416867 0.03317 0.115999
0 0.047827 0.454505 0.069611 0.105947
0 0.037535 0.52995 0.045828 0.173029
0 0.049662 0.589526 0.055211 0.200186
0 0.137238 0.787133 0.144945 0.316328
0 0.293897 0.979386 0.062836 0.043811
0 0.469157 0.802926 0.160905 0.39276
0 0.080324 0.626243 0.093017 0.227281
0 0.901091 0.107688 0.010887 0.070221
1 0.122581 0.363054 0.028592 0.061147
2 0.494377 0.207415 0.058251 0.063353
1 0.214987 0.390591 0.042901 0.086021
1 0.219305 0.444566 0.046601 0.085283
2 0.799905 0.193162 0.049113 0.037604
1 0.908317 0.155384 0.009769 0.022784
1 0.283039 0.586501 0.071272 0.130361
2 0.886935 0.146276 0.015698 0.018199
2 0.354996 0.507919 0.119243 0.090156
2 0.863382 0.200996 0.035554 0.041281
2 0.700733 0.816764 0.059622 0.15229
