0 0.462589 0.089425 0.035636 0.130361
0 0.048601 0.311827 0.027253 0.178994
0 0.030054 0.375262 0.026241 0.088292
0 0.034327 0.424177 0.03317 0.115999
0 0.047827 0.454505 0.069611 0.105947
0 0.037535 0.52995 0.045828 0.173029
0 0.050347 0.584652 0.055211 0.200186
0 0.128975 0.796724 0.127206 0.30202
0 0.206541 0.924178 0.108792 0.150256
0 0.467893 0.802569 0.163432 0.393473
0 0.079845 0.635234 0.113076 0.244883
0 0.899889 0.109586 0.019644 0.076316
1 0.130264 0.372833 0.031861 0.062915
2 0.608603 0.163323 0.052083 0.04201
2 0.679829 0.170041 0.063361 0.038298
2 0.715268 0.197546 0.05691 0.04011
2 0.815304 0.260639 0.048077 0.065438
2 0.530478 0.411523 0.140818 0.094307
2 0.880758 0.198849 0.032249 0.027773
1 0.833816 0.222355 0.014559 0.03695
2 0.850772 0.205205 0.020712 0.016941
2 0.713438 0.243394 0.071002 0.060193
2 0.920534 0.207186 0.020043 0.026986
