0 0.042522 0.417354 0.043688 0.122442
0 0.050545 0.407468 0.034615 0.227705
0 0.034145 0.521828 0.041632 0.17087
0 0.066303 0.592105 0.063734 0.217471
0 0.138775 0.733279 0.123355 0.304276
0 0.457418 0.802345 0.144538 0.393921
0 0.91063 0.793263 0.165545 0.417178
1 0.791604 0.100768 0.025848 0.027012
2 0.761488 0.148248 0.056586 0.034706
2 0.830622 0.142932 0.043102 0.033066
2 0.781971 0.199959 0.051953 0.042729
1 0.887383 0.148319 0.031028 0.02842
1 0.913455 0.161813 0.019939 0.033998
0 0.134551 0.454775 0.059136 0.292245
0 0.158277 0.55102 0.068432 0.286848
0 0.049874 0.352714 0.024285 0.133633
0 0.106667 0.406338 0.05648 0.288413
