0 0.28968 0.158231 0.038801 0.15844
0 0.088722 0.322059 0.036385 0.086633
0 0.031207 0.367941 0.027044 0.088424
0 0.035697 0.410776 0.03317 0.115999
0 0.047827 0.454505 0.069611 0.105947
0 0.037535 0.52995 0.045828 0.173029
0 0.049662 0.589526 0.055211 0.200186
0 0.135525 0.790179 0.141519 0.32242
0 0.294925 0.98566 0.064892 0.031993
0 0.469157 0.802926 0.160905 0.39276
0 0.094008 0.643058 0.120386 0.260912
0 0.901091 0.107688 0.010887 0.070221
1 0.148524 0.350726 0.032619 0.052978
2 0.577161 0.174667 0.082944 0.061713
1 0.172008 0.439793 0.046433 0.070755
1 0.245424 0.456887 0.066497 0.081358
2 0.651522 0.269133 0.088113 0.07584
1 0.864867 0.155034 0.014736 0.021208
1 0.333064 0.663834 0.058993 0.107411
2 0.859231 0.175901 0.020464 0.030706
1 0.25274 0.593572 0.057432 0.101246
2 0.898825 0.173194 0.025642 0.030253
2 0.68587 0.863928 0.057824 0.135934
0 0.068108 0.342254 0.034684 0.213727
