0 0.168935 0.225877 0.040433 0.169347
0 0.088722 0.322059 0.036385 0.086633
0 0.030934 0.36988 0.02759 0.084545
0 0.03334 0.423776 0.036514 0.116802
0 0.047827 0.454505 0.069611 0.105947
0 0.037535 0.52995 0.045828 0.173029
0 0.049662 0.589526 0.055211 0.200186
0 0.136553 0.78957 0.143575 0.321202
0 0.24387 0.984083 0.060095 0.033711
0 0.469157 0.802926 0.160905 0.39276
0 0.094008 0.647322 0.120386 0.26944
0 0.901091 0.107688 0.010887 0.070221
1 0.122581 0.363054 0.028592 0.061147
2 0.472788 0.218675 0.064258 0.052603
1 0.215536 0.397661 0.041804 0.071881
1 0.219305 0.444566 0.046601 0.085283
2 0.815954 0.182702 0.034 0.034669
1 0.908317 0.155384 0.009769 0.022784
1 0.279955 0.585283 0.067845 0.108431
1 0.890063 0.144322 0.011837 0.019288
2 0.44717 0.432383 0.097999 0.143762
2 0.84456 0.215057 0.038131 0.047242
1 0.700733 0.803363 0.059622 0.15229
