0 0.167564 0.225877 0.040433 0.169347
0 0.088722 0.322059 0.036385 0.086633
0 0.031207 0.367941 0.027044 0.088424
0 0.035697 0.421741 0.03317 0.115999
0 0.047827 0.454505 0.069611 0.105947
0 0.037535 0.52995 0.045828 0.173029
0 0.049662 0.589526 0.055211 0.200186
0 0.143659 0.79906 0.126285 0.31554
0 0.205859 0.936458 0.064844 0.125694
0 0.469157 0.802926 0.160905 0.39276
0 0.069908 0.636081 0.080866 0.222953
0 0.901091 0.107688 0.010887 0.070221
1 0.123523 0.366157 0.02945 0.069562
1 0.139444 0.395026 0.033249 0.049742
2 0.704778 0.14873 0.040382 0.02966
2 0.708445 0.18552 0.047953 0.03649
1 0.904915 0.152223 0.010829 0.01564
1 0.916282 0.161635 0.009839 0.015925
2 0.766729 0.235155 0.061024 0.052315
1 0.895819 0.146213 0.012743 0.017799
2 0.820453 0.176109 0.036814 0.029476
2 0.346087 0.610867 0.115132 0.140107
1 0.466701 0.713816 0.180921 0.158382
