0 0.18912 0.218496 0.040333 0.172764
0 0.048601 0.311827 0.027253 0.178994
0 0.030054 0.375262 0.026241 0.088292
0 0.027474 0.424177 0.03317 0.115999
0 0.039608 0.460754 0.053029 0.107464
0 0.037535 0.52995 0.045828 0.173029
0 0.06885 0.584652 0.055211 0.200186
0 0.139533 0.743879 0.129436 0.291902
0 0.220802 0.927495 0.122484 0.143597
0 0.472948 0.806609 0.172855 0.385392
0 0.088069 0.439084 0.074698 0.288743
0 0.992799 0.195969 0.013621 0.137228
1 0.209584 0.302783 0.02852 0.068453
1 0.150574 0.383643 0.044019 0.04571
1 0.170584 0.433441 0.032741 0.077563
1 0.22962 0.458095 0.07337 0.07898
2 0.823432 0.251267 0.045158 0.048454
2 0.88456 0.197597 0.028783 0.031524
1 0.880719 0.162387 0.014523 0.026116
1 0.918328 0.158915 0.015277 0.022443
1 0.895312 0.147037 0.01375 0.022963
1 0.839376 0.170544 0.030491 0.030559
2 0.739536 0.611369 0.092874 0.226823
