0 0.042522 0.417354 0.043688 0.122442
0 0.047118 0.407468 0.034615 0.227705
0 0.043739 0.504771 0.041632 0.17087
0 0.066303 0.592105 0.063734 0.217471
0 0.138775 0.733279 0.123355 0.304276
0 0.457418 0.802345 0.144538 0.393921
0 0.911008 0.78912 0.164789 0.425463
2 0.440158 0.212379 0.076386 0.059891
2 0.767637 0.144197 0.06598 0.034221
2 0.314563 0.409235 0.105537 0.085283
1 0.249697 0.558207 0.080097 0.099875
2 0.67572 0.281311 0.06716 0.04386
2 0.815792 0.192924 0.044478 0.046828
0 0.883966 0.562431 0.072469 0.423352
0 0.864379 0.782407 0.11436 0.418386
0 0.702028 0.89046 0.282664 0.217692
0 0.264412 0.920391 0.103043 0.161119
0 0.14471 0.236532 0.025834 0.165093
0 0.116183 0.245883 0.025323 0.185377
