0 0.042522 0.417354 0.043688 0.122442
0 0.047118 0.407468 0.034615 0.227705
0 0.034145 0.521828 0.041632 0.17087
0 0.066303 0.592105 0.063734 0.217471
0 0.138775 0.733279 0.123355 0.304276
0 0.457418 0.802345 0.144538 0.393921
0 0.909787 0.78669 0.167231 0.430324
2 0.763848 0.105109 0.033407 0.0281
1 0.805094 0.140734 0.035921 0.039138
2 0.842781 0.138812 0.030781 0.030103
2 0.686911 0.257746 0.062596 0.047129
1 0.885522 0.14783 0.031028 0.02842
1 0.915653 0.163735 0.019851 0.030155
0 0.455932 0.799336 0.117866 0.392069
0 0.263045 0.770327 0.113753 0.457958
0 0.172629 0.78387 0.0866 0.34777
0 0.221704 0.649245 0.119929 0.480019
0 0.11709 0.236318 0.026236 0.148563
