0 0.166194 0.223441 0.036321 0.171784
0 0.048601 0.311827 0.027253 0.178994
0 0.030054 0.375262 0.026241 0.088292
0 0.0309 0.418086 0.03317 0.115999
0 0.047827 0.454505 0.069611 0.105947
0 0.037535 0.52995 0.045828 0.173029
0 0.049662 0.589526 0.055211 0.200186
0 0.13217 0.796336 0.126285 0.31554
0 0.205859 0.936458 0.064844 0.125694
0 0.469157 0.802926 0.160905 0.39276
0 0.103146 0.645404 0.117188 0.270839
0 0.899951 0.103524 0.013167 0.078548
1 0.125418 0.367203 0.026042 0.062135
2 0.307914 0.31491 0.085018 0.058211
2 0.830591 0.123935 0.025288 0.023254
1 0.862139 0.132807 0.016782 0.024272
2 0.906747 0.172473 0.017028 0.020913
2 0.87855 0.186234 0.032855 0.033953
2 0.882353 0.156299 0.015591 0.022273
1 0.905994 0.156409 0.018999 0.020529
1 0.882998 0.144272 0.012527 0.017966
1 0.22522 0.548112 0.058594 0.133464
2 0.8071 0.343137 0.048254 0.069444
