0 0.042522 0.417354 0.043688 0.122442
0 0.047118 0.407468 0.034615 0.227705
0 0.043054 0.514518 0.041632 0.17087
0 0.066303 0.592105 0.063734 0.217471
0 0.136682 0.736999 0.123355 0.304276
0 0.459821 0.798289 0.147879 0.400546
0 0.911008 0.78912 0.164789 0.425463
2 0.726432 0.113791 0.064419 0.035331
1 0.156942 0.421418 0.027412 0.073099
2 0.677775 0.204557 0.053454 0.04386
2 0.335807 0.646199 0.083607 0.149854
2 0.718894 0.291058 0.08909 0.085283
2 0.789823 0.269128 0.050027 0.046296
0 0.904955 0.549342 0.115817 0.419103
0 0.872403 0.727827 0.131579 0.476365
0 0.679489 0.908748 0.27892 0.160819
0 0.157627 0.229532 0.028783 0.157164
0 0.064768 0.304459 0.036321 0.175439
0 0.205589 0.941843 0.06851 0.114924
