0 0.042522 0.417354 0.043688 0.122442
0 0.040845 0.458564 0.038147 0.130113
0 0.038287 0.515752 0.041632 0.17087
0 0.082095 0.602625 0.096241 0.244312
0 0.13405 0.74353 0.138986 0.289012
0 0.452105 0.805646 0.160083 0.38732
0 0.902147 0.798327 0.150393 0.401956
2 0.535897 0.164209 0.066297 0.041326
2 0.660087 0.17787 0.059624 0.039055
2 0.660695 0.218861 0.058369 0.046928
2 0.869443 0.194194 0.038056 0.041881
2 0.876253 0.159024 0.022572 0.027371
0 0.694566 0.857578 0.114446 0.277778
0 0.20319 0.939407 0.073307 0.119798
0 0.043375 0.336287 0.043472 0.184881
0 0.020943 0.391085 0.032044 0.133658
2 0.903318 0.157617 0.021447 0.031157
0 0.369213 0.937579 0.160012 0.123453
0 0.37624 0.879508 0.11239 0.194932
