0 0.167564 0.225877 0.040433 0.169347
0 0.086356 0.317251 0.041118 0.096248
0 0.031207 0.367941 0.027044 0.088424
0 0.034327 0.419304 0.03317 0.115999
0 0.047827 0.454505 0.069611 0.105947
0 0.037535 0.52995 0.045828 0.173029
0 0.049662 0.589526 0.055211 0.200186
0 0.13217 0.796336 0.126285 0.31554
0 0.205859 0.936458 0.064844 0.125694
0 0.469157 0.802926 0.160905 0.39276
0 0.084985 0.621462 0.080866 0.222953
0 0.901091 0.107688 0.010887 0.070221
1 0.12447 0.364219 0.027555 0.073438
1 0.170724 0.386246 0.038622 0.074625
1 0.761238 0.136823 0.021522 0.041595
1 0.799417 0.143031 0.044545 0.037768
1 0.912645 0.157715 0.014335 0.018243
1 0.906053 0.163204 0.015495 0.021226
2 0.841691 0.18137 0.035368 0.044782
1 0.89766 0.149331 0.012743 0.017799
2 0.876212 0.153808 0.022881 0.025395
1 0.287493 0.620005 0.070587 0.143762
2 0.66544 0.531676 0.119243 0.164474
