0 0.042522 0.417354 0.043688 0.122442
0 0.047118 0.407468 0.034615 0.227705
0 0.039628 0.510863 0.041632 0.17087
0 0.066303 0.592105 0.063734 0.217471
0 0.136682 0.736999 0.123355 0.304276
0 0.459455 0.801973 0.148612 0.393177
0 0.911008 0.78912 0.164789 0.425463
2 0.562076 0.16167 0.068227 0.038022
1 0.189578 0.415408 0.038488 0.071998
2 0.85596 0.134681 0.023956 0.024541
1 0.276072 0.632329 0.057975 0.106043
1 0.358796 0.626596 0.070717 0.164303
1 0.246001 0.557622 0.052083 0.091766
0 0.883203 0.555556 0.072656 0.433333
0 0.866949 0.771412 0.130773 0.387269
0 0.66582 0.927431 0.247266 0.14375
0 0.160026 0.222222 0.03358 0.169347
0 0.106998 0.252159 0.026209 0.175615
0 0.202358 0.943843 0.078878 0.110925
