0 0.536882 0.06994 0.027036 0.116579
0 0.048601 0.311827 0.027253 0.178994
0 0.030054 0.375262 0.026241 0.088292
0 0.034327 0.419304 0.03317 0.115999
0 0.047827 0.454505 0.069611 0.105947
0 0.037535 0.52995 0.045828 0.173029
0 0.050347 0.584652 0.055211 0.200186
0 0.12829 0.800379 0.127206 0.30202
0 0.209533 0.932706 0.094216 0.133199
0 0.467893 0.802569 0.163432 0.393473
0 0.079845 0.635234 0.113076 0.244883
0 0.898395 0.103383 0.015745 0.071691
2 0.21245 0.331625 0.068908 0.05042
2 0.640431 0.151304 0.042956 0.026569
2 0.59349 0.208268 0.065451 0.05319
2 0.632673 0.238227 0.072621 0.055043
2 0.744003 0.304335 0.067265 0.083414
2 0.322506 0.607218 0.126658 0.0938
2 0.858347 0.212624 0.029441 0.028646
2 0.794009 0.261263 0.038962 0.067537
2 0.829778 0.226226 0.030897 0.048423
2 0.758367 0.212529 0.04392 0.048476
2 0.930104 0.201135 0.025401 0.027556
