0 0.042522 0.417354 0.043688 0.122442
0 0.047118 0.407468 0.034615 0.227705
0 0.038257 0.504771 0.041632 0.17087
0 0.066303 0.592105 0.063734 0.217471
0 0.138775 0.733279 0.123355 0.304276
0 0.457418 0.802345 0.144538 0.393921
0 0.909787 0.78669 0.167231 0.430324
2 0.720106 0.115667 0.040747 0.029747
1 0.837358 0.123021 0.029877 0.025919
2 0.806656 0.150967 0.040139 0.032505
1 0.527008 0.365984 0.098684 0.091374
1 0.86696 0.168584 0.022656 0.028593
2 0.892032 0.154434 0.020115 0.027933
0 0.897074 0.548733 0.105537 0.434942
0 0.502635 0.927223 0.154105 0.144164
0 0.817496 0.974738 0.053289 0.049135
0 0.225369 0.790046 0.139887 0.418519
0 0.154201 0.22405 0.035636 0.168129
