0 0.042522 0.417354 0.043688 0.122442
0 0.047118 0.407468 0.034615 0.227705
0 0.034145 0.521828 0.041632 0.17087
0 0.066303 0.592105 0.063734 0.217471
0 0.138775 0.733279 0.123355 0.304276
0 0.457418 0.802345 0.144538 0.393921
0 0.909787 0.78669 0.167231 0.430324
2 0.734578 0.113112 0.052614 0.029949
2 0.833359 0.122474 0.029877 0.025919
2 0.809138 0.150808 0.035176 0.032822
1 0.578175 0.344106 0.08764 0.064993
2 0.875486 0.164269 0.018708 0.026595
2 0.896709 0.156149 0.020115 0.027933
0 0.883368 0.55848 0.084978 0.422758
0 0.499534 0.888103 0.088967 0.226742
0 0.876796 0.967428 0.136253 0.063755
0 0.225369 0.790046 0.139887 0.418519
0 0.154201 0.22405 0.035636 0.168129
