0 0.737366 0.054255 0.0191 0.079024
0 0.048601 0.311827 0.027253 0.178994
0 0.030054 0.375262 0.026241 0.088292
0 0.0309 0.420522 0.03317 0.115999
0 0.037535 0.52995 0.045828 0.173029
0 0.057885 0.584652 0.055211 0.200186
0 0.129318 0.79977 0.129261 0.300802
0 0.220802 0.927495 0.122484 0.143597
0 0.467893 0.802569 0.163432 0.393473
0 0.084985 0.633406 0.074013 0.250975
0 0.916198 0.117321 0.012759 0.072787
1 0.754159 0.096519 0.019391 0.023151
2 0.784384 0.107666 0.020803 0.01895
2 0.615899 0.185515 0.049407 0.034818
2 0.620353 0.216965 0.052729 0.038149
1 0.779009 0.187462 0.02967 0.031876
2 0.789682 0.219528 0.038209 0.022389
1 0.336864 0.581687 0.076111 0.16681
1 0.257415 0.549973 0.050911 0.101951
1 0.272021 0.62729 0.059028 0.099384
2 0.84427 0.230822 0.039998 0.041999
1 0.976197 0.194939 0.008632 0.023668
0 0.047636 0.475634 0.07881 0.142544
