0 0.614499 0.062463 0.024498 0.113154
0 0.031207 0.367941 0.027044 0.088424
0 0.032956 0.410776 0.03317 0.115999
0 0.047827 0.454505 0.069611 0.105947
0 0.037535 0.52995 0.045828 0.173029
0 0.049662 0.589526 0.055211 0.200186
0 0.136383 0.793007 0.13295 0.309454
0 0.293924 0.971373 0.073872 0.055864
0 0.473547 0.795035 0.156236 0.389047
0 0.094351 0.647322 0.121071 0.26944
0 0.902461 0.110124 0.010887 0.070221
1 0.553392 0.146077 0.028098 0.056043
1 0.73279 0.118982 0.040128 0.028657
2 0.331353 0.33979 0.088405 0.05848
2 0.414275 0.376949 0.129523 0.084064
1 0.249624 0.534181 0.046931 0.108566
2 0.751214 0.220343 0.054603 0.051273
1 0.378982 0.632797 0.072643 0.157164
1 0.46396 0.420809 0.106908 0.110867
1 0.283686 0.606355 0.050789 0.112582
1 0.906794 0.155645 0.012826 0.02453
2 0.867156 0.394331 0.047201 0.104167
0 0.109266 0.249892 0.028002 0.151587
