0 0.042522 0.417354 0.043688 0.122442
0 0.047118 0.407468 0.034615 0.227705
0 0.043739 0.514518 0.041632 0.17087
0 0.066303 0.592105 0.063734 0.217471
0 0.136682 0.736999 0.123355 0.304276
0 0.459821 0.798289 0.147879 0.400546
0 0.911008 0.78912 0.164789 0.425463
2 0.650125 0.13872 0.072087 0.040493
1 0.180243 0.414717 0.034265 0.098684
2 0.82511 0.144092 0.039389 0.02799
1 0.284108 0.630813 0.045998 0.09228
1 0.345744 0.656555 0.054139 0.170565
2 0.434149 0.502437 0.191201 0.157164
0 0.881997 0.549342 0.071272 0.409357
0 0.862808 0.780214 0.117873 0.366715
0 0.692828 0.899202 0.287781 0.200207
0 0.147404 0.224013 0.032321 0.177937
0 0.107943 0.251462 0.028098 0.17422
0 0.205589 0.941843 0.06851 0.114924
