0 0.605584 0.05964 0.028932 0.111454
0 0.048601 0.311827 0.027253 0.178994
0 0.030054 0.375262 0.026241 0.088292
0 0.031585 0.425396 0.03317 0.115999
0 0.047827 0.454505 0.069611 0.105947
0 0.037535 0.52995 0.045828 0.173029
0 0.050347 0.584652 0.055211 0.200186
0 0.12829 0.800379 0.127206 0.30202
0 0.209533 0.932706 0.094216 0.133199
0 0.467893 0.802569 0.163432 0.393473
0 0.07916 0.648635 0.113076 0.244883
0 0.890257 0.101403 0.015745 0.071691
1 0.327913 0.242897 0.049545 0.055394
2 0.681018 0.139105 0.048336 0.02548
2 0.418246 0.306357 0.095652 0.089086
2 0.506915 0.290549 0.093391 0.063857
2 0.593394 0.377896 0.145121 0.085295
2 0.284449 0.58809 0.078596 0.117751
2 0.815067 0.230865 0.042413 0.045422
2 0.696097 0.30735 0.111779 0.076109
2 0.796259 0.279488 0.036946 0.051314
2 0.823199 0.187808 0.035791 0.034893
2 0.928206 0.191178 0.022978 0.032462
