0 0.737366 0.054255 0.0191 0.079024
0 0.048601 0.311827 0.027253 0.178994
0 0.030054 0.375262 0.026241 0.088292
0 0.037753 0.425396 0.03317 0.115999
0 0.037535 0.52995 0.045828 0.173029
0 0.050347 0.584652 0.055211 0.200186
0 0.12829 0.800379 0.127206 0.30202
0 0.227032 0.925999 0.110026 0.146589
0 0.467893 0.802569 0.163432 0.393473
0 0.086013 0.627804 0.073328 0.237812
0 0.887415 0.101483 0.012759 0.072787
1 0.726451 0.107482 0.040701 0.026726
1 0.80285 0.108103 0.019751 0.020604
1 0.395888 0.290085 0.112844 0.043369
1 0.435177 0.326389 0.102796 0.041423
1 0.715821 0.222742 0.054208 0.044557
2 0.707249 0.264596 0.04703 0.05388
1 0.345744 0.599293 0.065104 0.143762
1 0.267764 0.585873 0.04666 0.091068
1 0.305996 0.651072 0.066475 0.123051
2 0.874379 0.212379 0.037724 0.038955
1 0.976197 0.194939 0.008632 0.023668
0 0.054146 0.477461 0.079496 0.141326
