0 0.042522 0.417354 0.043688 0.122442
0 0.047118 0.407468 0.034615 0.227705
0 0.040313 0.50599 0.041632 0.17087
0 0.066303 0.592105 0.063734 0.217471
0 0.138775 0.733279 0.123355 0.304276
0 0.457418 0.802345 0.144538 0.393921
0 0.909787 0.78669 0.167231 0.430324
2 0.693737 0.122207 0.045176 0.039111
1 0.837402 0.12195 0.017284 0.029499
2 0.773703 0.17086 0.047095 0.044594
2 0.428324 0.455531 0.105537 0.080409
2 0.853246 0.170151 0.022161 0.034307
2 0.886963 0.154383 0.020907 0.02697
0 0.894333 0.526803 0.100055 0.493421
0 0.490546 0.921741 0.175158 0.155129
0 0.722944 0.927833 0.131456 0.142946
0 0.174246 0.803564 0.153851 0.391484
0 0.159683 0.223441 0.028783 0.169347
