0 0.042522 0.417354 0.043688 0.122442
0 0.050545 0.407468 0.034615 0.227705
0 0.034145 0.521828 0.041632 0.17087
0 0.066303 0.592105 0.063734 0.217471
0 0.138775 0.733279 0.123355 0.304276
0 0.457418 0.802345 0.144538 0.393921
0 0.931339 0.59442 0.100055 0.519006
2 0.756045 0.108485 0.047079 0.032972
2 0.678157 0.179106 0.070736 0.053699
2 0.771497 0.156554 0.068104 0.043108
1 0.80621 0.187509 0.02727 0.049965
2 0.883157 0.173687 0.020576 0.039924
2 0.906853 0.175139 0.022182 0.038305
0 0.038298 0.331437 0.022697 0.142849
0 0.086933 0.403415 0.036809 0.184119
0 0.047047 0.32248 0.025583 0.116012
0 0.069773 0.283489 0.0239 0.136605
