0 0.167564 0.225877 0.040433 0.169347
0 0.088722 0.322059 0.036385 0.086633
0 0.031207 0.367941 0.027044 0.088424
0 0.034327 0.421741 0.03317 0.115999
0 0.047827 0.454505 0.069611 0.105947
0 0.037535 0.52995 0.045828 0.173029
0 0.049662 0.589526 0.055211 0.200186
0 0.143659 0.79906 0.126285 0.31554
0 0.205859 0.936458 0.064844 0.125694
0 0.469157 0.802926 0.160905 0.39276
0 0.080324 0.626243 0.093017 0.227281
0 0.901091 0.107688 0.010887 0.070221
1 0.123523 0.366157 0.02945 0.069562
1 0.139444 0.395026 0.033249 0.049742
2 0.679006 0.16429 0.060822 0.029362
2 0.670689 0.199943 0.061725 0.043813
1 0.904915 0.152223 0.010829 0.01564
1 0.916282 0.161635 0.009839 0.015925
1 0.715794 0.268227 0.052786 0.056217
1 0.890463 0.14527 0.011837 0.019288
2 0.801437 0.189691 0.045617 0.037286
1 0.527693 0.447003 0.11102 0.165692
1 0.448883 0.699196 0.094572 0.138889
