0 0.737366 0.054255 0.0191 0.079024
0 0.048601 0.311827 0.027253 0.178994
0 0.030054 0.375262 0.026241 0.088292
0 0.030215 0.425396 0.03317 0.115999
0 0.037535 0.52995 0.045828 0.173029
0 0.050347 0.584652 0.055211 0.200186
0 0.12829 0.800379 0.127206 0.30202
0 0.204057 0.932706 0.09423 0.133199
0 0.467893 0.802569 0.163432 0.393473
0 0.080433 0.630928 0.103751 0.232858
0 0.87645 0.094173 0.012759 0.072787
1 0.638338 0.12393 0.026228 0.03648
1 0.815609 0.106938 0.01201 0.021362
1 0.165749 0.447071 0.028987 0.080272
1 0.212795 0.464669 0.05551 0.093811
1 0.308554 0.47434 0.049355 0.097386
1 0.268218 0.595666 0.030644 0.110153
1 0.313949 0.549315 0.037804 0.12253
1 0.310834 0.613987 0.053774 0.116076
1 0.319403 0.682771 0.034011 0.096384
1 0.915128 0.158775 0.012074 0.017677
2 0.957731 0.186655 0.018652 0.022457
0 0.049349 0.462232 0.068531 0.110867
