0 0.334762 0.13984 0.040467 0.156236
0 0.048601 0.311827 0.027253 0.178994
0 0.030054 0.375262 0.026241 0.088292
0 0.034327 0.419304 0.03317 0.115999
0 0.039608 0.459536 0.053029 0.107464
0 0.037535 0.52995 0.045828 0.173029
0 0.057885 0.584652 0.055211 0.200186
0 0.139533 0.743879 0.129436 0.291902
0 0.220802 0.927495 0.122484 0.143597
0 0.473605 0.803621 0.155915 0.391369
0 0.099018 0.622935 0.093919 0.281665
0 0.987877 0.16557 0.014391 0.082846
2 0.294649 0.264352 0.067224 0.062433
2 0.41888 0.246079 0.092846 0.048574
2 0.622529 0.196519 0.068037 0.050791
2 0.645612 0.234734 0.087857 0.060338
2 0.86185 0.205414 0.037999 0.03916
1 0.905472 0.179014 0.020823 0.027609
1 0.89284 0.165127 0.016036 0.022627
1 0.914193 0.159264 0.013146 0.020142
2 0.88742 0.153157 0.017046 0.021252
2 0.721021 0.243152 0.060736 0.052085
2 0.891819 0.341642 0.043325 0.089394
