0 0.042522 0.417354 0.043688 0.122442
0 0.050545 0.407468 0.034615 0.227705
0 0.034145 0.521828 0.041632 0.17087
0 0.066303 0.592105 0.063734 0.217471
0 0.138775 0.733279 0.123355 0.304276
0 0.457418 0.802345 0.144538 0.393921
0 0.941034 0.467178 0.060105 0.393373
2 0.713644 0.119635 0.052619 0.036765
2 0.552552 0.242152 0.087387 0.065888
2 0.710613 0.189945 0.06923 0.051959
2 0.83491 0.176416 0.027139 0.053125
1 0.86392 0.194134 0.032572 0.049991
2 0.891607 0.196875 0.022019 0.041607
0 0.04268 0.327586 0.026442 0.155958
0 0.065024 0.331473 0.022345 0.137237
0 0.077579 0.295462 0.021413 0.115387
0 0.086581 0.269835 0.026492 0.152487
