0 0.705524 0.055921 0.022615 0.090156
0 0.048601 0.311827 0.027253 0.178994
0 0.030054 0.375262 0.026241 0.088292
0 0.031585 0.421741 0.03317 0.115999
0 0.037535 0.52995 0.045828 0.173029
0 0.057885 0.584652 0.055211 0.200186
0 0.129661 0.800379 0.129947 0.30202
0 0.220802 0.927495 0.122484 0.143597
0 0.467893 0.802569 0.163432 0.393473
0 0.086698 0.631579 0.081552 0.249756
0 0.916198 0.117321 0.012759 0.072787
1 0.769865 0.092206 0.02038 0.023896
2 0.753282 0.116659 0.026631 0.023487
2 0.729577 0.149278 0.026452 0.031715
2 0.807336 0.139439 0.032219 0.033431
2 0.873031 0.158911 0.020645 0.020631
2 0.829212 0.175684 0.017264 0.019367
1 0.693167 0.271195 0.030688 0.07009
2 0.651371 0.272144 0.049705 0.062369
1 0.277214 0.616959 0.060992 0.101121
2 0.734972 0.322556 0.092887 0.100222
1 0.969223 0.198197 0.014679 0.021135
0 0.048664 0.457359 0.071272 0.103558
