0 0.042522 0.417354 0.043688 0.122442
0 0.040845 0.458564 0.038147 0.130113
0 0.036916 0.51697 0.041632 0.17087
0 0.081409 0.566075 0.086647 0.295482
0 0.13745 0.82565 0.130709 0.285123
0 0.452105 0.805646 0.160083 0.38732
0 0.902147 0.798327 0.150393 0.401956
2 0.510541 0.184921 0.066297 0.041326
2 0.672138 0.171302 0.056902 0.04101
2 0.667895 0.21052 0.05562 0.049025
2 0.875044 0.194382 0.038056 0.041881
2 0.87058 0.156518 0.022572 0.027371
0 0.704472 0.862043 0.119182 0.274525
0 0.201819 0.935143 0.076049 0.128326
0 0.043375 0.336287 0.043472 0.184881
0 0.020943 0.391085 0.032044 0.133658
2 0.903318 0.158925 0.021447 0.031157
0 0.303094 0.821229 0.114124 0.356153
