0 0.042522 0.417354 0.043688 0.122442
0 0.047118 0.407468 0.034615 0.227705
0 0.041684 0.503553 0.041632 0.17087
0 0.066303 0.592105 0.063734 0.217471
0 0.138775 0.733279 0.123355 0.304276
0 0.457418 0.802345 0.144538 0.393921
0 0.909787 0.78669 0.167231 0.430324
2 0.650637 0.128958 0.056767 0.03797
1 0.836461 0.119685 0.018767 0.0322
2 0.723035 0.187555 0.051284 0.046506
2 0.30257 0.529849 0.126782 0.107212
1 0.830296 0.185429 0.020994 0.037342
2 0.880701 0.153929 0.021522 0.028962
0 0.8772 0.55848 0.065789 0.437378
0 0.47857 0.925396 0.171765 0.147819
0 0.764467 0.91155 0.229578 0.178606
0 0.201484 0.805933 0.143908 0.386745
0 0.155126 0.225612 0.026932 0.162568
