0 0.042522 0.417354 0.043688 0.122442
0 0.047118 0.407468 0.034615 0.227705
0 0.044425 0.507208 0.041632 0.17087
0 0.066303 0.592105 0.063734 0.217471
0 0.136682 0.736999 0.123355 0.304276
0 0.459014 0.798661 0.146265 0.40129
0 0.911008 0.78912 0.164789 0.425463
2 0.736161 0.112445 0.052221 0.03315
1 0.165842 0.442645 0.028605 0.071085
2 0.641976 0.221033 0.074013 0.048733
1 0.327436 0.605596 0.052849 0.167484
2 0.763291 0.273981 0.054745 0.062708
2 0.803088 0.265729 0.046722 0.050381
0 0.892453 0.555671 0.082589 0.414705
0 0.86692 0.7327 0.13432 0.464181
0 0.738196 0.908339 0.212671 0.181932
0 0.156873 0.228319 0.027275 0.154738
0 0.048117 0.327647 0.033172 0.170644
0 0.205589 0.941843 0.06851 0.114924
