0 0.576338 0.071234 0.025221 0.117563
0 0.048601 0.311827 0.027253 0.178994
0 0.030054 0.375262 0.026241 0.088292
0 0.031585 0.420522 0.03317 0.115999
0 0.037535 0.52995 0.045828 0.173029
0 0.057885 0.584652 0.055211 0.200186
0 0.129405 0.79532 0.129436 0.291902
0 0.220802 0.927495 0.122484 0.143597
0 0.473605 0.803621 0.155915 0.391369
0 0.077447 0.623051 0.079496 0.244883
0 0.916198 0.117321 0.012759 0.072787
2 0.648777 0.123662 0.026367 0.024661
2 0.670707 0.141874 0.03517 0.026921
2 0.838838 0.120639 0.018119 0.017066
2 0.838311 0.143037 0.019198 0.017776
2 0.90679 0.164245 0.024414 0.026042
2 0.868532 0.158247 0.021389 0.021218
2 0.827832 0.19135 0.037315 0.036051
2 0.836711 0.166167 0.022365 0.028262
2 0.705823 0.237345 0.03418 0.022387
1 0.310794 0.581628 0.082922 0.137671
2 0.950557 0.230567 0.027353 0.035699
0 0.052433 0.475024 0.080181 0.143762
