0 0.042522 0.417354 0.043688 0.122442
0 0.047118 0.407468 0.034615 0.227705
0 0.043739 0.504771 0.041632 0.17087
0 0.066303 0.592105 0.063734 0.217471
0 0.138775 0.733279 0.123355 0.304276
0 0.457418 0.802345 0.144538 0.393921
0 0.911008 0.78912 0.164789 0.425463
2 0.641636 0.13876 0.056767 0.03797
1 0.834644 0.114924 0.016317 0.034252
2 0.676286 0.205722 0.05371 0.057311
1 0.276128 0.553391 0.102912 0.086931
2 0.811347 0.192395 0.035007 0.04326
2 0.878564 0.158574 0.025823 0.036065
0 0.892067 0.516447 0.058517 0.521442
0 0.483032 0.92806 0.162842 0.142491
0 0.72843 0.925396 0.115015 0.147819
0 0.225104 0.79671 0.202135 0.405191
0 0.145532 0.225612 0.026932 0.162568
0 0.118942 0.232452 0.021286 0.160512
