0 0.042522 0.417354 0.043688 0.122442
0 0.047118 0.407468 0.034615 0.227705
0 0.041684 0.499898 0.041632 0.17087
0 0.066303 0.592105 0.063734 0.217471
0 0.138775 0.733279 0.123355 0.304276
0 0.461248 0.802345 0.144538 0.393921
0 0.910973 0.790217 0.16486 0.42327
2 0.572039 0.155697 0.061652 0.040458
2 0.821894 0.136128 0.025919 0.032515
2 0.585701 0.248006 0.066277 0.061736
1 0.227759 0.547151 0.045104 0.084525
2 0.782958 0.214635 0.047922 0.039376
2 0.85562 0.169524 0.037237 0.03308
0 0.9005 0.530458 0.108279 0.461745
0 0.8931 0.812382 0.088813 0.368169
0 0.697106 0.893094 0.295631 0.212423
0 0.195508 0.793428 0.140234 0.411754
0 0.145053 0.238969 0.026519 0.169967
0 0.11683 0.244558 0.026618 0.182726
