0 0.042522 0.417354 0.043688 0.122442
0 0.047118 0.407468 0.034615 0.227705
0 0.037572 0.510863 0.041632 0.17087
0 0.066303 0.592105 0.063734 0.217471
0 0.136682 0.736999 0.123355 0.304276
0 0.459455 0.801973 0.148612 0.393177
0 0.911008 0.78912 0.164789 0.425463
2 0.505596 0.179711 0.073808 0.055434
1 0.202508 0.409097 0.047272 0.075259
2 0.833983 0.144357 0.034599 0.030434
1 0.278242 0.629259 0.063048 0.102339
1 0.355681 0.628533 0.082237 0.175439
1 0.245412 0.547326 0.058941 0.081855
0 0.886708 0.56462 0.076542 0.40424
0 0.868533 0.776775 0.127604 0.376543
0 0.694799 0.896765 0.264309 0.20508
0 0.148894 0.233312 0.028432 0.176408
0 0.106998 0.252159 0.026209 0.175615
0 0.202358 0.943843 0.078878 0.110925
