0 0.042522 0.417354 0.043688 0.122442
0 0.040845 0.458564 0.038147 0.130113
0 0.036916 0.518188 0.041632 0.17087
0 0.079696 0.516733 0.076367 0.347869
0 0.13745 0.82565 0.130709 0.285123
0 0.452105 0.805646 0.160083 0.38732
0 0.902147 0.798327 0.150393 0.401956
2 0.50076 0.190008 0.066913 0.030221
2 0.680519 0.167181 0.067636 0.036008
2 0.67871 0.206949 0.05562 0.049025
2 0.877149 0.193966 0.038056 0.041881
2 0.867539 0.159013 0.022572 0.027371
0 0.704472 0.862043 0.119182 0.274525
0 0.201819 0.935143 0.076049 0.128326
0 0.043375 0.336287 0.043472 0.184881
0 0.020943 0.391085 0.032044 0.133658
2 0.901213 0.158509 0.021447 0.031157
0 0.285095 0.797271 0.105537 0.381335
