0 0.042522 0.417354 0.043688 0.122442
0 0.040845 0.458564 0.038147 0.130113
0 0.041714 0.515752 0.041632 0.17087
0 0.069593 0.587617 0.063014 0.214296
0 0.133338 0.740184 0.130709 0.285123
0 0.452105 0.805646 0.160083 0.38732
0 0.904866 0.799909 0.123862 0.398794
2 0.647413 0.136513 0.063199 0.047618
2 0.46513 0.270449 0.101748 0.07279
2 0.530815 0.289117 0.109649 0.085283
2 0.843197 0.211633 0.040226 0.045359
2 0.888436 0.148047 0.022572 0.027371
0 0.712652 0.8375 0.079384 0.323611
0 0.199636 0.941929 0.080416 0.114754
0 0.047636 0.339181 0.034951 0.179094
0 0.020943 0.391085 0.032044 0.133658
1 0.9175 0.1573 0.016111 0.020206
