0 0.042522 0.417354 0.043688 0.122442
0 0.047118 0.407468 0.034615 0.227705
0 0.037572 0.5133 0.041632 0.17087
0 0.066303 0.592105 0.063734 0.217471
0 0.138775 0.733279 0.123355 0.304276
0 0.459455 0.801973 0.148612 0.393177
0 0.911008 0.78912 0.164789 0.425463
1 0.151463 0.37727 0.043853 0.066367
2 0.529213 0.21358 0.085153 0.057312
2 0.67454 0.201116 0.063058 0.0521
1 0.303272 0.617757 0.128118 0.136075
1 0.2827 0.555004 0.054147 0.094169
2 0.645233 0.286094 0.086312 0.063207
0 0.894531 0.525521 0.076172 0.380208
0 0.886454 0.773227 0.15557 0.391727
0 0.685123 0.915277 0.290189 0.166568
0 0.14632 0.236233 0.03358 0.170565
0 0.111142 0.250426 0.034495 0.172147
0 0.219833 0.946107 0.118928 0.106396
