0 0.042522 0.417354 0.043688 0.122442
0 0.047118 0.407468 0.034615 0.227705
0 0.038257 0.509645 0.041632 0.17087
0 0.066303 0.592105 0.063734 0.217471
0 0.136682 0.736999 0.123355 0.304276
0 0.459455 0.801973 0.148612 0.393177
0 0.911008 0.78912 0.164789 0.425463
2 0.597694 0.154947 0.068979 0.046036
1 0.189578 0.415408 0.038488 0.071998
2 0.853694 0.137525 0.033359 0.025376
1 0.276072 0.632329 0.057975 0.106043
2 0.359156 0.641228 0.069997 0.135039
1 0.246001 0.557622 0.052083 0.091766
0 0.902899 0.564571 0.118558 0.422758
0 0.856298 0.748538 0.114446 0.449561
0 0.708505 0.927833 0.158772 0.142946
0 0.160026 0.222222 0.03358 0.169347
0 0.106998 0.252159 0.026209 0.175615
0 0.204915 0.94945 0.073763 0.099711
