0 0.963263 0.307101 0.047667 0.142665
0 0.869286 0.537877 0.092158 0.266838
0 0.189286 0.889563 0.123545 0.219485
0 0.100301 0.755256 0.114859 0.304547
0 0.07781 0.646349 0.112777 0.276658
0 0.129195 0.450198 0.083092 0.22317
1 0.782634 0.132937 0.040811 0.038978
1 0.928788 0.32334 0.03676 0.083149
1 0.887466 0.399215 0.048404 0.087682
1 0.893454 0.153501 0.013079 0.043814
2 0.900859 0.1717 0.014795 0.042909
1 0.273753 0.594825 0.066154 0.15121
1 0.659022 0.460977 0.119708 0.116487
2 0.786056 0.333446 0.092454 0.07137
0 0.823485 0.761112 0.154593 0.476387
