0 0.963263 0.307101 0.047667 0.142665
0 0.867746 0.5625 0.09933 0.319444
0 0.198189 0.889563 0.132529 0.219485
0 0.100301 0.755256 0.114859 0.304547
0 0.07844 0.646349 0.111517 0.276658
0 0.120653 0.441375 0.083795 0.202733
2 0.756216 0.140334 0.071544 0.058561
2 0.91633 0.34935 0.044013 0.093358
1 0.871686 0.385345 0.073764 0.072751
1 0.894343 0.155872 0.013079 0.043814
1 0.90029 0.174828 0.014039 0.044289
1 0.281591 0.581627 0.073158 0.119363
2 0.716167 0.400429 0.111264 0.087494
2 0.811575 0.299788 0.077959 0.062521
0 0.199834 0.661115 0.110665 0.48906
