0 0.963017 0.288486 0.039693 0.219534
0 0.871652 0.566245 0.110275 0.320377
0 0.202876 0.889563 0.141904 0.219485
0 0.100301 0.755256 0.114859 0.304547
0 0.126008 0.449216 0.089466 0.225134
2 0.786303 0.142171 0.038868 0.03144
1 0.688533 0.692452 0.084628 0.146368
1 0.90972 0.382246 0.035426 0.064332
1 0.857133 0.185859 0.029748 0.035965
2 0.894312 0.148615 0.010641 0.035677
1 0.857552 0.161791 0.031242 0.025368
1 0.953734 0.255431 0.028385 0.050914
1 0.945034 0.293605 0.036073 0.053229
0 0.928863 0.360914 0.051774 0.117297
