0 0.97069 0.298353 0.045768 0.215481
0 0.867746 0.5625 0.09933 0.319444
0 0.202876 0.889563 0.141904 0.219485
0 0.814246 0.692832 0.165864 0.571237
0 0.088206 0.640748 0.098286 0.274418
0 0.128243 0.44973 0.079955 0.233066
2 0.193096 0.426267 0.076257 0.08734
1 0.768201 0.568634 0.05508 0.185672
1 0.818607 0.385542 0.064343 0.080918
1 0.893858 0.161233 0.018146 0.046741
1 0.911691 0.162948 0.016108 0.040147
2 0.557228 0.38349 0.125464 0.10121
1 0.867412 0.268449 0.048196 0.045295
1 0.885361 0.236532 0.04908 0.041251
0 0.177473 0.22173 0.036294 0.10444
