0 0.979437 0.261301 0.031326 0.183929
0 0.860245 0.582349 0.111667 0.324012
0 0.195316 0.891534 0.141904 0.219485
0 0.100301 0.755256 0.114859 0.304547
0 0.115927 0.449216 0.069304 0.225134
1 0.199692 0.464557 0.051724 0.15637
0 0.837559 0.652754 0.076034 0.322649
1 0.931353 0.323295 0.035426 0.064332
2 0.901591 0.156546 0.011633 0.041033
2 0.868354 0.137161 0.013386 0.02591
2 0.710147 0.241702 0.077977 0.058115
1 0.970223 0.209829 0.022962 0.040187
1 0.970048 0.231855 0.02513 0.043375
0 0.953184 0.520775 0.079293 0.362862
0 0.090372 0.259988 0.036269 0.162465
