0 0.963724 0.28658 0.035757 0.218865
0 0.871652 0.566245 0.110275 0.320377
0 0.193425 0.891422 0.141904 0.219485
0 0.100301 0.755256 0.114859 0.304547
0 0.045558 0.382762 0.051001 0.252618
0 0.126008 0.449216 0.089466 0.225134
2 0.831793 0.126535 0.029571 0.035484
1 0.787406 0.367849 0.044693 0.060787
1 0.907285 0.379631 0.034832 0.068991
2 0.802014 0.240388 0.052075 0.059102
1 0.89114 0.155213 0.009002 0.028987
1 0.904775 0.16582 0.009501 0.032525
1 0.918919 0.307555 0.032582 0.063176
2 0.811273 0.566606 0.11927 0.164215
0 0.929634 0.357259 0.051774 0.117297
