0 0.972824 0.276543 0.035112 0.206773
0 0.871652 0.566245 0.110275 0.320377
0 0.195946 0.890997 0.141904 0.219485
0 0.100301 0.755256 0.114859 0.304547
0 0.087891 0.646909 0.092616 0.275538
0 0.126008 0.449216 0.089466 0.225134
2 0.582401 0.222798 0.093733 0.076958
1 0.912618 0.278044 0.027538 0.037345
1 0.897128 0.382614 0.056803 0.06936
1 0.320192 0.633769 0.111884 0.153967
2 0.824532 0.190737 0.039368 0.048775
2 0.835246 0.219972 0.046818 0.053901
2 0.783644 0.513172 0.097278 0.155467
2 0.418087 0.797686 0.132828 0.184556
0 0.940671 0.358107 0.054226 0.128043
