0 0.977637 0.227861 0.024918 0.155609
0 0.866103 0.541839 0.122539 0.272633
0 0.19299 0.891835 0.151386 0.217781
0 0.100301 0.755256 0.114859 0.304547
0 0.126008 0.449216 0.089466 0.225134
1 0.180537 0.460147 0.071134 0.113666
0 0.12499 0.730819 0.074001 0.269921
1 0.939315 0.294342 0.033474 0.051224
1 0.893188 0.148586 0.010048 0.037344
2 0.879596 0.149101 0.027114 0.026144
2 0.284059 0.566143 0.116106 0.15257
1 0.956521 0.184176 0.022498 0.041607
1 0.972019 0.201095 0.023055 0.037288
0 0.061686 0.594338 0.088913 0.228348
0 0.06631 0.542267 0.057388 0.321502
