0 0.963263 0.307101 0.047667 0.142665
0 0.867746 0.5625 0.09933 0.319444
0 0.192525 0.889563 0.121201 0.219485
0 0.100301 0.755256 0.114859 0.304547
0 0.07907 0.643548 0.110257 0.282258
0 0.130455 0.447958 0.085612 0.21869
1 0.774475 0.130513 0.046028 0.035479
1 0.922707 0.337021 0.043177 0.084381
1 0.882871 0.392494 0.056335 0.06528
1 0.885241 0.152512 0.013079 0.043814
1 0.902531 0.165994 0.014039 0.044289
1 0.280683 0.583625 0.080015 0.128808
2 0.683661 0.438375 0.127134 0.112408
1 0.796567 0.32316 0.083085 0.06667
0 0.5562 0.809005 0.137097 0.384677
