0 0.96683 0.287836 0.038508 0.215995
0 0.871652 0.566245 0.110275 0.320377
0 0.194056 0.89196 0.141904 0.219485
0 0.100301 0.755256 0.114859 0.304547
0 0.126008 0.449216 0.089466 0.225134
2 0.652553 0.189578 0.066943 0.058807
1 0.677742 0.851481 0.079733 0.197788
1 0.90002 0.386731 0.035426 0.064332
1 0.880923 0.169263 0.014818 0.045664
2 0.883429 0.141952 0.017968 0.01944
2 0.808719 0.174813 0.044842 0.043955
1 0.957404 0.227329 0.024227 0.03963
1 0.957025 0.264968 0.02513 0.043375
0 0.928863 0.357527 0.051774 0.117297
0 0.137339 0.245909 0.017661 0.082912
