0 0.957785 0.297252 0.03931 0.232587
0 0.867746 0.5625 0.09933 0.319444
0 0.202876 0.889563 0.141904 0.219485
0 0.105882 0.7628 0.122549 0.303649
0 0.093246 0.642428 0.105847 0.268817
0 0.128243 0.44973 0.079955 0.233066
1 0.161031 0.444343 0.034798 0.106368
1 0.704577 0.821788 0.08103 0.145906
1 0.835166 0.384148 0.055971 0.086619
2 0.873567 0.194345 0.046931 0.03797
2 0.89174 0.178381 0.04385 0.03463
2 0.79501 0.207966 0.048832 0.038059
1 0.914045 0.201005 0.030428 0.030504
2 0.936131 0.20923 0.028896 0.03273
