0 0.974876 0.285061 0.036002 0.208473
0 0.871652 0.566245 0.110275 0.320377
0 0.202876 0.889563 0.141904 0.219485
0 0.100301 0.755256 0.114859 0.304547
0 0.126008 0.449216 0.089466 0.225134
2 0.833965 0.129743 0.026781 0.02332
1 0.74109 0.571551 0.082075 0.111579
1 0.90972 0.382246 0.035426 0.064332
1 0.852445 0.189919 0.044103 0.049283
1 0.893856 0.145033 0.010127 0.030007
1 0.873877 0.156074 0.026067 0.027104
1 0.951807 0.260583 0.02553 0.044192
2 0.919484 0.326757 0.038755 0.056868
0 0.929634 0.357259 0.051774 0.117297
