0 0.963409 0.28658 0.035127 0.218865
0 0.871652 0.566245 0.110275 0.320377
0 0.192795 0.891579 0.141904 0.219485
0 0.100301 0.755256 0.114859 0.304547
0 0.04036 0.37514 0.047458 0.237375
0 0.126008 0.449216 0.089466 0.225134
2 0.83061 0.130237 0.026691 0.033751
1 0.782995 0.370089 0.044693 0.060787
1 0.907653 0.384217 0.034832 0.068991
1 0.813733 0.230915 0.054909 0.056364
1 0.89114 0.154641 0.009002 0.028987
2 0.904775 0.16582 0.009501 0.032525
1 0.918289 0.309795 0.032582 0.063176
2 0.819052 0.556743 0.115927 0.164651
0 0.929634 0.357259 0.051774 0.117297
