0 0.978504 0.27552 0.029482 0.204168
0 0.860245 0.582349 0.111667 0.324012
0 0.197836 0.89196 0.141904 0.219485
0 0.100301 0.755256 0.114859 0.304547
0 0.114982 0.449776 0.067414 0.226254
1 0.207002 0.479696 0.04917 0.136516
0 0.837559 0.652754 0.076034 0.322649
1 0.928337 0.339222 0.035426 0.064332
2 0.887135 0.155262 0.011633 0.041033
1 0.866051 0.143045 0.010873 0.037677
2 0.735285 0.225542 0.077977 0.058115
1 0.962371 0.212989 0.022962 0.040187
1 0.961967 0.241811 0.02513 0.043375
0 0.957697 0.371563 0.050269 0.249672
0 0.150871 0.215647 0.042586 0.143123
