0 0.947132 0.297383 0.037441 0.239821
0 0.867746 0.5625 0.09933 0.319444
0 0.202876 0.889563 0.141904 0.219485
0 0.105882 0.7628 0.122549 0.303649
0 0.089151 0.638508 0.102697 0.272177
0 0.128243 0.44973 0.079955 0.233066
2 0.175874 0.463659 0.031316 0.106644
1 0.717149 0.807911 0.072748 0.159671
1 0.844463 0.38725 0.055428 0.07179
1 0.851422 0.215533 0.049036 0.041045
2 0.871826 0.199822 0.04385 0.03463
2 0.829991 0.187588 0.038158 0.025299
1 0.915787 0.195266 0.013389 0.035977
1 0.942008 0.201472 0.013873 0.039095
