0 0.972824 0.276543 0.035112 0.206773
0 0.871652 0.566245 0.110275 0.320377
0 0.194686 0.891848 0.141904 0.219485
0 0.100301 0.755256 0.114859 0.304547
0 0.088521 0.648029 0.091356 0.273297
0 0.126008 0.449216 0.089466 0.225134
2 0.613019 0.206863 0.093733 0.076958
1 0.909468 0.281404 0.027538 0.037345
1 0.899841 0.387664 0.04943 0.059468
1 0.330705 0.646224 0.095633 0.189043
1 0.840465 0.183689 0.039906 0.041909
2 0.839513 0.21915 0.045379 0.040501
2 0.800001 0.475927 0.095968 0.141461
1 0.420922 0.804407 0.127157 0.182315
0 0.928679 0.35625 0.060484 0.117608
