0 0.961789 0.309721 0.047667 0.142665
0 0.874181 0.566263 0.105217 0.320341
0 0.202876 0.889563 0.141904 0.219485
0 0.100301 0.755256 0.114859 0.304547
0 0.085685 0.646909 0.097026 0.275538
0 0.129195 0.450198 0.083092 0.22317
1 0.83714 0.126996 0.012104 0.03608
1 0.945067 0.264884 0.026475 0.049123
1 0.908788 0.390632 0.047162 0.065403
1 0.86021 0.164808 0.043453 0.041553
2 0.791139 0.203355 0.056418 0.040821
1 0.271311 0.579177 0.081119 0.126502
2 0.479428 0.625629 0.201677 0.145605
1 0.658707 0.456091 0.14176 0.115058
0 0.945233 0.359169 0.045103 0.125919
