0 0.964354 0.28658 0.037017 0.218865
0 0.871652 0.566245 0.110275 0.320377
0 0.200356 0.891579 0.141904 0.219485
0 0.100301 0.755256 0.114859 0.304547
0 0.155468 0.203569 0.031845 0.145187
0 0.126008 0.449216 0.089466 0.225134
1 0.845148 0.126998 0.009349 0.035462
1 0.710407 0.496484 0.062302 0.114918
1 0.90972 0.382246 0.035426 0.064332
1 0.839746 0.204776 0.05312 0.044211
2 0.893129 0.150983 0.008674 0.02819
2 0.897316 0.164248 0.009652 0.034714
1 0.945197 0.285578 0.029221 0.054931
2 0.873943 0.374013 0.066939 0.061288
0 0.929634 0.357259 0.051774 0.117297
