0 0.958169 0.295584 0.039307 0.229979
0 0.867746 0.5625 0.09933 0.319444
0 0.202876 0.889563 0.141904 0.219485
0 0.105882 0.7628 0.122549 0.303649
0 0.077495 0.640188 0.123488 0.262097
0 0.128243 0.44973 0.079955 0.233066
1 0.170353 0.444755 0.034798 0.106368
1 0.708795 0.82444 0.061744 0.144489
1 0.837303 0.383743 0.055971 0.086619
2 0.863473 0.200712 0.05182 0.035459
2 0.880808 0.187352 0.04385 0.03463
2 0.822411 0.195229 0.04301 0.028448
2 0.917057 0.198549 0.030428 0.030504
1 0.944715 0.199823 0.028896 0.03273
