0 0.98036 0.260754 0.031326 0.183929
0 0.860245 0.582349 0.111667 0.324012
0 0.189645 0.891579 0.141904 0.219485
0 0.100301 0.755256 0.114859 0.304547
0 0.116872 0.450896 0.071195 0.228495
1 0.218309 0.466017 0.072455 0.175851
0 0.837559 0.652754 0.076034 0.322649
1 0.931539 0.318773 0.035426 0.064332
2 0.90619 0.158862 0.011633 0.041033
2 0.868953 0.137487 0.016308 0.030215
2 0.689722 0.255663 0.077977 0.058115
1 0.970854 0.207589 0.022962 0.040187
1 0.967527 0.239695 0.02513 0.043375
0 0.919433 0.67768 0.109219 0.489532
0 0.057678 0.320142 0.037643 0.18973
