0 0.985465 0.279249 0.029479 0.207285
0 0.86119 0.581789 0.113557 0.322892
0 0.194056 0.891422 0.141904 0.219485
0 0.100301 0.755256 0.114859 0.304547
0 0.116872 0.451456 0.071195 0.229615
2 0.352345 0.375298 0.150974 0.119898
0 0.835087 0.652754 0.076034 0.322649
1 0.926799 0.341956 0.035426 0.064332
1 0.878878 0.152833 0.011633 0.041033
1 0.865204 0.145539 0.010873 0.037677
2 0.752701 0.205759 0.077977 0.058115
1 0.959851 0.210749 0.022962 0.040187
1 0.961122 0.249224 0.02513 0.043375
0 0.95877 0.32386 0.035135 0.224726
