0 0.976463 0.23957 0.032678 0.162246
0 0.86056 0.581229 0.112297 0.321772
0 0.190348 0.892431 0.151386 0.217781
0 0.100301 0.755256 0.114859 0.304547
0 0.117188 0.448096 0.071825 0.222894
1 0.16848 0.44057 0.054926 0.125938
0 0.842049 0.647245 0.078755 0.296819
1 0.938474 0.295024 0.035426 0.064332
1 0.906075 0.159113 0.013134 0.042167
1 0.885988 0.154011 0.01221 0.037522
2 0.5795 0.319948 0.098632 0.083094
1 0.965109 0.202807 0.022962 0.040187
1 0.964614 0.226694 0.023055 0.037288
0 0.0747 0.549262 0.062423 0.326161
0 0.232235 0.556018 0.079182 0.454401
