0 0.961789 0.309721 0.047667 0.142665
0 0.867746 0.5625 0.09933 0.319444
0 0.19604 0.889563 0.128232 0.219485
0 0.100301 0.755256 0.114859 0.304547
0 0.08411 0.646909 0.100176 0.275538
0 0.129195 0.450198 0.083092 0.22317
2 0.817887 0.12312 0.034378 0.029351
1 0.933587 0.277049 0.029977 0.053292
1 0.901373 0.391266 0.052449 0.072415
1 0.881423 0.166922 0.017647 0.037034
2 0.848041 0.175617 0.034704 0.029932
1 0.262412 0.564023 0.058594 0.141129
2 0.552753 0.557167 0.173475 0.148121
2 0.72408 0.387115 0.12442 0.114122
0 0.960868 0.363174 0.045538 0.245875
