0 0.96683 0.287836 0.038508 0.215995
0 0.871652 0.566245 0.110275 0.320377
0 0.192795 0.891848 0.141904 0.219485
0 0.100301 0.755256 0.114859 0.304547
0 0.126008 0.449216 0.089466 0.225134
1 0.635018 0.202269 0.066727 0.058182
1 0.683731 0.853758 0.091711 0.202342
1 0.9038 0.378891 0.035426 0.064332
1 0.880923 0.169263 0.014818 0.045664
2 0.88331 0.142669 0.017073 0.017018
2 0.800556 0.18446 0.052539 0.048339
1 0.958542 0.20433 0.024227 0.03963
1 0.959017 0.256427 0.02513 0.043375
0 0.928863 0.357527 0.051774 0.117297
0 0.144899 0.234149 0.020181 0.077312
