0 0.420785 0.09661 0.024749 0.10462
0 0.216267 0.113775 0.015298 0.056655
0 0.19974 0.121232 0.014979 0.054618
0 0.178259 0.129018 0.013682 0.054639
0 0.16142 0.136064 0.012533 0.046676
0 0.149751 0.141257 0.011836 0.046687
0 0.143968 0.145409 0.012252 0.049882
0 0.132888 0.151099 0.014562 0.05423
0 0.093254 0.168999 0.01193 0.048946
0 0.080833 0.171898 0.015052 0.049815
1 0.926452 0.485445 0.051818 0.097951
1 0.219885 0.157015 0.010246 0.034584
1 0.230316 0.151739 0.010066 0.036718
1 0.234272 0.153347 0.010902 0.040473
1 0.253504 0.151207 0.012815 0.040978
2 0.220932 0.239651 0.038084 0.032273
2 0.180924 0.206628 0.02048 0.021848
2 0.490104 0.476701 0.163889 0.162339
2 0.152122 0.182076 0.017817 0.022045
1 0.165996 0.172111 0.011785 0.032062
1 0.089888 0.206422 0.02243 0.026291
1 0.695174 0.797231 0.072797 0.192978
0 0.233639 0.099556 0.017054 0.073164
0 0.120358 0.15352 0.013131 0.05567
