0 0.38303 0.101429 0.023873 0.058887
0 0.217439 0.11571 0.016898 0.056825
0 0.198744 0.122999 0.014839 0.052472
0 0.178782 0.128455 0.015503 0.056292
0 0.161704 0.136895 0.015134 0.048882
0 0.148416 0.145782 0.011271 0.044526
0 0.143455 0.148128 0.011779 0.046658
0 0.132271 0.151183 0.015503 0.055414
0 0.119507 0.157868 0.015467 0.055726
0 0.092978 0.169797 0.012006 0.050019
0 0.081107 0.173141 0.012515 0.05082
1 0.296221 0.131248 0.011935 0.027791
1 0.211498 0.15404 0.007801 0.024943
1 0.224779 0.148626 0.008095 0.027955
1 0.356666 0.190254 0.040587 0.055789
1 0.153868 0.176595 0.006782 0.027069
1 0.165087 0.170823 0.007719 0.028933
1 0.480281 0.510028 0.103673 0.100315
2 0.119448 0.265743 0.015792 0.025681
1 0.088341 0.209465 0.00996 0.023683
0 0.120779 0.158042 0.013735 0.053091
0 0.334499 0.078598 0.013664 0.074588
