0 0.356147 0.085556 0.018405 0.086242
0 0.216267 0.113775 0.015298 0.056655
0 0.19974 0.121232 0.014979 0.054618
0 0.178259 0.129018 0.013682 0.054639
0 0.16142 0.136064 0.012533 0.046676
0 0.149751 0.141257 0.011836 0.046687
0 0.143686 0.147408 0.012252 0.049882
0 0.132888 0.151099 0.014562 0.05423
0 0.093254 0.168999 0.01193 0.048946
0 0.082567 0.17285 0.011585 0.04791
1 0.879013 0.452068 0.036718 0.090165
1 0.226325 0.14744 0.006933 0.028958
2 0.265353 0.15288 0.023643 0.021185
1 0.306289 0.173071 0.035234 0.027139
2 0.419873 0.225165 0.04672 0.043622
1 0.173289 0.180369 0.009493 0.030296
1 0.164564 0.174621 0.008144 0.028545
1 0.150723 0.179037 0.017431 0.017493
1 0.174771 0.168986 0.008743 0.028632
1 0.189566 0.16015 0.008542 0.028931
1 0.09511 0.205267 0.017593 0.020022
1 0.675587 0.76623 0.121335 0.178159
0 0.234669 0.099284 0.018943 0.074103
0 0.120468 0.153637 0.013713 0.055904
