0 0.376437 0.089426 0.01732 0.084513
0 0.217894 0.116281 0.016322 0.053668
0 0.199651 0.121869 0.014918 0.050608
0 0.178935 0.131085 0.013679 0.054423
0 0.163118 0.136181 0.015093 0.048843
0 0.149311 0.14344 0.008155 0.046845
0 0.143379 0.148214 0.011249 0.044415
0 0.13242 0.151088 0.0155 0.056088
0 0.093131 0.168011 0.012143 0.047247
0 0.081054 0.174621 0.011324 0.050317
2 0.387112 0.151878 0.026697 0.033973
1 0.231567 0.141246 0.008802 0.0263
1 0.239381 0.135248 0.010012 0.023463
2 0.222875 0.154098 0.018201 0.027412
1 0.250114 0.138215 0.01115 0.024811
2 0.326307 0.249641 0.053206 0.056274
2 0.481666 0.361492 0.082535 0.101927
2 0.219072 0.186547 0.030233 0.037148
1 0.682019 0.596707 0.082535 0.15793
2 0.3125 0.328963 0.072064 0.056873
1 0.095843 0.210073 0.01945 0.029046
1 0.269813 0.385978 0.05663 0.078411
0 0.065297 0.195255 0.017837 0.096983
0 0.119458 0.155478 0.010924 0.048828
