0 0.380283 0.100132 0.033534 0.062893
0 0.216387 0.116022 0.016898 0.056825
0 0.198744 0.122999 0.014839 0.052472
0 0.178782 0.128455 0.015503 0.056292
0 0.161704 0.136895 0.015134 0.048882
0 0.148416 0.145782 0.011271 0.044526
0 0.143455 0.148128 0.011779 0.046658
0 0.132271 0.151183 0.015503 0.055414
0 0.120081 0.157786 0.01432 0.055889
0 0.092832 0.169797 0.012006 0.050019
0 0.081107 0.173141 0.012515 0.05082
1 0.29242 0.125595 0.007765 0.023459
1 0.217166 0.155184 0.007801 0.024943
1 0.219766 0.147607 0.008095 0.027955
1 0.236249 0.142514 0.007826 0.028244
2 0.319119 0.181398 0.041286 0.029471
2 0.176054 0.204338 0.027094 0.028686
1 0.147194 0.177864 0.008813 0.028519
1 0.161865 0.170967 0.007719 0.028933
2 0.223722 0.203822 0.037203 0.043287
2 0.623977 0.614647 0.206203 0.193662
2 0.123909 0.287982 0.017719 0.023864
1 0.088341 0.209465 0.00996 0.023683
0 0.119727 0.157164 0.015839 0.054847
0 0.30014 0.08221 0.015186 0.067498
