0 0.410605 0.094697 0.021283 0.098977
0 0.216267 0.113775 0.015298 0.056655
0 0.19974 0.121232 0.014979 0.054618
0 0.178259 0.129018 0.013682 0.054639
0 0.16142 0.136064 0.012533 0.046676
0 0.149751 0.141257 0.011836 0.046687
0 0.143686 0.147408 0.012252 0.049882
0 0.132888 0.151099 0.014562 0.05423
0 0.093254 0.168999 0.01193 0.048946
0 0.081159 0.172477 0.014401 0.048657
1 0.92265 0.488645 0.054002 0.104346
1 0.213541 0.161235 0.010246 0.034584
1 0.22814 0.153781 0.010066 0.036718
1 0.2392 0.151105 0.010902 0.040473
1 0.255766 0.145016 0.019327 0.031674
2 0.196054 0.213346 0.029388 0.030297
1 0.172978 0.19319 0.018837 0.021326
2 0.403991 0.398314 0.112526 0.101641
1 0.15961 0.169387 0.008743 0.028632
1 0.170702 0.16852 0.008542 0.028931
1 0.089888 0.206422 0.02243 0.026291
1 0.688039 0.803696 0.093463 0.178824
0 0.234995 0.098648 0.016966 0.070477
0 0.120468 0.153637 0.013713 0.055904
