0 0.366075 0.088781 0.026835 0.090956
0 0.217894 0.116281 0.016322 0.053668
0 0.199651 0.121869 0.014918 0.050608
0 0.178935 0.131085 0.013679 0.054423
0 0.163118 0.136181 0.015093 0.048843
0 0.149311 0.14344 0.008155 0.046845
0 0.143379 0.148214 0.011249 0.044415
0 0.13242 0.151088 0.0155 0.056088
0 0.093131 0.168011 0.012143 0.047247
0 0.081054 0.174621 0.011324 0.050317
2 0.42504 0.17107 0.054142 0.045932
1 0.231567 0.141246 0.008802 0.0263
1 0.239381 0.135248 0.010012 0.023463
1 0.221936 0.146373 0.00986 0.023058
1 0.250114 0.138215 0.01115 0.024811
2 0.390742 0.310213 0.062921 0.066534
2 0.590424 0.461242 0.092378 0.10792
2 0.230908 0.193951 0.036982 0.038626
2 0.567726 0.533502 0.114548 0.121059
2 0.24918 0.269098 0.046108 0.041301
1 0.095843 0.210073 0.01945 0.029046
1 0.27712 0.393044 0.054111 0.10189
0 0.065297 0.195255 0.017837 0.096983
0 0.119458 0.155478 0.010924 0.048828
