0 0.380411 0.100448 0.033534 0.06344
0 0.216748 0.116642 0.016898 0.056825
0 0.198744 0.122999 0.014839 0.052472
0 0.179373 0.128714 0.01432 0.055773
0 0.161562 0.136501 0.015417 0.049669
0 0.148416 0.145782 0.011271 0.044526
0 0.143455 0.148128 0.011779 0.046658
0 0.132271 0.151183 0.015503 0.055414
0 0.119408 0.158264 0.015666 0.054932
0 0.092832 0.169797 0.012006 0.050019
0 0.081107 0.173141 0.012515 0.05082
1 0.295485 0.125805 0.008598 0.028499
1 0.216505 0.156178 0.007624 0.02401
1 0.217168 0.145614 0.008734 0.028516
1 0.230874 0.14766 0.008164 0.032061
2 0.290199 0.168581 0.025706 0.028648
2 0.204322 0.23765 0.039612 0.038393
2 0.150882 0.187534 0.01782 0.020591
1 0.152677 0.175971 0.007719 0.028933
1 0.760446 0.685178 0.054543 0.161102
2 0.133115 0.302709 0.024156 0.037979
2 0.093003 0.203556 0.012977 0.015147
0 0.120779 0.158042 0.013735 0.053091
0 0.260795 0.09014 0.014906 0.070967
