0 0.383794 0.103354 0.022346 0.055037
0 0.216452 0.116354 0.020443 0.057587
0 0.198744 0.122999 0.014839 0.052472
0 0.178782 0.128455 0.015503 0.056292
0 0.161704 0.136895 0.015134 0.048882
0 0.148416 0.145782 0.011271 0.044526
0 0.143455 0.148128 0.011779 0.046658
0 0.132271 0.151183 0.015503 0.055414
0 0.120081 0.157786 0.01432 0.055889
0 0.092978 0.169797 0.012006 0.050019
0 0.081107 0.173141 0.012515 0.05082
1 0.295862 0.124886 0.007877 0.024577
2 0.206736 0.154968 0.009287 0.025779
1 0.229029 0.145307 0.008095 0.027955
2 0.278488 0.160999 0.028645 0.017925
2 0.418565 0.223858 0.039708 0.043297
1 0.158771 0.16975 0.007775 0.029414
1 0.170514 0.169223 0.00558 0.024168
1 0.272017 0.223831 0.027088 0.046285
2 0.391586 0.40834 0.063356 0.058012
2 0.11581 0.249099 0.019224 0.019154
2 0.093947 0.206899 0.015553 0.017151
0 0.120779 0.158042 0.013735 0.053091
0 0.339426 0.076875 0.012699 0.077732
