0 0.379199 0.08373 0.015275 0.088485
0 0.216626 0.115785 0.016898 0.056825
0 0.198744 0.122999 0.014839 0.052472
0 0.179373 0.128714 0.01432 0.055773
0 0.163227 0.136721 0.017954 0.050177
0 0.148416 0.145782 0.011271 0.044526
0 0.143455 0.148128 0.011779 0.046658
0 0.132271 0.151183 0.015503 0.055414
0 0.26076 0.093819 0.015426 0.072489
0 0.092832 0.169797 0.012006 0.050019
0 0.081107 0.173141 0.012515 0.05082
2 0.288311 0.14015 0.023825 0.0197
1 0.228895 0.144995 0.00775 0.026606
1 0.244991 0.150493 0.009185 0.029159
1 0.241938 0.137556 0.0077 0.023423
2 0.490517 0.351548 0.088678 0.072709
2 0.647071 0.571574 0.15117 0.112521
2 0.312378 0.319062 0.051429 0.065617
1 0.166369 0.167049 0.007129 0.023232
2 0.305983 0.237343 0.034872 0.045326
2 0.431593 0.884373 0.103012 0.155856
2 0.103081 0.213266 0.01499 0.018156
0 0.120779 0.158042 0.013735 0.053091
0 0.25222 0.096424 0.014216 0.071923
