0 0.383794 0.103354 0.022346 0.055037
0 0.217155 0.116284 0.019572 0.0563
0 0.198744 0.122999 0.014839 0.052472
0 0.178782 0.128455 0.015503 0.056292
0 0.161704 0.136895 0.015134 0.048882
0 0.148416 0.145782 0.011271 0.044526
0 0.143455 0.148128 0.011779 0.046658
0 0.132271 0.151183 0.015503 0.055414
0 0.119511 0.1577 0.015461 0.056062
0 0.092978 0.169797 0.012006 0.050019
0 0.081107 0.173141 0.012515 0.05082
1 0.297393 0.130334 0.014279 0.03162
1 0.20935 0.154284 0.007801 0.024943
1 0.224288 0.147189 0.008095 0.027955
2 0.251709 0.148778 0.021892 0.018558
2 0.374183 0.209521 0.052999 0.045029
1 0.153213 0.174722 0.006782 0.027069
1 0.164334 0.166329 0.00558 0.024168
1 0.255716 0.210449 0.017776 0.04951
2 0.457153 0.486934 0.105741 0.107106
2 0.117997 0.261294 0.020402 0.02623
1 0.088741 0.209465 0.00996 0.023683
0 0.120779 0.158042 0.013735 0.053091
0 0.337015 0.079304 0.013664 0.074588
