0 0.381751 0.082843 0.014385 0.086161
0 0.216267 0.113775 0.015298 0.056655
0 0.19974 0.121232 0.014979 0.054618
0 0.178259 0.129018 0.013682 0.054639
0 0.16142 0.136064 0.012533 0.046676
0 0.149751 0.141257 0.011836 0.046687
0 0.143686 0.147408 0.012252 0.049882
0 0.132888 0.151099 0.014562 0.05423
0 0.093254 0.168999 0.01193 0.048946
0 0.082567 0.17285 0.011585 0.04791
1 0.268513 0.134208 0.010285 0.027983
2 0.688019 0.431075 0.158941 0.152687
2 0.375557 0.234016 0.049061 0.036511
2 0.310616 0.186284 0.034519 0.036711
2 0.282552 0.185032 0.030807 0.031826
1 0.17062 0.169318 0.008013 0.026845
2 0.212419 0.181926 0.025407 0.023437
2 0.261405 0.228708 0.039786 0.034976
1 0.175956 0.169683 0.008279 0.028293
2 0.183127 0.168173 0.010022 0.029301
1 0.162498 0.32193 0.027924 0.061309
1 0.204941 0.299827 0.023585 0.069163
0 0.241194 0.09681 0.018935 0.077095
0 0.121589 0.156185 0.011472 0.050807
