0 0.371579 0.085742 0.018887 0.086897
0 0.217465 0.113775 0.015298 0.056655
0 0.20567 0.108817 0.013777 0.066949
0 0.178259 0.129018 0.013682 0.054639
0 0.161854 0.135356 0.013401 0.04526
0 0.149751 0.141257 0.011836 0.046687
0 0.143968 0.145409 0.012252 0.049882
0 0.132888 0.151099 0.014562 0.05423
0 0.091974 0.165269 0.014154 0.04432
0 0.08148 0.167406 0.01408 0.045898
2 0.529879 0.22188 0.067237 0.055649
1 0.223829 0.153349 0.009133 0.034147
1 0.24163 0.149679 0.010066 0.036718
1 0.215087 0.155939 0.00908 0.03251
1 0.250956 0.146245 0.009885 0.037724
2 0.722448 0.677822 0.113447 0.13815
2 0.409354 0.42676 0.093182 0.085818
2 0.359519 0.272426 0.067953 0.054754
2 0.26393 0.275503 0.064764 0.058496
2 0.191426 0.204396 0.032301 0.028869
1 0.094063 0.206111 0.024375 0.026667
1 0.357373 0.46313 0.095594 0.115406
0 0.068621 0.168289 0.013476 0.072713
0 0.11967 0.153301 0.014566 0.049423
