0 0.38727 0.099693 0.026361 0.067314
0 0.216267 0.113775 0.015298 0.056655
0 0.19974 0.121232 0.014979 0.054618
0 0.178259 0.129018 0.013682 0.054639
0 0.16142 0.136064 0.012533 0.046676
0 0.149751 0.141257 0.011836 0.046687
0 0.143686 0.147408 0.012252 0.049882
0 0.132888 0.151099 0.014562 0.05423
0 0.093254 0.168999 0.01193 0.048946
0 0.082567 0.17285 0.011585 0.04791
2 0.666456 0.307158 0.094253 0.066602
2 0.278204 0.165566 0.026328 0.026336
2 0.325653 0.183241 0.03399 0.028746
2 0.455397 0.240023 0.076228 0.056537
2 0.687152 0.386806 0.129186 0.109958
1 0.174264 0.174916 0.009493 0.030296
1 0.167222 0.184084 0.008144 0.028545
1 0.158874 0.172781 0.009294 0.026901
1 0.182579 0.169951 0.008743 0.028632
1 0.190293 0.161207 0.008542 0.028931
1 0.128276 0.191144 0.01877 0.023764
1 0.55097 0.620027 0.111517 0.132168
0 0.230199 0.100599 0.018211 0.073883
0 0.120468 0.153637 0.013713 0.055904
