0 0.401085 0.092884 0.019243 0.0969
0 0.216267 0.113775 0.015298 0.056655
0 0.19974 0.121232 0.014979 0.054618
0 0.178259 0.129018 0.013682 0.054639
0 0.16142 0.136064 0.012533 0.046676
0 0.149751 0.141257 0.011836 0.046687
0 0.143686 0.147408 0.012252 0.049882
0 0.132888 0.151099 0.014562 0.05423
0 0.093254 0.168999 0.01193 0.048946
0 0.080833 0.171319 0.015052 0.050972
1 0.914636 0.488386 0.033435 0.090789
1 0.208449 0.158873 0.010246 0.034584
1 0.226061 0.146968 0.010066 0.036718
1 0.239533 0.147733 0.012577 0.038514
1 0.257154 0.14133 0.020431 0.022086
2 0.194997 0.210558 0.02601 0.026837
2 0.165266 0.181151 0.015361 0.018522
2 0.330678 0.337647 0.073335 0.078072
1 0.161225 0.169825 0.008743 0.028632
1 0.171573 0.16621 0.008542 0.028931
1 0.089888 0.206422 0.02243 0.026291
2 0.708393 0.800568 0.07033 0.163702
0 0.233731 0.099705 0.016694 0.071032
0 0.120468 0.153637 0.013713 0.055904
