0 0.383794 0.103354 0.022346 0.055037
0 0.217245 0.117316 0.016898 0.056825
0 0.198744 0.122999 0.014839 0.052472
0 0.178782 0.128455 0.015503 0.056292
0 0.161704 0.136895 0.015134 0.048882
0 0.148416 0.145782 0.011271 0.044526
0 0.143455 0.148128 0.011779 0.046658
0 0.132271 0.151183 0.015503 0.055414
0 0.120081 0.157786 0.01432 0.055889
0 0.092978 0.169797 0.012006 0.050019
0 0.081107 0.173141 0.012515 0.05082
2 0.289546 0.1275 0.011039 0.028837
2 0.24004 0.153144 0.013718 0.031587
2 0.266648 0.154851 0.031255 0.020238
1 0.385692 0.200781 0.036308 0.050005
2 0.652518 0.366663 0.115748 0.094624
2 0.147563 0.184458 0.011778 0.020328
1 0.165975 0.170325 0.008012 0.027193
2 0.342471 0.264413 0.049433 0.081574
2 0.291286 0.302568 0.051643 0.060818
2 0.100403 0.215953 0.011733 0.026601
0 0.120779 0.158042 0.013735 0.053091
