0 0.379946 0.083183 0.015737 0.086431
0 0.214286 0.117919 0.016898 0.056825
0 0.198744 0.122999 0.014839 0.052472
0 0.179373 0.128714 0.01432 0.055773
0 0.162203 0.137421 0.016697 0.051509
0 0.148416 0.145782 0.011271 0.044526
0 0.143455 0.147481 0.011779 0.046658
0 0.132271 0.151183 0.015503 0.055414
0 0.344772 0.077336 0.013803 0.0802
0 0.092832 0.169797 0.012006 0.050019
0 0.081107 0.173141 0.012515 0.05082
1 0.286348 0.146127 0.009517 0.029297
1 0.266083 0.179472 0.012402 0.041656
1 0.229597 0.145387 0.006337 0.022897
1 0.2505 0.143954 0.00527 0.025507
1 0.245567 0.140554 0.005706 0.020078
2 0.340326 0.257264 0.04177 0.053201
2 0.59203 0.43777 0.089297 0.097399
2 0.420939 0.42561 0.075637 0.095883
1 0.165304 0.169035 0.007167 0.026003
2 0.262153 0.211699 0.030039 0.03311
2 0.465212 0.912557 0.113584 0.176966
2 0.121457 0.214818 0.022391 0.015942
0 0.120779 0.158042 0.013735 0.053091
0 0.241135 0.095311 0.01761 0.07573
