0 0.349532 0.085266 0.016246 0.082187
0 0.260671 0.103003 0.013748 0.046943
0 0.24725 0.108822 0.013966 0.044615
0 0.233175 0.114836 0.012002 0.044227
0 0.213106 0.117114 0.012083 0.050024
0 0.183546 0.128785 0.019371 0.050376
0 0.164895 0.135901 0.012807 0.049806
0 0.121247 0.15508 0.012948 0.046816
0 0.101552 0.167174 0.005815 0.032772
0 0.106642 0.162831 0.008755 0.046714
0 0.09339 0.169738 0.011421 0.040629
0 0.095661 0.185759 0.010401 0.03397
0 0.071816 0.184433 0.016121 0.054505
2 0.389262 0.15773 0.044513 0.037683
2 0.580638 0.234173 0.049358 0.037683
1 0.248168 0.141395 0.009866 0.021478
2 0.441639 0.248497 0.05597 0.038868
2 0.300257 0.189158 0.032066 0.031095
2 0.236212 0.148669 0.011295 0.01938
2 0.242522 0.169155 0.020471 0.019682
1 0.173611 0.163272 0.009375 0.023457
2 0.199541 0.166452 0.018524 0.020762
2 0.167022 0.178086 0.01188 0.020404
1 0.198836 0.180591 0.019934 0.026847
1 0.177593 0.192225 0.017316 0.027921
2 0.286903 0.221705 0.031784 0.031919
1 0.129348 0.182455 0.008844 0.028826
1 0.094155 0.23978 0.010687 0.037343
1 0.142983 0.248624 0.029113 0.04717
2 0.151091 0.265494 0.014741 0.021292
1 0.309882 0.624642 0.068863 0.16681
1 0.242228 0.596721 0.086582 0.083763
1 0.376933 0.771406 0.078125 0.251289
2 0.627325 0.720486 0.16369 0.144676
