0 0.377306 0.087177 0.01541 0.082611
0 0.262173 0.10307 0.013235 0.047523
0 0.248506 0.108376 0.013966 0.044615
0 0.233559 0.112875 0.011681 0.046668
0 0.213106 0.117114 0.012083 0.050024
0 0.183546 0.128785 0.019371 0.050376
0 0.164895 0.135901 0.012807 0.049806
0 0.121247 0.15508 0.012948 0.046816
0 0.100329 0.170378 0.005738 0.029997
0 0.097674 0.177347 0.01234 0.033276
0 0.093179 0.169122 0.011 0.039396
0 0.094785 0.185493 0.010155 0.036116
0 0.073014 0.184516 0.015173 0.05567
1 0.278613 0.127778 0.017383 0.021528
2 0.424902 0.169618 0.04668 0.035069
2 0.647698 0.370683 0.09748 0.063188
2 0.423458 0.250838 0.063645 0.044301
2 0.298907 0.192757 0.03933 0.029966
2 0.265535 0.168206 0.029353 0.020472
2 0.233206 0.150529 0.022499 0.015251
1 0.159239 0.169005 0.010762 0.026219
2 0.198268 0.174982 0.023386 0.020102
2 0.177323 0.183434 0.021073 0.019645
2 0.222425 0.183205 0.01876 0.020102
2 0.199296 0.199196 0.023386 0.02193
2 0.244834 0.189549 0.024334 0.035291
1 0.125952 0.178953 0.010851 0.033832
1 0.092188 0.229938 0.009722 0.033333
1 0.155035 0.266204 0.023958 0.057099
2 0.160764 0.284259 0.017014 0.02716
1 0.325707 0.630622 0.079241 0.187169
1 0.25465 0.605489 0.111979 0.094577
1 0.35026 0.701058 0.12314 0.133598
2 0.678304 0.789207 0.071615 0.146123
