0 0.235409 0.114175 0.017233 0.047794
0 0.210996 0.122753 0.015048 0.051062
0 0.180461 0.132221 0.013036 0.052841
0 0.155512 0.142947 0.015712 0.05423
0 0.117452 0.153555 0.011895 0.067083
0 0.730962 0.851078 0.163076 0.296455
1 0.270513 0.133133 0.012533 0.027109
1 0.296102 0.134618 0.012325 0.027109
1 0.245342 0.138518 0.01316 0.036393
1 0.214635 0.147802 0.016502 0.034165
1 0.231137 0.149844 0.01316 0.038993
2 0.264018 0.151448 0.026596 0.029058
2 0.337328 0.190972 0.036414 0.032368
1 0.182991 0.156575 0.016976 0.028232
2 0.296754 0.23525 0.047844 0.0323
1 0.338087 0.282892 0.027556 0.060831
1 0.721524 0.612554 0.114923 0.135601
1 0.096875 0.204514 0.020703 0.022222
1 0.156055 0.265625 0.025 0.036806
