0 0.235409 0.114175 0.017233 0.047794
0 0.210248 0.12357 0.016544 0.049428
0 0.181526 0.132149 0.015165 0.052696
0 0.153722 0.140523 0.018382 0.055556
0 0.119238 0.151042 0.009961 0.070833
0 0.730962 0.851078 0.163076 0.296455
1 0.271913 0.131267 0.013338 0.025407
1 0.292397 0.133299 0.014672 0.022019
1 0.238513 0.140654 0.015228 0.024129
1 0.216995 0.149629 0.018869 0.028543
2 0.235534 0.157868 0.016552 0.030897
1 0.30022 0.164255 0.019414 0.031603
2 0.405244 0.217066 0.049354 0.037425
1 0.1829 0.16128 0.013873 0.035047
2 0.395296 0.280042 0.055197 0.081019
2 0.34944 0.353512 0.072181 0.07498
2 0.512211 0.473911 0.135487 0.105731
1 0.094811 0.207414 0.010606 0.029433
2 0.184059 0.304222 0.026128 0.048289
