0 0.235409 0.110703 0.015395 0.050654
0 0.205118 0.10979 0.015498 0.073943
0 0.181411 0.131944 0.018153 0.050654
0 0.094549 0.176176 0.016868 0.05011
0 0.101873 0.333018 0.041726 0.250947
0 0.74299 0.851408 0.158926 0.294901
1 0.278033 0.128881 0.013327 0.02165
2 0.475371 0.200388 0.041711 0.030014
1 0.694264 0.439815 0.094401 0.120885
1 0.826823 0.540123 0.074508 0.106739
2 0.897941 0.533781 0.036083 0.084746
1 0.779098 0.440207 0.110236 0.118879
1 0.183837 0.153409 0.012727 0.022693
1 0.167391 0.164126 0.011562 0.0215
2 0.153986 0.183592 0.01685 0.019654
2 0.205536 0.187267 0.026425 0.02451
2 0.23472 0.184028 0.027344 0.029003
1 0.167716 0.173049 0.009963 0.025585
1 0.181712 0.165739 0.01455 0.019962
1 0.09194 0.203083 0.012005 0.027439
2 0.190298 0.388514 0.044341 0.070383
2 0.464594 0.297725 0.055962 0.032998
