0 0.260723 0.093013 0.013568 0.070209
0 0.24053 0.109873 0.013015 0.048264
0 0.217727 0.115015 0.014366 0.049357
0 0.194417 0.121428 0.01302 0.049788
0 0.176387 0.130478 0.014232 0.056658
0 0.131193 0.151592 0.014291 0.047764
0 0.0655 0.192151 0.014488 0.062128
0 0.060487 0.213825 0.018535 0.073342
2 0.0999 0.208767 0.015045 0.023307
1 0.147279 0.209189 0.016099 0.047423
1 0.132573 0.215704 0.013819 0.030464
1 0.447998 0.705853 0.078706 0.277447
1 0.435773 0.628554 0.066026 0.127486
1 0.149589 0.181169 0.01107 0.033457
2 0.195005 0.167054 0.015131 0.026631
1 0.216018 0.186262 0.017552 0.025799
2 0.195123 0.193383 0.018068 0.02597
1 0.250272 0.218357 0.02201 0.034329
2 0.313229 0.137834 0.025548 0.02234
