1 0.260817 0.302624 0.033388 0.060226
1 0.286504 0.23351 0.01785 0.04461
1 0.311503 0.256437 0.029467 0.04726
1 0.260314 0.253896 0.027535 0.069893
2 0.257024 0.240372 0.017927 0.052795
0 0.201303 0.125734 0.011981 0.044208
0 0.187913 0.128776 0.015001 0.048862
0 0.171562 0.134254 0.011472 0.048038
0 0.160706 0.135181 0.010998 0.045847
0 0.164783 0.13004 0.011567 0.071973
0 0.179005 0.121528 0.012136 0.074838
0 0.447028 0.117188 0.035932 0.060764
0 0.108501 0.161512 0.010734 0.050755
0 0.08991 0.171152 0.012504 0.051542
0 0.059884 0.249786 0.027189 0.074951
2 0.120932 0.204588 0.012059 0.018043
1 0.13138 0.195339 0.011509 0.027762
1 0.104744 0.215728 0.011753 0.0306
1 0.135776 0.240885 0.020894 0.059674
1 0.156594 0.235712 0.016441 0.038083
1 0.17543 0.251543 0.015533 0.031673
1 0.215542 0.150897 0.011916 0.032165
1 0.241899 0.146 0.011871 0.036236
0 0.073847 0.174472 0.010492 0.074036
1 0.99248 0.690451 0.014258 0.045486
1 0.27465 0.131345 0.011507 0.02809
1 0.564843 0.460741 0.059146 0.10242
