0 0.270733 0.08795 0.010492 0.043373
0 0.260363 0.094984 0.010976 0.071166
0 0.26004 0.10718 0.009039 0.043905
0 0.237714 0.10936 0.011685 0.045406
0 0.217515 0.115889 0.013689 0.048374
0 0.196951 0.122693 0.017958 0.050103
0 0.179145 0.138907 0.015641 0.048041
0 0.089749 0.162375 0.01477 0.073349
0 0.072753 0.193299 0.011135 0.094431
1 0.137432 0.219536 0.016928 0.021102
1 0.156627 0.251517 0.020896 0.057541
1 0.14528 0.250477 0.013729 0.0326
1 0.109684 0.260124 0.014693 0.038096
1 0.15884 0.182045 0.014977 0.016639
2 0.181759 0.180107 0.017476 0.020047
1 0.256585 0.209731 0.026602 0.043921
1 0.277997 0.313956 0.051733 0.053045
1 0.383629 0.417185 0.087453 0.09743
1 0.378415 0.413926 0.064649 0.152662
2 0.392104 0.286561 0.044266 0.046695
1 0.865274 0.545184 0.07277 0.141018
2 0.340449 0.15137 0.019947 0.022685
