0 0.253223 0.105556 0.013477 0.047222
0 0.238477 0.112847 0.014453 0.048611
0 0.216992 0.117708 0.012891 0.049306
0 0.194968 0.121936 0.013557 0.051879
0 0.12454 0.15482 0.015625 0.052288
0 0.093061 0.167484 0.015165 0.050654
0 0.076981 0.195549 0.01569 0.047071
0 0.059433 0.224745 0.012054 0.105523
0 0.063629 0.230577 0.015564 0.11773
0 0.180588 0.135634 0.018158 0.050998
1 0.099768 0.203775 0.007692 0.012334
1 0.145768 0.207127 0.013725 0.021718
1 0.159643 0.232599 0.02579 0.044241
1 0.120883 0.249625 0.014026 0.017696
1 0.142299 0.273086 0.015233 0.043168
1 0.131666 0.309014 0.024735 0.085532
1 0.12503 0.298289 0.013272 0.042632
1 0.331652 0.593649 0.064851 0.127427
1 0.148366 0.177752 0.007884 0.022936
1 0.157206 0.172549 0.008362 0.019326
1 0.168136 0.169364 0.007048 0.021024
1 0.141796 0.185079 0.008123 0.025697
1 0.596999 0.61148 0.102323 0.10939
1 0.806669 0.678871 0.041648 0.122038
1 0.837402 0.637255 0.059455 0.1154
2 0.26079 0.154542 0.016329 0.019923
2 0.360528 0.236794 0.032018 0.033015
1 0.279197 0.129095 0.007512 0.021961
1 0.29806 0.125386 0.011852 0.025226
2 0.828957 0.395321 0.091573 0.072291
1 0.881468 0.456796 0.032659 0.071152
