0 0.252263 0.106438 0.012412 0.049325
0 0.239547 0.111414 0.015211 0.049758
0 0.195408 0.124626 0.014517 0.050937
0 0.131529 0.149208 0.017209 0.058518
0 0.130299 0.151151 0.009014 0.047834
0 0.09272 0.167506 0.016884 0.053164
0 0.180718 0.132784 0.017457 0.05291
0 0.071828 0.18578 0.012595 0.065226
0 0.059415 0.211416 0.016246 0.095729
0 0.063522 0.240622 0.02519 0.073014
1 0.114279 0.210906 0.012674 0.033025
1 0.099303 0.208531 0.011806 0.030247
1 0.117999 0.190465 0.014063 0.025
1 0.10254 0.232051 0.013542 0.018827
1 0.153746 0.21838 0.019444 0.031481
2 0.093594 0.217618 0.008519 0.014591
1 0.202665 0.31261 0.035376 0.090643
1 0.211584 0.297002 0.024734 0.043971
1 0.182948 0.31442 0.026025 0.050582
2 0.166132 0.190044 0.01337 0.032858
1 0.190361 0.190507 0.016659 0.033401
2 0.216154 0.187592 0.022258 0.034344
2 0.239396 0.266329 0.03369 0.035662
2 0.245966 0.206829 0.027495 0.034539
1 0.5448 0.526283 0.068124 0.156747
2 0.235109 0.152419 0.016505 0.016628
1 0.277703 0.156962 0.030351 0.032594
1 0.268215 0.136747 0.011004 0.033581
1 0.302019 0.129638 0.013111 0.033856
1 0.279431 0.135559 0.011187 0.034559
