0 0.252263 0.106438 0.012412 0.049325
0 0.239547 0.111414 0.015211 0.049758
0 0.195408 0.124626 0.014517 0.050937
0 0.131529 0.149208 0.017209 0.058518
0 0.130299 0.151151 0.009014 0.047834
0 0.09272 0.167506 0.016884 0.053164
0 0.180718 0.132784 0.017457 0.05291
0 0.071828 0.18578 0.012595 0.065226
0 0.059415 0.211416 0.016246 0.095729
0 0.063522 0.240622 0.02519 0.073014
1 0.100608 0.206636 0.012674 0.033025
1 0.087847 0.207716 0.011806 0.030247
1 0.098645 0.230829 0.013542 0.018827
1 0.157639 0.226852 0.019444 0.031481
2 0.093708 0.220061 0.008519 0.014591
1 0.211006 0.333879 0.031045 0.092795
1 0.21655 0.315533 0.024734 0.043971
1 0.191219 0.33585 0.018081 0.050643
2 0.160838 0.173029 0.01337 0.032858
1 0.212823 0.20514 0.018409 0.040709
2 0.247171 0.201948 0.020654 0.025543
2 0.20519 0.235073 0.020205 0.030332
2 0.290018 0.246341 0.031356 0.03868
1 0.754873 0.758877 0.060809 0.160367
2 0.235109 0.152419 0.016505 0.016628
1 0.317176 0.17247 0.030993 0.035211
1 0.265918 0.137096 0.011004 0.033581
1 0.295811 0.131227 0.010637 0.032277
1 0.283799 0.139215 0.011187 0.034559
