0 0.327747 0.096474 0.015792 0.05201
0 0.247174 0.096511 0.01522 0.076172
0 0.183023 0.137523 0.015801 0.047207
0 0.140417 0.139369 0.012977 0.071112
0 0.111378 0.163911 0.008559 0.052278
0 0.112761 0.160985 0.015581 0.055009
0 0.060315 0.245269 0.026773 0.078808
0 0.058035 0.250694 0.023022 0.126857
1 0.122525 0.208603 0.018737 0.030507
1 0.155947 0.225876 0.018989 0.02864
1 0.145627 0.1746 0.011421 0.025306
1 0.168304 0.166896 0.01109 0.022069
1 0.16037 0.168028 0.013892 0.027101
1 0.312799 0.241833 0.016627 0.034707
1 0.698057 0.788439 0.084576 0.18544
2 0.822904 0.674271 0.052306 0.095378
1 0.188717 0.159968 0.007369 0.012621
1 0.246279 0.135875 0.010568 0.020464
1 0.204335 0.152876 0.01107 0.018179
2 0.257041 0.160851 0.017596 0.01771
1 0.229065 0.164657 0.009195 0.015587
2 0.91128 0.521438 0.042312 0.066521
1 0.270207 0.126045 0.014689 0.026113
1 0.105137 0.19411 0.010927 0.019732
1 0.220497 0.143674 0.010796 0.020581
