0 0.26665 0.10195 0.01967 0.063042
0 0.215121 0.110077 0.014129 0.068459
0 0.182292 0.131747 0.018285 0.059594
0 0.062472 0.212273 0.024102 0.057132
0 0.192167 0.752852 0.092229 0.492908
0 0.920016 0.691056 0.097064 0.350694
0 0.962406 0.476796 0.04445 0.250239
1 0.124672 0.214138 0.021335 0.033326
1 0.101487 0.231185 0.010721 0.022925
2 0.488196 0.357308 0.06453 0.090939
2 0.498621 0.253779 0.064338 0.078636
2 0.390625 0.200163 0.04136 0.036765
1 0.912312 0.459093 0.033393 0.063095
2 0.299255 0.130145 0.012357 0.015592
0 0.659543 0.846707 0.141851 0.305196
