0 0.174288 0.216708 0.030101 0.164624
0 0.038821 0.376157 0.036651 0.099023
0 0.040998 0.400702 0.040013 0.105661
0 0.048828 0.435164 0.059689 0.140187
0 0.042923 0.456234 0.074037 0.137274
0 0.056096 0.502059 0.05496 0.160287
0 0.057685 0.587452 0.077217 0.201066
0 0.127644 0.79335 0.106929 0.277778
0 0.159998 0.948723 0.07773 0.100309
0 0.239504 0.857534 0.155461 0.2406
0 0.243253 0.922419 0.082465 0.151515
0 0.502533 0.878051 0.10138 0.238689
0 0.616746 0.964796 0.072757 0.069019
2 0.698583 0.121393 0.052689 0.030685
2 0.758691 0.10955 0.047541 0.019918
1 0.170359 0.42727 0.025942 0.065705
1 0.201663 0.432856 0.030914 0.121847
1 0.238689 0.370654 0.04074 0.072427
2 0.56432 0.264631 0.081159 0.047869
2 0.677147 0.197209 0.051198 0.03034
1 0.246545 0.536422 0.119613 0.081991
2 0.476247 0.368617 0.105745 0.066639
2 0.582386 0.404391 0.098643 0.056818
1 0.646047 0.304418 0.083176 0.056873
2 0.728966 0.316352 0.070893 0.050965
2 0.806052 0.191248 0.051463 0.031966
1 0.356395 0.7374 0.07893 0.143184
1 0.905676 0.407475 0.032858 0.077206
1 0.876264 0.311887 0.041131 0.091912
2 0.884191 0.304534 0.02068 0.05433
1 0.963622 0.211334 0.013985 0.040295
1 0.973428 0.219193 0.008198 0.030864
1 0.976321 0.211763 0.006591 0.022291
2 0.933481 0.180613 0.012539 0.017718
