0 0.105699 0.383306 0.04902 0.149782
0 0.050743 0.462623 0.060126 0.166803
0 0.126762 0.716231 0.10723 0.25463
0 0.126953 0.820057 0.103784 0.172249
0 0.206407 0.955467 0.092655 0.087677
0 0.327819 0.825163 0.107996 0.347222
1 0.16813 0.390178 0.045506 0.060137
1 0.749229 0.111017 0.023119 0.0274
2 0.856947 0.130846 0.027366 0.016086
2 0.855364 0.150532 0.024974 0.018712
2 0.82717 0.160792 0.027775 0.020537
1 0.813718 0.142947 0.016234 0.027056
1 0.791142 0.12739 0.028409 0.030213
1 0.232599 0.53381 0.037484 0.099607
1 0.268703 0.61553 0.035511 0.086279
1 0.342093 0.656215 0.060764 0.202722
2 0.300466 0.604658 0.053267 0.103816
2 0.374448 0.578353 0.084438 0.174663
2 0.812767 0.193432 0.033162 0.026024
1 0.626363 0.788517 0.163517 0.213986
1 0.58571 0.735627 0.095839 0.316537
1 0.928653 0.21058 0.015855 0.033905
1 0.935432 0.177696 0.013787 0.027778
