0 0.026589 0.415328 0.042486 0.125977
0 0.046138 0.492134 0.061982 0.168651
0 0.112184 0.713097 0.128164 0.230142
0 0.113152 0.799185 0.077802 0.131428
0 0.162222 0.849977 0.188856 0.26056
0 0.176008 0.970344 0.05582 0.061462
0 0.101162 0.385458 0.049003 0.158068
0 0.148919 0.471866 0.070834 0.181153
2 0.120414 0.371075 0.034986 0.03442
2 0.142493 0.390097 0.054008 0.030193
1 0.169667 0.467391 0.027514 0.073671
1 0.165421 0.445652 0.033967 0.06401
1 0.177649 0.414855 0.027174 0.066425
2 0.32816 0.333771 0.086923 0.049424
2 0.403294 0.315315 0.078829 0.047548
1 0.396168 0.651598 0.058904 0.185185
1 0.290761 0.636166 0.067584 0.194004
2 0.337674 0.618441 0.087674 0.085648
2 0.501823 0.455556 0.115104 0.118519
2 0.841661 0.176303 0.024528 0.027455
1 0.460143 0.86629 0.061573 0.157721
1 0.505164 0.78331 0.084746 0.224812
1 0.783318 0.592729 0.064798 0.185458
1 0.7432 0.599794 0.105035 0.199588
