0 0.043315 0.452173 0.061429 0.137321
0 0.117188 0.734667 0.149288 0.179455
0 0.133818 0.851554 0.160891 0.250963
0 0.232844 0.974264 0.064781 0.050083
0 0.515356 0.912477 0.1021 0.173657
0 0.313204 0.803927 0.127152 0.304944
0 0.36756 0.680754 0.124256 0.247751
0 0.274554 0.635582 0.087054 0.232804
0 0.986665 0.278376 0.025593 0.089799
0 0.446146 0.118212 0.03599 0.087391
0 0.493329 0.104167 0.045207 0.089732
1 0.722222 0.520062 0.08941 0.098765
1 0.781684 0.435185 0.032986 0.08179
1 0.759766 0.415895 0.048177 0.151235
1 0.915092 0.36068 0.02907 0.059216
2 0.918423 0.336994 0.03876 0.052756
1 0.778373 0.333495 0.031189 0.058678
1 0.848474 0.284238 0.02907 0.073213
1 0.930574 0.187648 0.009973 0.025611
1 0.941517 0.187401 0.01025 0.028073
1 0.480336 0.876883 0.047669 0.129473
1 0.43697 0.806262 0.040387 0.134181
1 0.151102 0.439276 0.022408 0.078596
