0 0.055877 0.473234 0.047599 0.119573
0 0.068295 0.484731 0.059499 0.127851
0 0.086791 0.53785 0.095975 0.151306
0 0.080971 0.571652 0.080195 0.186718
0 0.150627 0.4774 0.068036 0.334345
0 0.147796 0.418194 0.05536 0.318249
0 0.445725 0.122961 0.033508 0.081549
0 0.137607 0.883049 0.151811 0.228851
0 0.186879 0.981692 0.066584 0.033144
0 0.650195 0.835417 0.159766 0.327778
0 0.988348 0.321299 0.022523 0.085179
1 0.668058 0.587516 0.1163 0.19334
1 0.598366 0.548059 0.079901 0.098643
1 0.79945 0.534249 0.05593 0.121528
1 0.898504 0.326665 0.029738 0.085233
2 0.854958 0.297194 0.030433 0.048587
1 0.872573 0.260897 0.017721 0.048468
1 0.286686 0.407536 0.142421 0.091459
1 0.249242 0.372983 0.102234 0.064845
0 0.887308 0.101645 0.013094 0.079919
1 0.779917 0.202642 0.019408 0.053355
2 0.875713 0.214386 0.016885 0.043459
1 0.824403 0.194538 0.017389 0.042563
1 0.805498 0.213616 0.016129 0.050627
1 0.844103 0.199784 0.017893 0.062724
2 0.116153 0.382174 0.0357 0.054268
2 0.907128 0.178064 0.023897 0.025327
