0 0.04458 0.440796 0.046787 0.143205
0 0.059035 0.46826 0.0448 0.144774
0 0.069297 0.480226 0.052525 0.149874
0 0.083064 0.562416 0.080213 0.20775
0 0.178516 0.85411 0.128802 0.286561
0 0.222888 0.969699 0.078588 0.05919
0 0.935693 0.393046 0.051725 0.325058
0 0.965904 0.505075 0.066889 0.218632
0 0.981259 0.395254 0.035971 0.153338
0 0.984663 0.312156 0.029893 0.114576
0 0.981271 0.224724 0.017805 0.059287
0 0.890479 0.105874 0.009907 0.068404
0 0.883349 0.103829 0.009886 0.065208
0 0.810715 0.067292 0.012823 0.080605
0 0.669605 0.05529 0.020497 0.088149
0 0.196755 0.535186 0.050686 0.155819
1 0.334651 0.669522 0.08755 0.170815
1 0.799479 0.573743 0.073661 0.167328
1 0.764117 0.661681 0.080397 0.220289
1 0.674064 0.541283 0.08698 0.143659
2 0.945479 0.246645 0.014737 0.038746
1 0.957673 0.239365 0.015457 0.03289
1 0.942706 0.216147 0.017489 0.043188
1 0.917811 0.198217 0.009201 0.030705
1 0.929848 0.196606 0.009846 0.02927
1 0.31365 0.685962 0.048556 0.147992
1 0.265447 0.630467 0.04161 0.138134
1 0.244753 0.608394 0.039062 0.130586
1 0.311097 0.531471 0.068056 0.130977
1 0.371869 0.576632 0.088106 0.225042
1 0.927037 0.169714 0.010164 0.026927
2 0.777592 0.137511 0.041339 0.039719
2 0.731552 0.186295 0.027719 0.02894
1 0.510368 0.192592 0.036485 0.046164
1 0.636611 0.130152 0.030014 0.038369
2 0.970082 0.202068 0.011353 0.021483
1 0.232535 0.561343 0.033118 0.099134
