0 0.037122 0.444919 0.05823 0.110852
0 0.045856 0.466486 0.072302 0.103951
0 0.050102 0.497541 0.078368 0.142771
0 0.048282 0.496894 0.058715 0.327812
0 0.140722 0.768202 0.121312 0.458937
0 0.852911 0.702855 0.11236 0.252538
0 0.814305 0.626974 0.054273 0.193343
0 0.943589 0.474877 0.054458 0.145833
0 0.96839 0.41889 0.064406 0.154424
0 0.968635 0.312704 0.036535 0.106618
2 0.336245 0.280794 0.070814 0.069363
1 0.622285 0.792416 0.158129 0.208098
1 0.711259 0.606796 0.068352 0.148778
1 0.74278 0.685875 0.111268 0.235994
2 0.907514 0.343376 0.026087 0.069606
1 0.894806 0.310196 0.016115 0.054808
1 0.886918 0.332153 0.026801 0.118336
1 0.419821 0.657062 0.086698 0.176616
2 0.827081 0.218712 0.031174 0.031116
2 0.8701 0.21925 0.022789 0.039245
2 0.883628 0.168984 0.026795 0.029335
1 0.844789 0.134592 0.008833 0.034548
1 0.198093 0.489212 0.05694 0.061258
1 0.140423 0.340717 0.03095 0.100598
