0 0.046475 0.450134 0.082596 0.132195
0 0.046828 0.496151 0.069654 0.167336
0 0.138346 0.774884 0.123047 0.318287
0 0.172917 0.934838 0.104948 0.128935
0 0.167804 0.464422 0.078711 0.224389
0 0.288305 0.613876 0.121307 0.323836
0 0.330114 0.603637 0.073403 0.299761
0 0.962278 0.481101 0.045281 0.154436
0 0.957128 0.477819 0.057914 0.183803
0 0.980644 0.306972 0.026042 0.101921
0 0.996761 0.182217 0.005008 0.078941
1 0.659375 0.788889 0.10625 0.255556
1 0.63724 0.703241 0.143229 0.287963
2 0.850806 0.293907 0.029738 0.037634
2 0.924395 0.318996 0.017641 0.048387
1 0.889365 0.295251 0.031754 0.090502
1 0.913628 0.205401 0.012326 0.037346
2 0.956163 0.190586 0.017188 0.025617
1 0.340342 0.685579 0.057347 0.165485
2 0.636161 0.389708 0.064053 0.092736
1 0.778217 0.293737 0.039548 0.076777
2 0.762328 0.266742 0.035105 0.04821
1 0.141238 0.388856 0.013889 0.047319
1 0.122341 0.392536 0.014977 0.043073
1 0.161585 0.344173 0.015244 0.046748
2 0.103657 0.366048 0.019061 0.038487
2 0.731951 0.262299 0.03318 0.061914
