0 0.040591 0.432971 0.05197 0.129227
0 0.034652 0.420026 0.045505 0.234827
0 0.056216 0.472222 0.054688 0.128019
0 0.057405 0.480676 0.044837 0.169082
0 0.08373 0.548309 0.066916 0.136473
0 0.08356 0.564915 0.080163 0.227657
0 0.17323 0.839866 0.13114 0.302699
0 0.25568 0.962538 0.077253 0.078241
0 0.826428 0.676207 0.090357 0.263749
0 0.840238 0.587823 0.113242 0.187991
0 0.822832 0.677919 0.096036 0.185233
0 0.942662 0.463198 0.070299 0.369437
0 0.977352 0.38931 0.042614 0.151515
0 0.986624 0.324074 0.02328 0.086981
0 0.988005 0.286195 0.020518 0.071549
0 0.989189 0.252876 0.019729 0.066639
0 0.989189 0.198864 0.017361 0.048401
0 0.925536 0.128511 0.015856 0.065857
0 0.48147 0.107906 0.03746 0.099715
0 0.453225 0.122863 0.040264 0.087607
1 0.856112 0.270647 0.027233 0.03211
1 0.921826 0.197491 0.011987 0.037071
1 0.943023 0.186318 0.010365 0.034717
1 0.970841 0.204217 0.009899 0.032923
1 0.960157 0.197736 0.010012 0.034017
1 0.24839 0.566759 0.039424 0.138147
1 0.36307 0.604624 0.057659 0.100117
1 0.291513 0.627205 0.062402 0.162098
1 0.268804 0.507276 0.06786 0.086431
1 0.448804 0.523919 0.078954 0.223863
1 0.719565 0.331485 0.037376 0.073441
1 0.472228 0.42885 0.077679 0.101502
2 0.735368 0.216306 0.031838 0.043181
1 0.864851 0.192525 0.011141 0.032022
1 0.835882 0.16978 0.011731 0.0347
1 0.882337 0.176442 0.009653 0.030984
1 0.918275 0.175855 0.011205 0.031009
1 0.170669 0.461481 0.033892 0.100082
1 0.165429 0.424543 0.026745 0.091082
1 0.201435 0.409309 0.030298 0.076518
2 0.311106 0.284783 0.032609 0.036836
1 0.790277 0.107923 0.011756 0.034519
1 0.65661 0.11833 0.027755 0.027412
1 0.975165 0.200814 0.009452 0.028952
1 0.977365 0.205955 0.008027 0.028539
