0 0.023358 0.407752 0.044077 0.117305
0 0.037479 0.438016 0.052787 0.109328
0 0.047113 0.493619 0.072582 0.159535
0 0.102468 0.730425 0.113225 0.304448
0 0.10912 0.744767 0.07671 0.199275
0 0.213379 0.932292 0.134766 0.131944
0 0.161644 0.455026 0.075521 0.203704
0 0.18006 0.63459 0.091518 0.332672
0 0.954699 0.445429 0.0618 0.175684
0 0.987786 0.322606 0.023029 0.203669
0 0.983267 0.332193 0.031483 0.116086
1 0.474393 0.805331 0.087266 0.283988
1 0.656646 0.796885 0.068559 0.166544
1 0.540399 0.69222 0.158892 0.150464
1 0.743125 0.614763 0.073624 0.182428
1 0.875552 0.433354 0.033543 0.086191
1 0.779061 0.358574 0.052674 0.084619
1 0.908567 0.2354 0.013157 0.053516
1 0.899583 0.231164 0.014849 0.026874
1 0.921279 0.242822 0.016055 0.024423
2 0.599158 0.440383 0.069588 0.103031
1 0.54423 0.398582 0.13387 0.086806
2 0.596915 0.319066 0.071631 0.049078
2 0.846857 0.22912 0.042091 0.043605
2 0.749913 0.244572 0.035429 0.029608
2 0.900998 0.170637 0.015717 0.020074
1 0.187398 0.483446 0.026786 0.089286
1 0.372925 0.314308 0.116781 0.060041
1 0.132772 0.402424 0.023857 0.067114
1 0.161594 0.3786 0.058139 0.048798
1 0.120517 0.367066 0.020849 0.080943
