0 0.111113 0.453448 0.064655 0.177203
0 0.186207 0.477993 0.096309 0.271791
0 0.163893 0.539452 0.067369 0.334138
0 0.188519 0.563607 0.076993 0.354267
0 0.967448 0.454572 0.064323 0.160301
1 0.909874 0.237116 0.019788 0.03655
1 0.946366 0.248081 0.011565 0.031067
2 0.922595 0.222725 0.015933 0.022387
2 0.697033 0.29275 0.055189 0.036315
2 0.720864 0.23987 0.038346 0.033767
2 0.803469 0.220438 0.024369 0.034404
2 0.774441 0.203236 0.027953 0.026758
1 0.739321 0.139526 0.03297 0.036952
2 0.851132 0.130607 0.019352 0.021662
1 0.141488 0.372255 0.031341 0.053295
2 0.605015 0.147771 0.038154 0.02584
