0 0.079506 0.326494 0.039062 0.215418
0 0.034288 0.421682 0.045139 0.131944
0 0.048394 0.466821 0.053385 0.263889
0 0.188802 0.478781 0.096354 0.26466
0 0.968669 0.433478 0.061882 0.178877
1 0.770526 0.415823 0.025394 0.059207
1 0.795818 0.38647 0.063194 0.087049
2 0.702277 0.366818 0.057724 0.070236
1 0.763076 0.257659 0.03477 0.041641
2 0.858172 0.22312 0.019003 0.033158
2 0.827536 0.141533 0.020229 0.022936
2 0.814349 0.122583 0.016104 0.024442
2 0.389108 0.224144 0.050488 0.033193
2 0.54585 0.179402 0.048925 0.026999
