0 0.718018 0.920573 0.158691 0.157118
0 0.836086 0.878671 0.078125 0.198413
0 0.8891 0.78222 0.082465 0.287698
0 0.972178 0.443657 0.047707 0.097487
0 0.965909 0.413223 0.03422 0.097567
0 0.964134 0.403466 0.030669 0.094123
0 0.98538 0.440533 0.021151 0.102594
0 0.938379 0.384201 0.044336 0.121875
0 0.961169 0.37097 0.034056 0.109996
0 0.911966 0.308774 0.025915 0.1521
0 0.472678 0.103585 0.023568 0.11018
0 0.263225 0.103372 0.010884 0.032337
0 0.251816 0.103812 0.010735 0.026506
2 0.172888 0.430491 0.043403 0.116384
1 0.530237 0.767104 0.069444 0.250772
2 0.125434 0.37037 0.039931 0.072531
2 0.259233 0.252876 0.047348 0.051207
1 0.712891 0.666393 0.062145 0.157828
2 0.575876 0.599579 0.182292 0.163089
2 0.415483 0.469634 0.099432 0.096801
2 0.246761 0.322239 0.065739 0.063516
2 0.13125 0.21713 0.032292 0.041667
2 0.7766 0.46503 0.101376 0.086806
2 0.367622 0.258102 0.065104 0.048611
2 0.249219 0.165487 0.046503 0.030864
1 0.218246 0.176075 0.022177 0.03405
2 0.151859 0.16096 0.031189 0.020457
1 0.856466 0.379359 0.026596 0.070183
2 0.659491 0.284057 0.049036 0.04211
1 0.596534 0.249335 0.027011 0.076093
1 0.286348 0.128099 0.009048 0.027856
1 0.263948 0.130257 0.00971 0.026679
1 0.272224 0.127511 0.007724 0.021971
1 0.257548 0.122411 0.007504 0.022756
1 0.251037 0.121234 0.006841 0.021186
1 0.238536 0.129196 0.015383 0.027695
1 0.836124 0.523313 0.038132 0.072751
