0 0.905821 0.699102 0.126239 0.256606
0 0.96445 0.513297 0.062984 0.169574
0 0.977774 0.455965 0.042999 0.118432
0 0.983679 0.408592 0.031795 0.093669
0 0.943453 0.379531 0.018591 0.10101
0 0.946482 0.340352 0.020053 0.151887
0 0.950242 0.482212 0.051387 0.099896
0 0.437755 0.098631 0.017833 0.110709
0 0.633291 0.576904 0.103327 0.525314
1 0.795537 0.442065 0.036531 0.082948
1 0.244771 0.169131 0.023311 0.032482
1 0.845496 0.391949 0.0288 0.097693
1 0.351285 0.165485 0.026596 0.027581
1 0.902455 0.396474 0.022994 0.075847
