0 0.884638 0.810713 0.17354 0.252732
0 0.947074 0.608641 0.096055 0.201503
0 0.96095 0.568226 0.080264 0.200364
0 0.975903 0.466746 0.047413 0.156785
0 0.978144 0.475188 0.031404 0.107639
0 0.982294 0.418522 0.03458 0.13775
0 0.860596 0.486111 0.070801 0.199653
0 0.940794 0.425452 0.038592 0.182396
0 0.70393 0.213703 0.033425 0.099513
0 0.591173 0.141037 0.026981 0.130298
0 0.557849 0.155713 0.029196 0.073024
1 0.833736 0.396527 0.034145 0.100898
1 0.856818 0.406149 0.025233 0.093168
1 0.847962 0.433489 0.022564 0.066856
1 0.745917 0.340043 0.035678 0.068039
1 0.640378 0.264981 0.061223 0.05609
1 0.504839 0.249778 0.038255 0.034461
1 0.308464 0.160168 0.01828 0.045156
1 0.304261 0.170265 0.011738 0.038998
1 0.319718 0.157233 0.019243 0.023262
1 0.716602 0.418497 0.069384 0.085808
1 0.450137 0.293274 0.05728 0.055633
2 0.361131 0.267166 0.045021 0.054143
1 0.349267 0.201243 0.034204 0.041063
2 0.269046 0.21085 0.036083 0.033545
2 0.178463 0.144526 0.01729 0.019733
1 0.730502 0.649929 0.05008 0.130579
2 0.267413 0.355576 0.063555 0.064871
1 0.550754 0.836048 0.105847 0.221774
1 0.39458 0.957617 0.14707 0.087717
1 0.494336 0.894683 0.087793 0.13546
