0 0.123943 0.823958 0.163052 0.350694
0 0.795043 0.79648 0.077452 0.278975
0 0.861045 0.714464 0.120555 0.42864
0 0.913914 0.767146 0.123922 0.296935
0 0.86879 0.457639 0.068696 0.204741
0 0.976487 0.458253 0.046244 0.161271
0 0.983248 0.422249 0.032722 0.134669
0 0.696232 0.212418 0.040211 0.095997
0 0.311493 0.09307 0.026176 0.057274
1 0.85143 0.371645 0.024497 0.055909
1 0.21838 0.131887 0.008841 0.016861
1 0.217657 0.125171 0.009324 0.019433
1 0.205842 0.129172 0.007234 0.016575
1 0.197965 0.131887 0.006912 0.015146
1 0.822183 0.453236 0.020362 0.049498
1 0.781458 0.497562 0.029505 0.067228
2 0.444878 0.320918 0.055634 0.045595
2 0.312105 0.246914 0.039457 0.035073
1 0.376815 0.217452 0.026831 0.039282
1 0.282513 0.2164 0.02762 0.032969
1 0.163718 0.141748 0.008502 0.013889
1 0.679228 0.702242 0.073328 0.105994
2 0.382833 0.366594 0.078125 0.065789
2 0.060343 0.296327 0.020518 0.043149
2 0.051832 0.26718 0.018442 0.0356
1 0.080006 0.229424 0.014757 0.029835
2 0.045139 0.240741 0.018519 0.032922
2 0.059172 0.196759 0.015336 0.025206
