0 0.865803 0.564962 0.082386 0.209596
0 0.856214 0.450063 0.081676 0.214646
0 0.872905 0.451957 0.036932 0.130051
0 0.881783 0.438068 0.037642 0.137626
0 0.692862 0.215215 0.041903 0.093434
1 0.469698 0.232736 0.026547 0.033037
1 0.44333 0.189814 0.024075 0.042182
1 0.378756 0.188232 0.023134 0.036408
2 0.240642 0.163403 0.03469 0.020416
1 0.190206 0.144832 0.011654 0.018864
1 0.158595 0.146235 0.011742 0.021182
2 0.167293 0.162147 0.018274 0.024721
1 0.14509 0.242994 0.026625 0.054256
2 0.063155 0.19614 0.012384 0.022827
1 0.049797 0.219435 0.013642 0.020971
