0 0.975525 0.252581 0.035951 0.125369
0 0.86056 0.581229 0.112297 0.321772
0 0.190348 0.892431 0.151386 0.217781
0 0.100301 0.755256 0.114859 0.304547
0 0.116242 0.448096 0.069934 0.222894
1 0.173644 0.443701 0.072318 0.108476
0 0.853195 0.688061 0.084847 0.336363
1 0.942391 0.288985 0.035426 0.064332
1 0.901305 0.159113 0.013134 0.042167
1 0.885905 0.154011 0.01221 0.037522
2 0.521264 0.356139 0.136217 0.096535
1 0.966602 0.199857 0.022498 0.041607
1 0.967764 0.225574 0.023055 0.037288
0 0.073801 0.624866 0.112164 0.225963
0 0.292017 0.663132 0.135473 0.274453
