0 0.963724 0.28602 0.035757 0.217745
0 0.871652 0.566245 0.110275 0.320377
0 0.191535 0.892117 0.141904 0.219485
0 0.100301 0.755256 0.114859 0.304547
0 0.039605 0.367635 0.048968 0.227743
0 0.126008 0.449216 0.089466 0.225134
2 0.830784 0.128312 0.022117 0.034276
1 0.776065 0.37681 0.044693 0.060787
1 0.907653 0.384217 0.034832 0.068991
2 0.806802 0.237636 0.054909 0.056364
2 0.89114 0.154641 0.009002 0.028987
2 0.904775 0.16582 0.009501 0.032525
1 0.922362 0.312424 0.032582 0.063176
2 0.850487 0.529208 0.095632 0.165584
0 0.929634 0.357259 0.051774 0.117297
