0 0.970934 0.276543 0.035112 0.206773
0 0.871652 0.566245 0.110275 0.320377
0 0.189015 0.892273 0.141904 0.219485
0 0.100301 0.755256 0.114859 0.304547
0 0.088521 0.645789 0.091356 0.277778
0 0.126008 0.449216 0.089466 0.225134
2 0.484451 0.290067 0.095867 0.084204
1 0.913914 0.211829 0.015388 0.032458
1 0.910018 0.381645 0.044904 0.064885
1 0.443665 0.415083 0.104757 0.109316
2 0.614427 0.384889 0.129512 0.116332
2 0.733746 0.284484 0.099414 0.086877
1 0.467706 0.813725 0.114234 0.208482
1 0.409441 0.719632 0.112318 0.150253
0 0.936041 0.36037 0.063488 0.123517
