0 0.961789 0.309721 0.047667 0.142665
0 0.871652 0.566245 0.110275 0.320377
0 0.192165 0.891512 0.141904 0.219485
0 0.100301 0.755256 0.114859 0.304547
0 0.088521 0.641308 0.091356 0.286738
0 0.129195 0.450198 0.083092 0.22317
2 0.796343 0.14017 0.046222 0.040218
1 0.946521 0.237742 0.032872 0.050421
1 0.907843 0.397352 0.031411 0.056443
2 0.77274 0.204967 0.084085 0.067326
2 0.581572 0.322858 0.088795 0.078177
2 0.472987 0.442703 0.167244 0.144905
1 0.438224 0.718446 0.083734 0.24223
2 0.509281 0.579176 0.199936 0.195948
0 0.945233 0.359169 0.045103 0.125919
