0 0.943284 0.316626 0.064037 0.199096
0 0.867746 0.5625 0.09933 0.319444
0 0.202876 0.889563 0.141904 0.219485
0 0.105882 0.7628 0.122549 0.303649
0 0.090411 0.645228 0.100176 0.265457
0 0.128243 0.44973 0.079955 0.233066
1 0.160041 0.447004 0.036521 0.092909
1 0.701502 0.795683 0.06625 0.161682
1 0.852654 0.39061 0.055428 0.07179
1 0.798566 0.241624 0.066044 0.046535
2 0.838636 0.214061 0.060003 0.044387
2 0.849758 0.177092 0.038158 0.025299
2 0.925988 0.192762 0.020607 0.03687
1 0.94903 0.196286 0.012481 0.037061
