0 0.961789 0.309721 0.047667 0.142665
0 0.871652 0.566245 0.110275 0.320377
0 0.192531 0.890123 0.133814 0.218365
0 0.100301 0.755256 0.114859 0.304547
0 0.088206 0.645228 0.091986 0.278898
0 0.129195 0.450198 0.083092 0.22317
2 0.807977 0.132549 0.042181 0.040218
1 0.946055 0.242344 0.031939 0.059625
1 0.906775 0.398326 0.052449 0.072415
2 0.79275 0.202209 0.084085 0.067326
2 0.627643 0.297664 0.103181 0.088192
2 0.418662 0.480578 0.192162 0.15345
2 0.436652 0.742527 0.095697 0.164945
2 0.530985 0.566701 0.190551 0.169375
0 0.945233 0.359169 0.045103 0.125919
