0 0.968057 0.311358 0.040953 0.213754
0 0.867746 0.5625 0.09933 0.319444
0 0.202876 0.889563 0.141904 0.219485
0 0.805902 0.69441 0.149176 0.574393
0 0.089151 0.640748 0.098916 0.274418
0 0.128243 0.44973 0.079955 0.233066
1 0.177044 0.456504 0.034017 0.127673
1 0.766781 0.616674 0.056659 0.165756
1 0.818777 0.388308 0.066234 0.089878
1 0.898567 0.165378 0.015287 0.041682
2 0.913747 0.164404 0.016108 0.040147
2 0.606191 0.344872 0.109443 0.07764
1 0.882281 0.258253 0.043056 0.045243
1 0.885022 0.225819 0.041095 0.038778
0 0.216419 0.228562 0.022051 0.077285
