0 0.953567 0.29651 0.047746 0.234072
0 0.867746 0.5625 0.09933 0.319444
0 0.202876 0.889563 0.141904 0.219485
0 0.105882 0.7628 0.122549 0.303649
0 0.07718 0.638508 0.122858 0.258737
0 0.128243 0.44973 0.079955 0.233066
1 0.174133 0.455956 0.034798 0.106368
1 0.717149 0.807911 0.072748 0.159671
1 0.843604 0.387104 0.055971 0.086619
2 0.86207 0.209195 0.05182 0.035459
2 0.878278 0.191349 0.04385 0.03463
2 0.828211 0.194435 0.038158 0.025299
2 0.917057 0.198549 0.030428 0.030504
1 0.944715 0.199823 0.028896 0.03273
