0 0.973763 0.252827 0.031056 0.173185
0 0.86434 0.584029 0.119857 0.327372
0 0.195946 0.891534 0.141904 0.219485
0 0.100301 0.755256 0.114859 0.304547
0 0.115297 0.451456 0.068044 0.229615
1 0.213921 0.442927 0.079971 0.152586
0 0.843004 0.647574 0.076844 0.310049
1 0.933295 0.30951 0.035426 0.064332
1 0.910315 0.157348 0.011633 0.041033
1 0.881291 0.147495 0.011339 0.03652
2 0.651125 0.271721 0.089801 0.067008
1 0.968318 0.204335 0.022962 0.040187
1 0.965007 0.227374 0.02513 0.043375
0 0.544243 0.797541 0.127328 0.408338
0 0.051095 0.411074 0.05406 0.267116
