0 0.976582 0.248347 0.031056 0.173185
0 0.86434 0.584029 0.119857 0.327372
0 0.158688 0.893638 0.133405 0.211335
0 0.100301 0.755256 0.114859 0.304547
0 0.115612 0.449776 0.068674 0.226254
1 0.199885 0.448949 0.077801 0.149503
0 0.843004 0.647574 0.076844 0.310049
1 0.937016 0.310131 0.035426 0.064332
1 0.908708 0.159113 0.013134 0.042167
2 0.884153 0.155125 0.014708 0.040466
2 0.63565 0.2898 0.094627 0.064576
1 0.965109 0.207059 0.022962 0.040187
1 0.961465 0.233719 0.023055 0.037288
0 0.365419 0.766091 0.169943 0.46643
0 0.058535 0.43989 0.06012 0.30006
