0 0.972824 0.276543 0.035112 0.206773
0 0.871652 0.566245 0.110275 0.320377
0 0.197218 0.890414 0.14697 0.217783
0 0.100301 0.755256 0.114859 0.304547
0 0.089151 0.646349 0.090096 0.276658
0 0.126008 0.449216 0.089466 0.225134
2 0.567167 0.222397 0.082618 0.07776
1 0.912618 0.269083 0.027538 0.037345
1 0.896691 0.380944 0.05195 0.070669
1 0.340983 0.613048 0.114404 0.112524
2 0.824532 0.190737 0.039368 0.048775
2 0.832254 0.219972 0.046818 0.053901
2 0.78314 0.50802 0.105847 0.15009
2 0.432263 0.799927 0.159919 0.189036
0 0.941932 0.360347 0.051706 0.123562
