0 0.978504 0.27552 0.029482 0.204168
0 0.860245 0.582349 0.111667 0.324012
0 0.197206 0.891534 0.141904 0.219485
0 0.100301 0.755256 0.114859 0.304547
0 0.115612 0.451456 0.068674 0.229615
2 0.229877 0.456012 0.116104 0.115215
0 0.837559 0.652754 0.076034 0.322649
1 0.926799 0.341956 0.035426 0.064332
1 0.887729 0.155641 0.011633 0.041033
1 0.866051 0.143045 0.010873 0.037677
2 0.73891 0.225542 0.077977 0.058115
1 0.969301 0.209629 0.022962 0.040187
1 0.962342 0.246346 0.02513 0.043375
0 0.956999 0.342468 0.048079 0.239544
0 0.174255 0.214421 0.028849 0.121473
