0 0.972824 0.276543 0.035112 0.206773
0 0.871652 0.566245 0.110275 0.320377
0 0.195946 0.892005 0.141904 0.219485
0 0.100301 0.755256 0.114859 0.304547
0 0.087576 0.645789 0.093246 0.277778
0 0.126008 0.449216 0.089466 0.225134
1 0.703316 0.170651 0.066174 0.053475
1 0.888088 0.293718 0.027538 0.037345
1 0.895185 0.381641 0.042599 0.066104
1 0.590348 0.427375 0.132308 0.15681
2 0.860796 0.178279 0.032109 0.035279
2 0.871616 0.192004 0.034295 0.035925
1 0.847899 0.40948 0.069575 0.102994
1 0.476579 0.809437 0.12421 0.192416
0 0.930349 0.359633 0.052104 0.122043
