0 0.985465 0.279249 0.029479 0.207285
0 0.860245 0.582349 0.111667 0.324012
0 0.193425 0.891265 0.141904 0.219485
0 0.100301 0.755256 0.114859 0.304547
0 0.115927 0.451456 0.069304 0.229615
2 0.261812 0.428862 0.17572 0.120234
0 0.837559 0.652754 0.076034 0.322649
1 0.926799 0.341956 0.035426 0.064332
1 0.880564 0.152833 0.011633 0.041033
1 0.865485 0.142542 0.010873 0.037677
2 0.748123 0.218991 0.077977 0.058115
1 0.964891 0.212989 0.022962 0.040187
1 0.956672 0.247466 0.02513 0.043375
0 0.963608 0.326716 0.03599 0.230439
0 0.205631 0.217178 0.02727 0.081892
