0 0.963409 0.2849 0.035127 0.215505
0 0.871652 0.566245 0.110275 0.320377
0 0.192165 0.891579 0.141904 0.219485
0 0.100301 0.755256 0.114859 0.304547
0 0.041531 0.354794 0.047986 0.221325
0 0.126008 0.449216 0.089466 0.225134
2 0.83421 0.126535 0.029571 0.035484
1 0.767169 0.386895 0.050843 0.065278
1 0.907285 0.379631 0.034832 0.068991
2 0.814099 0.237833 0.052075 0.059102
2 0.895198 0.155812 0.009002 0.028987
1 0.909539 0.159753 0.009501 0.032525
1 0.924589 0.309795 0.032582 0.063176
2 0.862621 0.523483 0.087138 0.158615
0 0.929634 0.357259 0.051774 0.117297
