0 0.963017 0.288486 0.039693 0.219534
0 0.871652 0.566245 0.110275 0.320377
0 0.196576 0.891534 0.141904 0.219485
0 0.100301 0.755256 0.114859 0.304547
0 0.126008 0.449216 0.089466 0.225134
2 0.775404 0.148594 0.038868 0.03144
1 0.666577 0.784125 0.089024 0.156105
1 0.90972 0.382246 0.035426 0.064332
2 0.864824 0.180804 0.029231 0.02969
1 0.893824 0.147486 0.010641 0.035677
2 0.848549 0.165937 0.031242 0.025368
1 0.957144 0.243335 0.023629 0.042419
1 0.95216 0.277531 0.029556 0.049549
0 0.928863 0.360914 0.051774 0.117297
0 0.173386 0.240763 0.021005 0.07403
