0 0.96683 0.287836 0.038508 0.215995
0 0.871652 0.566245 0.110275 0.320377
0 0.193425 0.891848 0.141904 0.219485
0 0.100301 0.755256 0.114859 0.304547
0 0.126008 0.449216 0.089466 0.225134
2 0.669038 0.191506 0.066943 0.058807
1 0.67324 0.868891 0.078671 0.194476
1 0.9038 0.378891 0.035426 0.064332
2 0.880109 0.165593 0.032205 0.02915
1 0.886544 0.138422 0.010641 0.035677
2 0.817299 0.169802 0.044842 0.043955
1 0.961066 0.221426 0.024227 0.03963
1 0.960805 0.256007 0.02513 0.043375
0 0.928863 0.357527 0.051774 0.117297
