0 0.291484 0.150436 0.042033 0.153536
0 0.044757 0.447047 0.071331 0.138586
0 0.0485 0.466166 0.05067 0.150679
0 0.02824 0.519057 0.037383 0.173916
0 0.069377 0.551215 0.060628 0.146123
0 0.098296 0.640059 0.097526 0.273531
0 0.141502 0.795593 0.151169 0.302991
0 0.258865 0.931343 0.095703 0.140046
0 0.39304 0.945013 0.083452 0.108586
0 0.203029 0.577846 0.071373 0.248628
0 0.245655 0.62568 0.124045 0.315855
0 0.152686 0.575393 0.109535 0.476467
1 0.253133 0.275718 0.033588 0.047814
1 0.256817 0.428251 0.02586 0.052291
1 0.23477 0.400339 0.031327 0.047442
1 0.353513 0.315732 0.039502 0.060175
1 0.169039 0.409169 0.032601 0.063755
2 0.885705 0.146448 0.022117 0.022822
2 0.894552 0.184428 0.023184 0.030805
2 0.835414 0.165736 0.026981 0.023625
2 0.850453 0.207659 0.031111 0.051363
1 0.269441 0.586934 0.050437 0.097222
2 0.961912 0.19811 0.023257 0.029735
1 0.699047 0.80053 0.069345 0.239353
0 0.050866 0.349424 0.047226 0.215967
