0 0.306937 0.1729 0.057025 0.121214
0 0.044757 0.447047 0.071331 0.138586
0 0.0485 0.466166 0.05067 0.150679
0 0.02824 0.519057 0.037383 0.173916
0 0.069377 0.551215 0.060628 0.146123
0 0.098296 0.640059 0.097526 0.273531
0 0.138944 0.813571 0.163193 0.28258
0 0.258865 0.931343 0.095703 0.140046
0 0.374196 0.946259 0.110202 0.106093
0 0.191854 0.562428 0.06307 0.233652
0 0.236003 0.625723 0.099284 0.321181
0 0.328218 0.658662 0.127707 0.349343
1 0.114394 0.376754 0.031264 0.049892
1 0.297598 0.405583 0.038836 0.070477
1 0.200323 0.430976 0.034343 0.055871
1 0.251494 0.393359 0.040986 0.078237
2 0.444153 0.273793 0.096252 0.065512
2 0.84036 0.222504 0.038622 0.055858
2 0.646214 0.369609 0.087288 0.092806
2 0.892534 0.165931 0.037627 0.029485
2 0.397893 0.590599 0.123112 0.133616
2 0.591834 0.306931 0.088443 0.109408
2 0.941107 0.257602 0.020665 0.043459
2 0.623909 0.823953 0.12564 0.262244
0 0.049851 0.347892 0.045197 0.212903
