0 0.264904 0.155259 0.04311 0.167876
0 0.044757 0.447047 0.071331 0.138586
0 0.0485 0.466166 0.05067 0.150679
0 0.02824 0.519057 0.037383 0.173916
0 0.069377 0.551215 0.060628 0.146123
0 0.098296 0.640059 0.097526 0.273531
0 0.141502 0.795593 0.151169 0.302991
0 0.246031 0.920553 0.103251 0.157504
0 0.39304 0.945013 0.083452 0.108586
0 0.202558 0.575544 0.072315 0.253232
0 0.245655 0.62568 0.124045 0.315855
0 0.120235 0.235643 0.040624 0.175456
1 0.301881 0.292948 0.052336 0.061354
1 0.593274 0.233498 0.06403 0.072308
1 0.232409 0.412449 0.050135 0.068351
1 0.2712 0.347078 0.03535 0.070165
1 0.153241 0.404552 0.037165 0.074929
2 0.825288 0.180398 0.033687 0.035851
2 0.874612 0.151578 0.023693 0.01874
2 0.731434 0.216786 0.034304 0.035776
2 0.901161 0.173806 0.018999 0.032217
1 0.287426 0.58881 0.069983 0.114329
2 0.961946 0.191954 0.020832 0.023402
2 0.781554 0.457979 0.064153 0.142155
0 0.041965 0.353446 0.036582 0.188499
