0 0.147455 0.236262 0.039912 0.164984
0 0.040047 0.44446 0.066936 0.131611
0 0.042616 0.458849 0.067301 0.138933
0 0.04044 0.514531 0.061783 0.164865
0 0.065145 0.574869 0.068177 0.186529
0 0.081605 0.62969 0.092233 0.230945
0 0.13172 0.790336 0.111524 0.336139
0 0.220052 0.938079 0.097396 0.122454
0 0.349094 0.969884 0.12031 0.062563
0 0.198068 0.573948 0.072315 0.253232
0 0.250297 0.625067 0.129794 0.320747
1 0.125173 0.373989 0.022808 0.056208
2 0.803959 0.112644 0.017404 0.035309
2 0.859285 0.132571 0.022846 0.023442
2 0.76198 0.126086 0.027265 0.055674
2 0.833196 0.143662 0.022545 0.02816
2 0.79751 0.251596 0.053565 0.047683
2 0.601607 0.383736 0.107178 0.084933
2 0.731659 0.233972 0.043236 0.041171
2 0.90818 0.162641 0.028263 0.042823
2 0.606757 0.298237 0.101816 0.072826
2 0.938349 0.301393 0.030085 0.031272
2 0.886018 0.266977 0.028236 0.034109
0 0.98342 0.296484 0.034431 0.199688
