0 0.264764 0.159556 0.04311 0.167876
0 0.044757 0.447047 0.071331 0.138586
0 0.0485 0.466166 0.05067 0.150679
0 0.02824 0.519057 0.037383 0.173916
0 0.069377 0.551215 0.060628 0.146123
0 0.098296 0.640059 0.097526 0.273531
0 0.141502 0.795593 0.151169 0.302991
0 0.246031 0.920553 0.103251 0.157504
0 0.39304 0.945013 0.083452 0.108586
0 0.202558 0.575544 0.072315 0.253232
0 0.245655 0.62568 0.124045 0.315855
1 0.133596 0.381825 0.038454 0.046296
2 0.828513 0.145693 0.020336 0.019604
2 0.707057 0.179049 0.065158 0.033777
2 0.634003 0.220207 0.080003 0.035201
2 0.550192 0.253538 0.078862 0.053721
1 0.254136 0.513262 0.034748 0.063413
2 0.550884 0.337556 0.059573 0.045862
1 0.308063 0.5837 0.067543 0.222743
2 0.819933 0.18205 0.023971 0.022373
1 0.250171 0.56118 0.039393 0.079054
2 0.938089 0.255951 0.0167 0.02701
2 0.922086 0.228863 0.014971 0.025246
0 0.037625 0.350874 0.036582 0.188499
