0 0.270135 0.16332 0.04311 0.167876
0 0.044757 0.447047 0.071331 0.138586
0 0.0485 0.466166 0.05067 0.150679
0 0.02824 0.519057 0.037383 0.173916
0 0.069377 0.551215 0.060628 0.146123
0 0.098296 0.640059 0.097526 0.273531
0 0.141502 0.795593 0.151169 0.302991
0 0.246031 0.920553 0.103251 0.157504
0 0.39304 0.945013 0.083452 0.108586
0 0.202558 0.575544 0.072315 0.253232
0 0.245655 0.62568 0.124045 0.315855
1 0.261146 0.312558 0.035116 0.055284
2 0.650851 0.218912 0.036078 0.056871
1 0.195493 0.433694 0.040056 0.066502
1 0.229033 0.372244 0.04053 0.068557
1 0.153241 0.404552 0.037165 0.074929
2 0.780588 0.196563 0.043035 0.032957
2 0.852723 0.158046 0.02198 0.028897
2 0.685706 0.257131 0.047752 0.04204
2 0.908813 0.166646 0.018999 0.032217
1 0.281227 0.603652 0.073887 0.14739
2 0.957421 0.193401 0.020832 0.023402
2 0.814892 0.375596 0.047751 0.07558
0 0.037625 0.350874 0.036582 0.188499
