0 0.264764 0.159556 0.04311 0.167876
0 0.044757 0.447047 0.071331 0.138586
0 0.0485 0.466166 0.05067 0.150679
0 0.02824 0.519057 0.037383 0.173916
0 0.069377 0.551215 0.060628 0.146123
0 0.098296 0.640059 0.097526 0.273531
0 0.141502 0.795593 0.151169 0.302991
0 0.246031 0.920553 0.103251 0.157504
0 0.39304 0.945013 0.083452 0.108586
0 0.202558 0.575544 0.072315 0.253232
0 0.245655 0.62568 0.124045 0.315855
1 0.142332 0.384761 0.053879 0.042767
1 0.821662 0.141098 0.021769 0.031759
2 0.657603 0.203128 0.064144 0.041049
2 0.540511 0.262172 0.092609 0.043695
2 0.399187 0.326402 0.110172 0.084764
2 0.267954 0.521072 0.034641 0.067566
2 0.668546 0.259575 0.043701 0.045768
1 0.308956 0.573729 0.064497 0.195642
2 0.843785 0.162384 0.024958 0.040277
1 0.257068 0.587825 0.046046 0.082326
2 0.916498 0.208946 0.019983 0.024843
2 0.898809 0.239318 0.020484 0.033875
0 0.037625 0.350874 0.036582 0.188499
