0 0.301387 0.176305 0.058594 0.110752
0 0.045152 0.443627 0.070542 0.145425
0 0.052287 0.472367 0.050863 0.159144
0 0.02824 0.519057 0.037383 0.173916
0 0.069377 0.551215 0.060628 0.146123
0 0.088616 0.63286 0.120853 0.283474
0 0.139567 0.8091 0.161947 0.291522
0 0.249414 0.929282 0.095703 0.140046
0 0.407085 0.946752 0.114737 0.105106
0 0.191854 0.562428 0.06307 0.233652
0 0.236003 0.625723 0.099284 0.321181
0 0.322431 0.664663 0.133494 0.352773
1 0.117846 0.3679 0.032918 0.046036
1 0.278791 0.424427 0.043524 0.07692
1 0.178387 0.435044 0.039451 0.071048
2 0.418099 0.2888 0.080621 0.048422
2 0.709463 0.159758 0.049067 0.029946
1 0.558764 0.413396 0.09341 0.168579
1 0.292765 0.570375 0.024652 0.060159
2 0.905445 0.174015 0.031298 0.034609
1 0.261834 0.549833 0.027922 0.064128
2 0.780841 0.205351 0.04757 0.045336
1 0.907903 0.333668 0.02551 0.048732
1 0.69737 0.810713 0.123102 0.201065
0 0.1073 0.250712 0.033918 0.16606
