0 0.208365 0.193364 0.031187 0.162037
0 0.040047 0.44446 0.066936 0.131611
0 0.042616 0.458849 0.067301 0.138933
0 0.04044 0.514531 0.061783 0.164865
0 0.065145 0.574869 0.068177 0.186529
0 0.081605 0.62969 0.092233 0.230945
0 0.118489 0.708011 0.136726 0.489588
0 0.215517 0.9392 0.088325 0.124697
0 0.386437 0.968828 0.081829 0.064804
0 0.198068 0.573948 0.072315 0.253232
0 0.250297 0.625067 0.129794 0.320747
1 0.17069 0.327313 0.039871 0.061235
2 0.817604 0.141902 0.028341 0.043749
2 0.772467 0.140076 0.033392 0.043683
2 0.843246 0.123306 0.019959 0.028064
2 0.706622 0.169891 0.056663 0.044305
2 0.443271 0.458737 0.127268 0.118728
2 0.559744 0.321243 0.097196 0.071135
2 0.853549 0.166639 0.024102 0.025934
2 0.838822 0.235702 0.049552 0.054122
2 0.79916 0.196693 0.037817 0.029252
1 0.866565 0.395223 0.056304 0.089184
2 0.908689 0.228814 0.031855 0.040794
0 0.98342 0.296484 0.034431 0.199688
