0 0.257679 0.160306 0.058096 0.156192
0 0.049981 0.443841 0.047069 0.13285
0 0.048543 0.464098 0.067414 0.136331
0 0.04044 0.514531 0.061783 0.164865
0 0.065145 0.574869 0.068177 0.186529
0 0.087727 0.622592 0.076389 0.238598
0 0.141086 0.795807 0.141935 0.302795
0 0.250124 0.927318 0.095065 0.143974
0 0.399932 0.9457 0.089979 0.107212
0 0.202558 0.575544 0.072315 0.253232
0 0.245655 0.62568 0.124045 0.315855
2 0.196126 0.355541 0.069173 0.060041
2 0.83839 0.122832 0.022686 0.01937
2 0.79355 0.157621 0.034861 0.024397
2 0.747854 0.159231 0.039802 0.057162
2 0.680453 0.202984 0.043853 0.036326
1 0.343441 0.631056 0.061052 0.163874
2 0.264967 0.536821 0.026522 0.04533
2 0.253602 0.506957 0.021775 0.043251
2 0.750804 0.225612 0.048135 0.030196
1 0.245083 0.556357 0.028786 0.077599
2 0.933834 0.24626 0.0167 0.02701
2 0.901817 0.223267 0.022153 0.035749
0 0.04684 0.338385 0.039884 0.194305
