0 0.301387 0.176305 0.058594 0.110752
0 0.043433 0.44431 0.073979 0.14406
0 0.052287 0.472367 0.050863 0.159144
0 0.02824 0.519057 0.037383 0.173916
0 0.069377 0.551215 0.060628 0.146123
0 0.09519 0.638782 0.107704 0.27163
0 0.139567 0.8091 0.161947 0.291522
0 0.249414 0.929282 0.095703 0.140046
0 0.391862 0.945486 0.101432 0.107639
0 0.191854 0.562428 0.06307 0.233652
0 0.236003 0.625723 0.099284 0.321181
0 0.328218 0.658662 0.127707 0.349343
1 0.112164 0.374816 0.035723 0.053769
1 0.287441 0.411852 0.044363 0.072541
1 0.183808 0.433395 0.02424 0.058407
2 0.229547 0.390527 0.06408 0.053839
2 0.676708 0.164077 0.035283 0.037184
2 0.656848 0.370683 0.094665 0.089464
1 0.281319 0.589594 0.029997 0.072251
2 0.912443 0.17224 0.022872 0.027412
1 0.250424 0.554829 0.028906 0.064162
2 0.771983 0.215984 0.040765 0.047932
2 0.927091 0.302728 0.024092 0.043247
1 0.65693 0.869259 0.07316 0.179324
0 0.099766 0.256085 0.036689 0.173525
