0 0.301387 0.176305 0.058594 0.110752
0 0.018921 0.435836 0.024007 0.128038
0 0.052287 0.472367 0.050863 0.159144
0 0.037182 0.536685 0.050456 0.167101
0 0.069377 0.551215 0.060628 0.146123
0 0.086873 0.635489 0.116781 0.226418
0 0.139567 0.8091 0.161947 0.291522
0 0.244141 0.925564 0.096842 0.145399
0 0.397339 0.964265 0.072835 0.069444
0 0.191854 0.562428 0.06307 0.233652
0 0.236003 0.625723 0.099284 0.321181
0 0.324927 0.672299 0.124952 0.353569
1 0.12834 0.369464 0.032214 0.04848
1 0.61948 0.193992 0.072747 0.054851
2 0.687033 0.178356 0.052564 0.023724
2 0.797749 0.13825 0.027299 0.020853
2 0.845928 0.133856 0.017011 0.023522
1 0.36056 0.623049 0.044329 0.080368
1 0.250823 0.555765 0.032017 0.065962
2 0.841198 0.216382 0.049282 0.062839
2 0.693114 0.256339 0.045082 0.037637
2 0.89056 0.160127 0.030288 0.03079
2 0.570854 0.872603 0.077495 0.252016
1 0.702808 0.467789 0.082981 0.096704
