0 0.257679 0.160306 0.058096 0.156192
0 0.049981 0.443841 0.047069 0.13285
0 0.048543 0.464098 0.067414 0.136331
0 0.04044 0.514531 0.061783 0.164865
0 0.065145 0.574869 0.068177 0.186529
0 0.087727 0.622592 0.076389 0.238598
0 0.141086 0.795807 0.141935 0.302795
0 0.250072 0.929252 0.095169 0.140108
0 0.399932 0.9457 0.089979 0.107212
0 0.202558 0.575544 0.072315 0.253232
0 0.245655 0.62568 0.124045 0.315855
2 0.525087 0.185763 0.078916 0.049594
1 0.806889 0.115558 0.02044 0.023696
2 0.845053 0.130263 0.030186 0.020906
2 0.822269 0.143274 0.021343 0.024341
1 0.798214 0.152745 0.023658 0.032929
1 0.331526 0.668303 0.084881 0.172265
1 0.274225 0.573152 0.031783 0.081848
1 0.236068 0.49159 0.028351 0.061448
2 0.508537 0.367154 0.099708 0.079955
1 0.257021 0.533366 0.020175 0.066691
1 0.91979 0.29289 0.024085 0.048935
2 0.916869 0.202262 0.022236 0.025095
0 0.058594 0.335739 0.045214 0.204506
