0 0.257679 0.160306 0.058096 0.156192
0 0.049981 0.443841 0.047069 0.13285
0 0.048543 0.464098 0.067414 0.136331
0 0.04044 0.514531 0.061783 0.164865
0 0.065145 0.574869 0.068177 0.186529
0 0.087727 0.622592 0.076389 0.238598
0 0.141086 0.795807 0.141935 0.302795
0 0.250124 0.927318 0.095065 0.143974
0 0.399932 0.9457 0.089979 0.107212
0 0.202558 0.575544 0.072315 0.253232
0 0.245655 0.62568 0.124045 0.315855
2 0.43979 0.223898 0.076105 0.047893
2 0.840988 0.124176 0.023948 0.021134
2 0.832222 0.139587 0.026603 0.024545
2 0.79643 0.134018 0.024444 0.049128
2 0.773671 0.155732 0.038479 0.050269
1 0.349186 0.671435 0.088624 0.16824
1 0.277421 0.583554 0.037136 0.085756
1 0.246461 0.49091 0.038778 0.067342
2 0.631413 0.282183 0.057719 0.041978
1 0.255837 0.532481 0.028786 0.077599
2 0.932015 0.260967 0.020302 0.028328
2 0.911904 0.21913 0.022153 0.035749
0 0.075528 0.286722 0.033481 0.185655
