0 0.283632 0.151931 0.030297 0.1521
0 0.040047 0.44446 0.066936 0.131611
0 0.042616 0.458849 0.067301 0.138933
0 0.04044 0.514531 0.061783 0.164865
0 0.065145 0.574869 0.068177 0.186529
0 0.081605 0.62969 0.092233 0.230945
0 0.121324 0.785856 0.122235 0.315977
0 0.225598 0.939021 0.088325 0.124697
0 0.415427 0.964308 0.146329 0.069444
0 0.198068 0.573948 0.072315 0.253232
0 0.250297 0.625067 0.129794 0.320747
1 0.17762 0.322833 0.03483 0.054514
2 0.768514 0.170064 0.047033 0.032374
2 0.707997 0.186645 0.054146 0.037559
2 0.811694 0.147446 0.024916 0.026106
2 0.586276 0.231542 0.095498 0.099963
2 0.406287 0.452372 0.141141 0.106787
2 0.675763 0.249866 0.043741 0.032602
2 0.878477 0.156791 0.024102 0.025934
2 0.778847 0.262691 0.065104 0.060014
2 0.830947 0.175393 0.027103 0.031396
1 0.796155 0.49799 0.099712 0.116045
2 0.913182 0.222698 0.031855 0.040794
0 0.98342 0.296484 0.034431 0.199688
