0 0.306937 0.1729 0.057025 0.121214
0 0.044757 0.447047 0.071331 0.138586
0 0.0485 0.466166 0.05067 0.150679
0 0.02824 0.519057 0.037383 0.173916
0 0.069377 0.551215 0.060628 0.146123
0 0.098296 0.640059 0.097526 0.273531
0 0.138944 0.813571 0.163193 0.28258
0 0.258865 0.931343 0.095703 0.140046
0 0.374196 0.946259 0.110202 0.106093
0 0.191854 0.562428 0.06307 0.233652
0 0.236003 0.625723 0.099284 0.321181
0 0.328218 0.658662 0.127707 0.349343
1 0.114394 0.376754 0.031264 0.049892
1 0.289576 0.397523 0.038836 0.070477
1 0.20416 0.429116 0.034343 0.055871
1 0.245332 0.386849 0.040986 0.078237
2 0.477851 0.26545 0.110836 0.060549
2 0.838442 0.23476 0.035733 0.060764
2 0.618721 0.394999 0.114976 0.107442
2 0.892534 0.165931 0.037627 0.029485
1 0.335303 0.610669 0.069387 0.103569
2 0.610276 0.302456 0.071525 0.06508
2 0.9407 0.264836 0.020665 0.043459
1 0.633795 0.795206 0.149193 0.23387
0 0.049851 0.347892 0.045197 0.212903
