0 0.318838 0.145116 0.035912 0.16129
0 0.040133 0.44289 0.066764 0.134751
0 0.048543 0.464098 0.067414 0.136331
0 0.04044 0.514531 0.061783 0.164865
0 0.065145 0.574869 0.068177 0.186529
0 0.087727 0.622592 0.076389 0.238598
0 0.141086 0.795807 0.141935 0.302795
0 0.250983 0.928394 0.098034 0.141823
0 0.393769 0.962007 0.082447 0.079122
0 0.202558 0.575544 0.072315 0.253232
0 0.245742 0.624681 0.124045 0.315855
2 0.765947 0.113613 0.031349 0.024013
1 0.173035 0.463496 0.026031 0.069572
1 0.166649 0.406255 0.024054 0.048622
1 0.198277 0.424021 0.038017 0.064864
1 0.22649 0.368899 0.044391 0.065282
2 0.883574 0.193529 0.030208 0.031017
2 0.827736 0.222023 0.056767 0.040411
2 0.399168 0.527621 0.085685 0.204973
2 0.884291 0.149364 0.025503 0.030307
2 0.702479 0.322146 0.10979 0.084896
1 0.623148 0.872043 0.145539 0.201613
2 0.940335 0.184424 0.02317 0.035437
0 0.103943 0.421888 0.064567 0.305764
