0 0.264764 0.159556 0.04311 0.167876
0 0.044757 0.447047 0.071331 0.138586
0 0.0485 0.466166 0.05067 0.150679
0 0.02824 0.519057 0.037383 0.173916
0 0.069377 0.551215 0.060628 0.146123
0 0.098296 0.640059 0.097526 0.273531
0 0.141502 0.795593 0.151169 0.302991
0 0.246031 0.920553 0.103251 0.157504
0 0.39304 0.945013 0.083452 0.108586
0 0.202558 0.575544 0.072315 0.253232
0 0.245655 0.62568 0.124045 0.315855
1 0.139376 0.379814 0.038412 0.038464
2 0.810915 0.148716 0.026165 0.024895
2 0.637107 0.213043 0.056371 0.05401
2 0.49251 0.289948 0.106314 0.055842
2 0.275849 0.423954 0.118634 0.076303
1 0.344377 0.462886 0.120659 0.049572
2 0.713394 0.24234 0.047922 0.040808
1 0.302645 0.560298 0.072079 0.150819
2 0.848768 0.162699 0.017755 0.03608
1 0.260416 0.583992 0.056709 0.076907
2 0.923044 0.203848 0.019983 0.024843
2 0.892573 0.249287 0.020484 0.033875
0 0.037625 0.350874 0.036582 0.188499
