0 0.301387 0.176305 0.058594 0.110752
0 0.0433 0.444182 0.079231 0.131027
0 0.052287 0.472367 0.050863 0.159144
0 0.02824 0.519057 0.037383 0.173916
0 0.069377 0.551215 0.060628 0.146123
0 0.088133 0.645328 0.119299 0.245097
0 0.139567 0.8091 0.161947 0.291522
0 0.244141 0.925564 0.096842 0.145399
0 0.401905 0.952061 0.082732 0.098431
0 0.191854 0.562428 0.06307 0.233652
0 0.236003 0.625723 0.099284 0.321181
0 0.322431 0.664663 0.133494 0.352773
1 0.118728 0.376416 0.031129 0.049399
1 0.182718 0.429039 0.036512 0.056832
2 0.293632 0.373541 0.10339 0.04569
2 0.66203 0.180703 0.062549 0.029655
2 0.790408 0.136897 0.028588 0.022055
1 0.341226 0.61603 0.045592 0.079003
1 0.261327 0.556467 0.040123 0.073275
2 0.880905 0.179255 0.029943 0.034249
1 0.300391 0.498076 0.095608 0.059882
2 0.816363 0.189419 0.03049 0.031135
1 0.84982 0.442896 0.059577 0.09942
2 0.64292 0.636813 0.143766 0.133877
