0 0.257679 0.160306 0.058096 0.156192
0 0.049981 0.443841 0.047069 0.13285
0 0.048543 0.464098 0.067414 0.136331
0 0.04044 0.514531 0.061783 0.164865
0 0.065145 0.574869 0.068177 0.186529
0 0.087727 0.622592 0.076389 0.238598
0 0.141086 0.795807 0.141935 0.302795
0 0.250124 0.927318 0.095065 0.143974
0 0.399932 0.9457 0.089979 0.107212
0 0.202558 0.575544 0.072315 0.253232
0 0.245655 0.62568 0.124045 0.315855
2 0.387463 0.255291 0.054688 0.044974
2 0.840735 0.121945 0.017997 0.021143
2 0.82785 0.144289 0.026603 0.024545
2 0.796313 0.152442 0.030587 0.024895
2 0.748378 0.165639 0.0456 0.043658
1 0.347927 0.655452 0.079802 0.175565
1 0.270335 0.565875 0.031325 0.078267
1 0.249074 0.484588 0.044004 0.054699
2 0.682283 0.251965 0.04783 0.042263
1 0.245762 0.553362 0.028786 0.077599
2 0.935516 0.255303 0.020302 0.028328
2 0.910293 0.221277 0.022153 0.035749
0 0.059994 0.302515 0.043633 0.187685
