0 0.074466 0.20894 0.023639 0.124282
0 0.075066 0.190146 0.023204 0.061812
0 0.102591 0.166793 0.018593 0.052579
0 0.126678 0.152209 0.021579 0.057545
0 0.195378 0.127466 0.021198 0.057782
2 0.580267 0.330701 0.099546 0.045363
1 0.105772 0.206423 0.011935 0.019961
1 0.097857 0.240192 0.014146 0.028321
1 0.291444 0.272907 0.053963 0.042403
1 0.815473 0.642822 0.051853 0.132743
2 0.465686 0.355492 0.083818 0.075019
2 0.112295 0.269555 0.017415 0.042285
1 0.132247 0.312103 0.024088 0.044754
0 0.086339 0.222991 0.02564 0.056548
