0 0.079576 0.231118 0.026306 0.075166
0 0.075066 0.190146 0.023204 0.061812
0 0.102683 0.166793 0.018593 0.052579
0 0.126678 0.152209 0.021579 0.057545
0 0.195378 0.127466 0.021198 0.057782
2 0.843621 0.496488 0.095366 0.090358
1 0.133019 0.302984 0.01995 0.031295
1 0.097587 0.24021 0.012069 0.033108
2 0.436116 0.349618 0.076495 0.084197
2 0.300071 0.244941 0.047781 0.043218
1 0.17189 0.166427 0.016014 0.01623
1 0.146824 0.202037 0.018251 0.024281
1 0.132747 0.188053 0.012171 0.020655
0 0.150331 0.14321 0.021121 0.055301
0 0.080816 0.214417 0.023318 0.052024
