0 0.080261 0.201868 0.023639 0.124282
0 0.075066 0.190146 0.023204 0.061812
0 0.102591 0.166793 0.018593 0.052579
0 0.126678 0.152209 0.021579 0.057545
0 0.195378 0.127466 0.021198 0.057782
2 0.403828 0.221399 0.043724 0.037762
1 0.146054 0.236807 0.014051 0.029375
1 0.098611 0.235996 0.015747 0.030231
2 0.177038 0.19587 0.020613 0.018016
2 0.40722 0.382949 0.033275 0.090929
2 0.359319 0.352698 0.052438 0.056558
1 0.10089 0.197926 0.015284 0.017981
2 0.113641 0.231229 0.015764 0.026875
0 0.150331 0.14321 0.021121 0.055301
0 0.086813 0.222849 0.025476 0.056438
