0 0.074491 0.203497 0.023639 0.124282
0 0.075066 0.190146 0.023204 0.061812
0 0.102591 0.166793 0.018593 0.052579
0 0.126678 0.152209 0.021579 0.057545
0 0.195378 0.127466 0.021198 0.057782
2 0.2826 0.176612 0.043724 0.042295
1 0.08453 0.196158 0.011071 0.021851
1 0.103532 0.239171 0.014569 0.025434
1 0.502986 0.41547 0.045591 0.109338
2 0.848385 0.627573 0.048943 0.11039
2 0.324977 0.245666 0.045379 0.038303
1 0.125126 0.321077 0.027067 0.051023
1 0.177728 0.372903 0.02944 0.076416
0 0.086006 0.224607 0.024573 0.054476
