0 0.087848 0.240105 0.024111 0.158924
0 0.074868 0.188625 0.02175 0.062023
0 0.102074 0.166984 0.01906 0.056017
0 0.127885 0.153604 0.017344 0.060328
0 0.194622 0.126127 0.019983 0.059328
1 0.231551 0.140334 0.016396 0.025035
0 0.126649 0.154234 0.010534 0.053579
1 0.120138 0.275952 0.019688 0.039625
1 0.521174 0.376056 0.107205 0.102589
2 0.371369 0.272755 0.073643 0.066907
1 0.177395 0.163156 0.015455 0.014871
2 0.498274 0.959436 0.187826 0.079739
2 0.358042 0.572308 0.115123 0.160184
0 0.166591 0.138424 0.015299 0.056862
0 0.148001 0.144173 0.02038 0.051976
