0 0.083203 0.238233 0.03166 0.135625
0 0.075594 0.189242 0.020871 0.061807
0 0.102074 0.166984 0.01906 0.056017
0 0.126832 0.151663 0.021579 0.057545
0 0.195229 0.125353 0.021198 0.057782
1 0.227825 0.142419 0.017436 0.025038
0 0.120884 0.158107 0.009336 0.050784
1 0.112237 0.284542 0.018249 0.042664
1 0.751435 0.605922 0.07624 0.173763
1 0.712357 0.54753 0.046777 0.141482
2 0.181895 0.167925 0.021741 0.013271
2 0.2709 0.668793 0.098105 0.189279
2 0.449969 0.90604 0.155695 0.189273
0 0.15458 0.142116 0.01728 0.062216
0 0.161122 0.127917 0.015974 0.078016
