0 0.084369 0.249049 0.031556 0.164655
0 0.075438 0.187669 0.02289 0.060112
0 0.102074 0.166984 0.01906 0.056017
0 0.127885 0.153604 0.017344 0.060328
0 0.194622 0.126127 0.019983 0.059328
1 0.231551 0.140334 0.016396 0.025035
0 0.126815 0.152679 0.012051 0.055162
1 0.12497 0.281244 0.019497 0.038259
2 0.451225 0.318721 0.07543 0.069486
2 0.3175 0.236087 0.063341 0.047951
1 0.176143 0.163689 0.015788 0.015829
2 0.502489 0.96014 0.187737 0.081952
2 0.318825 0.50284 0.072497 0.125718
0 0.166591 0.138424 0.015299 0.056862
0 0.147454 0.144963 0.017592 0.053028
