0 0.077012 0.211757 0.023639 0.124282
0 0.075066 0.190146 0.023204 0.061812
0 0.102683 0.166793 0.018593 0.052579
0 0.126678 0.152209 0.021579 0.057545
0 0.195378 0.127466 0.021198 0.057782
2 0.290942 0.184171 0.031848 0.020724
1 0.252889 0.363736 0.03061 0.06578
1 0.098863 0.23862 0.012195 0.033317
2 0.193076 0.175567 0.020224 0.021851
1 0.173103 0.164912 0.014118 0.022135
2 0.190302 0.202926 0.02604 0.025639
1 0.130322 0.182493 0.014341 0.021725
2 0.11411 0.189046 0.009382 0.015935
0 0.150331 0.14321 0.021121 0.055301
0 0.080637 0.223368 0.022017 0.052174
