0 0.080455 0.232475 0.020945 0.148962
0 0.076079 0.190687 0.021178 0.06073
0 0.102074 0.166984 0.01906 0.056017
0 0.126832 0.151663 0.021579 0.057545
0 0.195229 0.125353 0.021198 0.057782
1 0.232972 0.141101 0.015672 0.025406
1 0.113519 0.274549 0.018637 0.033432
1 0.776667 0.680285 0.071402 0.173093
1 0.725241 0.564747 0.068359 0.113358
2 0.200123 0.175082 0.023087 0.017378
2 0.204754 0.53669 0.051757 0.11175
2 0.378803 0.823309 0.087302 0.273392
0 0.154563 0.143308 0.016868 0.050505
0 0.128461 0.158829 0.018029 0.043774
