0 0.074491 0.203497 0.023639 0.124282
0 0.075066 0.190146 0.023204 0.061812
0 0.102591 0.166793 0.018593 0.052579
0 0.126678 0.152209 0.021579 0.057545
0 0.195378 0.127466 0.021198 0.057782
1 0.294157 0.18461 0.026783 0.038156
1 0.085106 0.195953 0.011071 0.021851
1 0.103532 0.239171 0.014569 0.025434
1 0.503125 0.426157 0.060937 0.106481
2 0.828219 0.641928 0.059916 0.121222
2 0.328348 0.24738 0.045866 0.043808
1 0.127377 0.3205 0.026834 0.041453
1 0.175664 0.361628 0.029332 0.056931
0 0.086006 0.224607 0.024573 0.054476
