0 0.074491 0.203497 0.023639 0.124282
0 0.075066 0.190146 0.023204 0.061812
0 0.102591 0.166793 0.018593 0.052579
0 0.126678 0.152209 0.021579 0.057545
0 0.195378 0.127466 0.021198 0.057782
2 0.301325 0.190972 0.047721 0.023983
1 0.08523 0.196393 0.011071 0.021851
1 0.103532 0.239171 0.014569 0.025434
1 0.494872 0.412893 0.043101 0.095635
2 0.829586 0.636565 0.057181 0.131949
2 0.329301 0.247006 0.043785 0.043199
1 0.125064 0.320066 0.028526 0.044367
1 0.175664 0.361628 0.029332 0.056931
0 0.086006 0.224607 0.024573 0.054476
