0 0.086391 0.238011 0.021197 0.154736
0 0.075013 0.189273 0.021461 0.060726
0 0.102074 0.166984 0.01906 0.056017
0 0.127885 0.153604 0.017344 0.060328
0 0.195127 0.125519 0.020993 0.058113
1 0.227074 0.141563 0.016855 0.022696
0 0.126112 0.154234 0.010534 0.053579
1 0.122183 0.278139 0.019688 0.039625
1 0.61837 0.461082 0.130103 0.127491
2 0.456035 0.348862 0.093789 0.07025
2 0.178774 0.164568 0.017122 0.016129
2 0.452673 0.927192 0.226685 0.144227
1 0.466234 0.729955 0.141553 0.192728
0 0.165948 0.13871 0.015299 0.056862
0 0.14686 0.141449 0.018029 0.058093
