0 0.082715 0.254459 0.032415 0.168461
0 0.075438 0.187669 0.02289 0.060112
0 0.102525 0.166984 0.01906 0.056017
0 0.127885 0.153604 0.017344 0.060328
0 0.194622 0.126127 0.019983 0.059328
1 0.235214 0.140019 0.017697 0.027739
0 0.125593 0.155121 0.011247 0.051815
1 0.126399 0.280398 0.019497 0.038259
2 0.416801 0.303564 0.076629 0.071593
2 0.290607 0.222379 0.047964 0.039496
1 0.175697 0.164667 0.015788 0.015829
2 0.533907 0.950806 0.122207 0.101297
1 0.304747 0.46766 0.06194 0.110278
0 0.166288 0.137986 0.01684 0.055987
0 0.148845 0.142323 0.016956 0.054182
