0 0.083462 0.204696 0.035407 0.094623
0 0.074201 0.186876 0.022074 0.055793
0 0.103029 0.166042 0.017091 0.050369
0 0.127389 0.152485 0.018364 0.054776
0 0.196035 0.128201 0.021887 0.057157
2 0.23417 0.14803 0.018008 0.028073
1 0.107234 0.202351 0.019156 0.024585
1 0.117792 0.223244 0.02151 0.024857
2 0.177394 0.202958 0.026948 0.029047
1 0.224357 0.223514 0.034967 0.03754
2 0.415187 0.334945 0.07036 0.069326
2 0.665687 0.801528 0.106968 0.197404
1 0.586604 0.901952 0.099663 0.1983
0 0.148829 0.142552 0.019037 0.056992
