0 0.079125 0.205213 0.023639 0.124282
0 0.075066 0.190146 0.023204 0.061812
0 0.102591 0.166793 0.018593 0.052579
0 0.126678 0.152209 0.021579 0.057545
0 0.195378 0.127466 0.021198 0.057782
2 0.691414 0.41406 0.134761 0.095865
1 0.141217 0.21637 0.015532 0.025917
1 0.097509 0.240423 0.013014 0.031881
2 0.205962 0.230404 0.034027 0.029685
2 0.623727 0.513949 0.153631 0.118797
2 0.577864 0.528908 0.120989 0.112305
1 0.096778 0.216854 0.00945 0.022199
1 0.118314 0.253521 0.017987 0.033269
0 0.228427 0.100121 0.015166 0.07366
0 0.086895 0.222904 0.02564 0.056548
