0 0.084332 0.249272 0.036172 0.115858
0 0.075747 0.188703 0.021178 0.06073
0 0.102074 0.166984 0.01906 0.056017
0 0.126832 0.151663 0.021579 0.057545
0 0.195229 0.125353 0.021198 0.057782
1 0.232151 0.14052 0.017312 0.026566
0 0.092907 0.17144 0.008717 0.04925
1 0.112729 0.278335 0.018637 0.033432
1 0.742097 0.602608 0.094374 0.160032
1 0.723147 0.57263 0.047172 0.144082
2 0.18699 0.170456 0.022026 0.021417
1 0.246276 0.621655 0.073051 0.192193
2 0.423276 0.921109 0.087527 0.151604
0 0.15458 0.142116 0.01728 0.062216
0 0.150509 0.133152 0.014743 0.076375
