0 0.07916 0.201616 0.021368 0.115999
0 0.075411 0.193065 0.024285 0.059224
0 0.102481 0.165865 0.018188 0.050723
0 0.073034 0.178104 0.015957 0.085142
0 0.195179 0.128604 0.020174 0.057963
1 0.235805 0.139263 0.014134 0.023577
1 0.08683 0.208903 0.010884 0.024012
1 0.130269 0.213414 0.016391 0.027663
1 0.46628 0.441125 0.096476 0.086991
1 0.649264 0.604819 0.133073 0.13602
2 0.223304 0.200516 0.033628 0.022678
1 0.219018 0.303222 0.025859 0.057791
1 0.198161 0.319196 0.026304 0.061546
0 0.148837 0.14416 0.018435 0.053172
