0 0.079726 0.228906 0.027082 0.082139
0 0.075066 0.190146 0.023204 0.061812
0 0.102683 0.166793 0.018593 0.052579
0 0.126678 0.152209 0.021579 0.057545
0 0.195378 0.127466 0.021198 0.057782
2 0.570363 0.305099 0.041606 0.066748
1 0.11532 0.262905 0.015099 0.029305
1 0.101603 0.233966 0.025539 0.030887
1 0.820522 0.647065 0.056787 0.109179
2 0.552102 0.526533 0.118106 0.161772
1 0.165978 0.16723 0.019846 0.022113
1 0.160862 0.216142 0.018992 0.026968
1 0.140672 0.194303 0.016294 0.028191
0 0.150183 0.144224 0.021416 0.053274
0 0.071858 0.177064 0.016013 0.075472
