0 0.08158 0.199971 0.022109 0.115138
0 0.076036 0.190447 0.023037 0.064459
0 0.102481 0.165865 0.018188 0.050723
0 0.127389 0.152485 0.018364 0.054776
0 0.196035 0.128201 0.021887 0.057157
1 0.233471 0.143214 0.015708 0.032869
1 0.08795 0.200685 0.010579 0.020602
1 0.11912 0.224228 0.023174 0.028515
1 0.24175 0.271783 0.04409 0.047085
2 0.312866 0.32038 0.057243 0.073167
2 0.286494 0.250898 0.041596 0.031126
2 0.317646 0.402528 0.067833 0.083167
1 0.284782 0.459914 0.052629 0.108117
0 0.148264 0.144339 0.020167 0.053417
