0 0.072796 0.22692 0.023419 0.133629
0 0.075066 0.190146 0.023204 0.061812
0 0.102591 0.166793 0.018593 0.052579
0 0.126832 0.151663 0.021579 0.057545
0 0.195378 0.127466 0.021198 0.057782
1 0.226151 0.145535 0.013624 0.025701
1 0.107722 0.259779 0.016834 0.032269
2 0.737772 0.65006 0.150815 0.111715
2 0.803753 0.584969 0.046649 0.106443
2 0.23021 0.190947 0.023888 0.025945
1 0.157121 0.420455 0.025478 0.053384
2 0.236659 0.543857 0.070103 0.120083
0 0.06165 0.189573 0.015748 0.080967
0 0.28685 0.088196 0.018558 0.070842
