0 0.075853 0.210349 0.026011 0.113352
0 0.075539 0.193928 0.024541 0.06095
0 0.102683 0.166793 0.018593 0.052579
0 0.072247 0.178236 0.015957 0.085142
0 0.195179 0.128604 0.020174 0.057963
2 0.236808 0.143425 0.016764 0.017245
1 0.096417 0.211408 0.011838 0.022519
1 0.124987 0.220401 0.016924 0.024337
1 0.673498 0.570515 0.079428 0.139617
1 0.685826 0.679934 0.062497 0.175885
2 0.19538 0.183116 0.031385 0.018582
2 0.212011 0.273154 0.025612 0.048899
2 0.183998 0.264867 0.024689 0.040905
0 0.148837 0.14416 0.018435 0.053172
