0 0.074491 0.203497 0.023639 0.124282
0 0.075066 0.190146 0.023204 0.061812
0 0.102591 0.166793 0.018593 0.052579
0 0.126678 0.152209 0.021579 0.057545
0 0.195378 0.127466 0.021198 0.057782
2 0.284731 0.181406 0.032153 0.026455
1 0.08443 0.194909 0.011071 0.021851
1 0.105161 0.238994 0.015618 0.025796
1 0.508142 0.416356 0.048299 0.109881
2 0.854953 0.611595 0.048943 0.11039
2 0.323082 0.248412 0.045379 0.038303
1 0.124731 0.325011 0.024526 0.043303
2 0.17949 0.375876 0.029451 0.057393
0 0.086006 0.224607 0.024573 0.054476
