0 0.077012 0.211757 0.023639 0.124282
0 0.075066 0.190146 0.023204 0.061812
0 0.102683 0.166793 0.018593 0.052579
0 0.126678 0.152209 0.021579 0.057545
0 0.195378 0.127466 0.021198 0.057782
2 0.300809 0.18706 0.026959 0.03081
1 0.261644 0.372366 0.03759 0.067636
1 0.099223 0.238565 0.015877 0.039537
2 0.20064 0.176095 0.0255 0.027654
1 0.175839 0.161421 0.014186 0.022911
1 0.190299 0.199492 0.023341 0.02253
1 0.130322 0.182493 0.014341 0.021725
1 0.113321 0.188467 0.009307 0.017827
0 0.150331 0.14321 0.021121 0.055301
0 0.080637 0.223368 0.022017 0.052174
