0 0.584585 0.142628 0.044171 0.142094
0 0.800781 0.261455 0.046408 0.131173
0 0.979047 0.411335 0.040958 0.103256
0 0.880943 0.284806 0.036113 0.177914
0 0.970031 0.49411 0.057008 0.176364
0 0.856018 0.515017 0.093384 0.243056
1 0.652432 0.687812 0.111043 0.195849
1 0.774601 0.323005 0.029977 0.062479
1 0.579984 0.258421 0.039176 0.057411
1 0.168441 0.154356 0.012542 0.039547
1 0.173743 0.147101 0.009324 0.036091
2 0.447126 0.285218 0.097191 0.061177
2 0.306471 0.160457 0.051699 0.036141
2 0.338353 0.166519 0.05448 0.034906
