0 0.583079 0.140945 0.034437 0.148483
0 0.800781 0.261455 0.046408 0.131173
0 0.980632 0.408094 0.040619 0.103017
0 0.982731 0.450336 0.033758 0.124328
0 0.970538 0.494752 0.055995 0.175078
0 0.856018 0.515017 0.093384 0.243056
2 0.673538 0.683708 0.090775 0.174406
1 0.845258 0.385433 0.025325 0.094213
1 0.582866 0.244004 0.038906 0.055362
2 0.299494 0.177701 0.055242 0.036713
2 0.255039 0.165923 0.04828 0.029724
2 0.252156 0.189863 0.04873 0.028603
2 0.235179 0.144033 0.029257 0.021148
1 0.246067 0.13419 0.033673 0.020322
