0 0.541126 0.151653 0.03554 0.08465
0 0.797779 0.264258 0.048925 0.136779
0 0.979539 0.415487 0.039974 0.094952
0 0.980464 0.449779 0.040691 0.136654
0 0.974653 0.49911 0.045324 0.181554
0 0.858149 0.517118 0.095973 0.24246
2 0.119745 0.21012 0.016307 0.058166
1 0.462581 0.188099 0.03754 0.039483
1 0.583732 0.231922 0.037172 0.052643
1 0.145627 0.154632 0.010009 0.040057
2 0.184262 0.1503 0.030922 0.027715
1 0.799451 0.51528 0.076724 0.117567
2 0.523014 0.256645 0.098125 0.061441
2 0.683804 0.334603 0.104167 0.073535
0 0.91336 0.305245 0.035912 0.15681
