0 0.544263 0.148917 0.036033 0.093402
0 0.797779 0.264258 0.048925 0.136779
0 0.977333 0.411007 0.044385 0.103913
0 0.977062 0.453699 0.041321 0.128814
0 0.969421 0.497907 0.055787 0.183959
0 0.856655 0.517891 0.094657 0.248803
2 0.20507 0.240636 0.076251 0.075538
1 0.587778 0.237137 0.044202 0.062375
1 0.557195 0.241877 0.046144 0.064095
1 0.146439 0.154501 0.010009 0.040057
1 0.178723 0.148684 0.009575 0.040825
2 0.79208 0.47486 0.119946 0.099452
2 0.413398 0.203798 0.066661 0.04129
2 0.505407 0.245953 0.085095 0.057649
0 0.906178 0.576325 0.078269 0.380684
