0 0.480381 0.109238 0.03204 0.120162
0 0.809429 0.270522 0.045476 0.129906
0 0.982731 0.415054 0.033758 0.125448
0 0.977463 0.462758 0.045905 0.153651
0 0.872696 0.524637 0.076314 0.245947
1 0.642783 0.657364 0.096743 0.241185
0 0.837189 0.285475 0.024289 0.115759
1 0.470037 0.184609 0.047408 0.037161
2 0.423761 0.286061 0.088 0.056275
2 0.145817 0.161069 0.011461 0.037425
1 0.160723 0.152253 0.012747 0.042983
2 0.296275 0.131751 0.037491 0.033452
1 0.252189 0.126003 0.033676 0.033747
0 0.939507 0.336278 0.040089 0.166513
0 0.906005 0.581654 0.097012 0.397086
