0 0.505035 0.112849 0.027322 0.12809
0 0.809429 0.270522 0.045476 0.129906
0 0.982731 0.415054 0.033758 0.125448
0 0.977463 0.462758 0.045905 0.153651
0 0.872696 0.524637 0.076314 0.245947
1 0.701312 0.610788 0.109325 0.174053
0 0.836487 0.285059 0.024289 0.115759
1 0.492608 0.19148 0.047408 0.037161
2 0.358777 0.24851 0.066832 0.048626
2 0.127278 0.167618 0.018208 0.039525
1 0.162982 0.151519 0.014138 0.042022
1 0.312694 0.132959 0.030592 0.027425
2 0.267105 0.127173 0.031565 0.029166
0 0.753459 0.208333 0.029928 0.149254
