0 0.548206 0.12668 0.042984 0.144579
0 0.797779 0.264258 0.048925 0.136779
0 0.979134 0.411619 0.04095 0.108707
0 0.9497 0.37064 0.041798 0.204989
0 0.969421 0.497907 0.055787 0.183959
0 0.856655 0.517891 0.094657 0.248803
2 0.299269 0.315367 0.133569 0.109767
1 0.656009 0.273299 0.049057 0.065254
1 0.565735 0.243708 0.044185 0.058194
1 0.145406 0.156649 0.010009 0.040057
1 0.174729 0.150264 0.009575 0.040825
2 0.70557 0.429898 0.133419 0.105854
2 0.357872 0.182593 0.056685 0.034813
2 0.455913 0.213521 0.068645 0.051055
0 0.262223 0.843828 0.116179 0.310954
