0 0.542367 0.123346 0.034477 0.140735
0 0.799442 0.260719 0.046663 0.130356
0 0.982558 0.408994 0.033936 0.107938
0 0.982335 0.450339 0.036746 0.135534
0 0.97016 0.498316 0.058899 0.172812
0 0.862481 0.516636 0.102664 0.238144
2 0.327147 0.319377 0.085383 0.064002
1 0.278106 0.14704 0.027433 0.024973
1 0.577216 0.231364 0.043195 0.057815
2 0.601109 0.385581 0.112247 0.086664
1 0.703527 0.400418 0.118904 0.105436
1 0.463646 0.246979 0.080911 0.057936
1 0.840838 0.444045 0.027897 0.077559
1 0.868549 0.445572 0.024545 0.093332
0 0.588234 0.187561 0.048735 0.072693
