0 0.541126 0.151653 0.03554 0.08465
0 0.798101 0.262189 0.045827 0.132641
0 0.977963 0.409886 0.043125 0.106153
0 0.978108 0.447539 0.045101 0.136654
0 0.968982 0.50079 0.056664 0.178194
0 0.855916 0.518107 0.091508 0.244438
2 0.11164 0.183094 0.038817 0.033811
1 0.407288 0.167994 0.035843 0.04271
1 0.587739 0.229299 0.045803 0.051478
1 0.179553 0.15398 0.030632 0.025979
2 0.221677 0.175293 0.042616 0.02828
1 0.79981 0.515623 0.077442 0.089131
2 0.608571 0.299304 0.114764 0.08813
2 0.76366 0.376766 0.115825 0.087775
0 0.654975 0.171114 0.03897 0.138387
