0 0.542367 0.123346 0.034477 0.140735
0 0.799442 0.261718 0.046663 0.130356
0 0.982558 0.408994 0.033936 0.107938
0 0.973116 0.452579 0.055182 0.131054
0 0.97016 0.498316 0.058899 0.172812
0 0.85676 0.516278 0.091223 0.237428
2 0.620458 0.558569 0.194316 0.172198
1 0.34842 0.164403 0.026037 0.024852
1 0.574125 0.231605 0.043195 0.057815
1 0.809418 0.495426 0.04265 0.11634
1 0.324483 0.221556 0.065341 0.050515
1 0.360573 0.198974 0.05916 0.042807
1 0.863971 0.441875 0.034584 0.084879
1 0.856084 0.395602 0.095484 0.070864
0 0.588087 0.185871 0.051052 0.069905
