0 0.542367 0.123346 0.034477 0.140735
0 0.799442 0.260719 0.046663 0.130356
0 0.982558 0.408994 0.033936 0.107938
0 0.981062 0.450339 0.039266 0.135534
0 0.97016 0.498316 0.058899 0.172812
0 0.861401 0.517751 0.104315 0.242633
2 0.294236 0.288128 0.099532 0.07688
1 0.277014 0.14704 0.027433 0.024973
1 0.581532 0.233845 0.043195 0.057815
1 0.611341 0.376534 0.148286 0.088241
2 0.743206 0.443878 0.145392 0.110361
2 0.459912 0.253736 0.080911 0.057936
1 0.837008 0.436556 0.027897 0.077559
1 0.868516 0.434562 0.032904 0.076758
0 0.588234 0.187561 0.048735 0.072693
