0 0.455237 0.099911 0.02859 0.123033
0 0.807125 0.271525 0.040868 0.131912
0 0.982731 0.415054 0.033758 0.125448
0 0.977463 0.462758 0.045905 0.153651
0 0.872696 0.524637 0.076314 0.245947
1 0.687281 0.701413 0.112871 0.185134
0 0.841356 0.288181 0.032671 0.115165
1 0.450268 0.171865 0.047408 0.037161
2 0.530928 0.349445 0.133164 0.077213
1 0.150974 0.1627 0.008971 0.038411
1 0.154957 0.15318 0.008279 0.037206
2 0.275878 0.123155 0.030402 0.030481
2 0.239487 0.121554 0.030098 0.029203
0 0.968889 0.511696 0.054006 0.183653
0 0.904022 0.414658 0.041839 0.158321
