0 0.542367 0.123346 0.034477 0.140735
0 0.800751 0.260088 0.044043 0.133616
0 0.982558 0.408994 0.033936 0.107938
0 0.984225 0.450899 0.032965 0.134414
0 0.97016 0.498316 0.058899 0.172812
0 0.85676 0.516278 0.091223 0.237428
2 0.689978 0.623758 0.114835 0.179953
1 0.339765 0.16206 0.026037 0.024852
1 0.574125 0.229365 0.043195 0.057815
1 0.812297 0.507893 0.050753 0.118474
2 0.344386 0.230979 0.065341 0.050515
2 0.364105 0.202334 0.05916 0.042807
2 0.861152 0.442669 0.028946 0.086467
2 0.8732 0.419096 0.041474 0.08259
0 0.587989 0.184645 0.051248 0.072356
