0 0.541126 0.151653 0.03554 0.08465
0 0.797779 0.264258 0.048925 0.136779
0 0.978278 0.411567 0.042494 0.102793
0 0.982354 0.452019 0.036911 0.134414
0 0.974023 0.49799 0.046584 0.183794
0 0.858149 0.517118 0.095973 0.24246
1 0.119099 0.20365 0.014491 0.058244
1 0.458566 0.186151 0.049467 0.055977
1 0.582366 0.237966 0.046438 0.061282
1 0.149012 0.15446 0.013216 0.044037
2 0.19054 0.150552 0.033406 0.025876
1 0.796325 0.512548 0.078034 0.109864
2 0.54404 0.266084 0.093876 0.069444
2 0.705122 0.348344 0.109413 0.081897
0 0.851293 0.269705 0.03696 0.168025
