0 0.580071 0.139111 0.052467 0.154196
0 0.800781 0.261455 0.046408 0.131173
0 0.980858 0.410989 0.037335 0.103948
0 0.883057 0.285027 0.031886 0.174351
0 0.970031 0.49411 0.057008 0.176364
0 0.856018 0.515017 0.093384 0.243056
2 0.681664 0.686498 0.069106 0.163615
1 0.769073 0.339637 0.027303 0.091166
2 0.580923 0.252997 0.043933 0.057423
1 0.168418 0.155554 0.00977 0.034492
2 0.174507 0.146119 0.010256 0.033337
2 0.475798 0.295188 0.113767 0.06128
2 0.314916 0.167927 0.051699 0.036141
2 0.353106 0.175714 0.05448 0.034906
