0 0.541126 0.151653 0.03554 0.08465
0 0.79931 0.260609 0.046926 0.130575
0 0.982558 0.408994 0.033936 0.107938
0 0.982606 0.452019 0.036281 0.132174
0 0.969421 0.497907 0.055787 0.183959
0 0.855916 0.518107 0.091508 0.244438
2 0.132734 0.183747 0.031912 0.050427
1 0.369553 0.155758 0.028728 0.032792
1 0.577333 0.223323 0.040918 0.042574
2 0.213416 0.164753 0.05704 0.054814
1 0.307327 0.214663 0.060749 0.05132
1 0.80611 0.504982 0.064841 0.110413
2 0.699665 0.343813 0.102687 0.066316
2 0.834173 0.404973 0.120968 0.089606
0 0.597318 0.184821 0.035064 0.072178
