0 0.507327 0.111983 0.030979 0.130156
0 0.809429 0.270522 0.045476 0.129906
0 0.982731 0.415054 0.033758 0.125448
0 0.977463 0.462758 0.045905 0.153651
0 0.872696 0.524637 0.076314 0.245947
1 0.680701 0.628192 0.105614 0.179566
0 0.836487 0.285059 0.024289 0.115759
1 0.489131 0.186757 0.047408 0.037161
2 0.385652 0.263688 0.059488 0.049589
1 0.127757 0.16276 0.015218 0.039707
1 0.302859 0.131305 0.034402 0.029863
2 0.260517 0.12639 0.030882 0.028493
0 0.824925 0.245995 0.032656 0.149475
0 0.357108 0.824268 0.110337 0.353514
