0 0.558289 0.12529 0.033604 0.144018
0 0.800054 0.263037 0.047887 0.132993
0 0.98305 0.404339 0.034397 0.104019
0 0.977463 0.462758 0.045905 0.153651
0 0.853751 0.518246 0.098128 0.238652
2 0.129822 0.172373 0.028915 0.028372
1 0.747086 0.328219 0.045052 0.050956
1 0.568788 0.216228 0.038027 0.055842
1 0.2636 0.174616 0.036056 0.037326
1 0.145059 0.149094 0.011282 0.035752
1 0.180097 0.163695 0.02791 0.030048
1 0.468008 0.185699 0.049368 0.035323
2 0.370944 0.151952 0.034322 0.033371
0 0.594501 0.189692 0.040293 0.069991
