0 0.541126 0.151653 0.03554 0.08465
0 0.797779 0.264258 0.048925 0.136779
0 0.982558 0.408994 0.033936 0.107938
0 0.98156 0.452579 0.038801 0.131054
0 0.969421 0.497907 0.055787 0.183959
0 0.856655 0.517891 0.094657 0.248803
2 0.160345 0.219041 0.076235 0.076165
2 0.544016 0.216695 0.047206 0.04683
1 0.56101 0.241208 0.052211 0.064495
1 0.146371 0.154743 0.010009 0.040057
2 0.176569 0.147103 0.009575 0.040825
1 0.802934 0.48241 0.079911 0.09887
1 0.443879 0.216187 0.066288 0.047073
2 0.573967 0.277845 0.088206 0.059364
0 0.94298 0.46188 0.052552 0.279277
