0 0.564362 0.132344 0.031276 0.142204
0 0.799442 0.261718 0.046663 0.130356
0 0.98242 0.40658 0.035657 0.099539
0 0.979684 0.459356 0.039851 0.143789
0 0.924299 0.547331 0.084365 0.351486
0 0.855917 0.516956 0.09291 0.236072
2 0.128315 0.18016 0.045115 0.034316
1 0.53811 0.248442 0.039824 0.041227
1 0.579036 0.230765 0.043195 0.057815
1 0.379833 0.209802 0.056868 0.046946
2 0.177453 0.156523 0.036258 0.026693
2 0.197734 0.146291 0.038673 0.025508
2 0.765299 0.32142 0.091126 0.06854
1 0.478526 0.194213 0.063613 0.051897
0 0.594501 0.189692 0.040293 0.069991
