0 0.541126 0.151653 0.03554 0.08465
0 0.797779 0.264258 0.048925 0.136779
0 0.982558 0.408994 0.033936 0.107938
0 0.981485 0.453139 0.038171 0.129934
0 0.969421 0.497907 0.055787 0.183959
0 0.856655 0.517891 0.094657 0.248803
2 0.178344 0.22552 0.069219 0.072167
1 0.55374 0.22483 0.043861 0.055129
1 0.555113 0.240228 0.042748 0.060674
1 0.146371 0.154743 0.010009 0.040057
1 0.808434 0.501455 0.072693 0.0787
2 0.433001 0.214348 0.066288 0.047073
1 0.551099 0.27028 0.085095 0.057649
0 0.946434 0.486656 0.066557 0.284662
