0 0.544932 0.150102 0.035177 0.090616
0 0.79931 0.260609 0.046926 0.130575
0 0.982558 0.408994 0.033936 0.107938
0 0.983236 0.452579 0.035021 0.137775
0 0.969421 0.497907 0.055787 0.183959
0 0.855397 0.514736 0.096614 0.237695
2 0.177697 0.203268 0.055459 0.049726
1 0.301776 0.138342 0.027192 0.030742
1 0.591554 0.228893 0.042875 0.048481
1 0.355216 0.247553 0.078379 0.068424
2 0.680274 0.441748 0.15213 0.100431
1 0.585351 0.325202 0.12088 0.096817
1 0.83382 0.444942 0.030949 0.101514
1 0.871992 0.448181 0.035251 0.101756
0 0.59112 0.183397 0.04746 0.075027
