0 0.540736 0.151943 0.03632 0.08407
0 0.79931 0.260609 0.046926 0.130575
0 0.982558 0.408994 0.033936 0.107938
0 0.981434 0.450899 0.038801 0.134414
0 0.969421 0.497907 0.055787 0.183959
0 0.855397 0.514736 0.096614 0.237695
2 0.150479 0.196593 0.055459 0.049726
1 0.310233 0.137626 0.027192 0.030742
1 0.591554 0.228893 0.042875 0.048481
1 0.32805 0.231332 0.072227 0.058304
2 0.61119 0.404335 0.124849 0.081608
2 0.622358 0.345086 0.118692 0.092892
1 0.791821 0.400072 0.093481 0.081693
1 0.852098 0.424143 0.028414 0.082628
0 0.59112 0.183397 0.04746 0.075027
