0 0.540736 0.151943 0.03632 0.08407
0 0.79931 0.260609 0.046926 0.130575
0 0.982558 0.408994 0.033936 0.107938
0 0.983476 0.452579 0.035021 0.131054
0 0.969421 0.497907 0.055787 0.183959
0 0.856489 0.515533 0.092653 0.239289
1 0.124344 0.180107 0.037787 0.038487
1 0.337222 0.14425 0.027192 0.030742
1 0.583173 0.23014 0.045853 0.056208
1 0.257341 0.196697 0.062435 0.049168
2 0.4176 0.275811 0.065757 0.04775
1 0.753528 0.454816 0.132308 0.122088
1 0.752898 0.377531 0.100806 0.066084
1 0.839844 0.410573 0.050403 0.076165
0 0.590313 0.186373 0.049074 0.069073
