0 0.564051 0.132344 0.031276 0.142204
0 0.799442 0.261718 0.046663 0.130356
0 0.98305 0.404339 0.034397 0.104019
0 0.977463 0.462758 0.045905 0.153651
0 0.86277 0.516194 0.106617 0.234548
1 0.09968 0.175477 0.012869 0.04056
1 0.670789 0.310276 0.046859 0.046994
1 0.573642 0.223756 0.034672 0.051053
1 0.296969 0.184948 0.038622 0.039065
1 0.146026 0.156792 0.012192 0.042903
1 0.171128 0.155459 0.012207 0.047229
2 0.556904 0.226877 0.051768 0.047052
1 0.416553 0.170489 0.04391 0.04558
0 0.594501 0.189692 0.040293 0.069991
