0 0.454071 0.115306 0.034128 0.09624
0 0.807713 0.269112 0.040546 0.136737
0 0.982731 0.415054 0.033758 0.125448
0 0.977463 0.462758 0.045905 0.153651
0 0.872696 0.524637 0.076314 0.245947
1 0.689814 0.688 0.098126 0.171788
0 0.840835 0.287718 0.032671 0.115165
1 0.449008 0.172985 0.047408 0.037161
1 0.560537 0.361393 0.13695 0.074131
1 0.150183 0.162981 0.008971 0.038411
1 0.154325 0.152337 0.008279 0.037206
2 0.275113 0.127736 0.031662 0.028241
2 0.240432 0.123234 0.029468 0.028083
0 0.966344 0.511373 0.066532 0.160587
0 0.904022 0.414658 0.041839 0.158321
