0 0.542118 0.150491 0.040324 0.090254
0 0.797779 0.264258 0.048925 0.136779
0 0.976703 0.410447 0.045645 0.105033
0 0.970131 0.452579 0.055182 0.131054
0 0.969421 0.497907 0.055787 0.183959
0 0.856655 0.517891 0.094657 0.248803
2 0.184857 0.230749 0.085176 0.07291
2 0.565818 0.232209 0.041498 0.058789
1 0.557927 0.244553 0.049721 0.067703
1 0.146371 0.154743 0.010009 0.040057
1 0.178094 0.148102 0.009575 0.040825
2 0.799713 0.482346 0.10749 0.105463
2 0.419258 0.207438 0.070003 0.050089
2 0.518999 0.248274 0.085095 0.057649
0 0.935982 0.509977 0.065007 0.299613
