0 0.411045 0.091244 0.028626 0.114789
0 0.801917 0.265305 0.052094 0.138062
0 0.983713 0.415054 0.033758 0.125448
0 0.977463 0.462758 0.045905 0.153651
0 0.855595 0.520341 0.099546 0.255376
1 0.664607 0.673017 0.153463 0.17956
0 0.977905 0.436022 0.034165 0.120906
1 0.415083 0.167075 0.045137 0.038968
1 0.831338 0.528181 0.058594 0.085125
2 0.186786 0.175808 0.043119 0.035591
2 0.257441 0.199816 0.0544 0.035755
1 0.217917 0.125825 0.017238 0.045888
1 0.245477 0.13567 0.034409 0.028903
0 0.966885 0.527342 0.067414 0.19339
0 0.97437 0.471617 0.052923 0.14897
