0 0.564051 0.132344 0.031276 0.142204
0 0.799442 0.261718 0.046663 0.130356
0 0.98305 0.404339 0.034397 0.104019
0 0.977463 0.462758 0.045905 0.153651
0 0.861066 0.517612 0.103208 0.237385
1 0.098297 0.176647 0.015155 0.041363
1 0.682526 0.313516 0.045052 0.050956
1 0.568917 0.223196 0.035302 0.049933
1 0.276759 0.186896 0.046281 0.041889
1 0.146026 0.156792 0.012192 0.042903
1 0.170061 0.155459 0.012207 0.047229
2 0.550764 0.227068 0.056486 0.051151
1 0.412402 0.164564 0.047167 0.039763
0 0.594501 0.189692 0.040293 0.069991
