0 0.542367 0.123346 0.034477 0.140735
0 0.799442 0.260719 0.046663 0.130356
0 0.982558 0.408994 0.033936 0.107938
0 0.98328 0.450899 0.034856 0.134414
0 0.97016 0.498316 0.058899 0.172812
0 0.856998 0.518876 0.091699 0.242624
2 0.503621 0.417688 0.12809 0.088818
1 0.294076 0.150099 0.027433 0.024973
1 0.574125 0.229365 0.043195 0.057815
1 0.653213 0.413598 0.074622 0.083556
2 0.538922 0.298873 0.107892 0.080032
1 0.420132 0.238064 0.066994 0.05604
1 0.856101 0.442747 0.028946 0.086467
1 0.873563 0.44151 0.028391 0.087205
0 0.588234 0.187561 0.048735 0.072693
