0 0.541126 0.151653 0.03554 0.08465
0 0.799159 0.261881 0.052777 0.132023
0 0.980169 0.411567 0.038714 0.102793
0 0.982896 0.450899 0.035651 0.134414
0 0.969421 0.497907 0.055787 0.183959
0 0.855916 0.518107 0.091508 0.244438
2 0.108443 0.178301 0.031349 0.038918
2 0.401908 0.162776 0.035423 0.035273
1 0.579776 0.227775 0.045803 0.051478
1 0.189589 0.158911 0.035609 0.02582
2 0.240013 0.181508 0.042616 0.02828
1 0.79918 0.510583 0.078702 0.099212
1 0.642903 0.311991 0.099022 0.080678
1 0.777763 0.384017 0.11786 0.071034
0 0.606239 0.167347 0.0343 0.11061
