0 0.046646 0.44368 0.054229 0.158193
0 0.11642 0.448533 0.060497 0.216666
0 0.063947 0.581485 0.087988 0.182753
0 0.071116 0.632387 0.095087 0.262619
0 0.124202 0.78058 0.124192 0.307163
0 0.130527 0.730135 0.08512 0.304576
0 0.848361 0.558713 0.109808 0.305795
0 0.97499 0.208964 0.032128 0.120962
1 0.224246 0.451113 0.03238 0.102888
2 0.945187 0.225069 0.013074 0.035998
2 0.655396 0.453388 0.129704 0.103444
1 0.897152 0.148383 0.00818 0.025101
1 0.923198 0.168947 0.008745 0.025567
2 0.871339 0.174961 0.023373 0.02358
2 0.79573 0.419959 0.070717 0.099976
