0 0.046646 0.44368 0.054229 0.158193
0 0.129076 0.443222 0.084194 0.215304
0 0.063947 0.581485 0.087988 0.182753
0 0.07224 0.633886 0.095087 0.262619
0 0.123376 0.780959 0.125844 0.306406
0 0.128068 0.732299 0.085591 0.292996
0 0.848361 0.558713 0.109808 0.305795
0 0.975288 0.217837 0.017373 0.140536
1 0.164637 0.450127 0.031208 0.089467
1 0.9213 0.230879 0.014867 0.042921
1 0.4478 0.668381 0.198918 0.179832
2 0.877133 0.155279 0.023792 0.026268
1 0.907936 0.154061 0.018729 0.022496
2 0.753258 0.229794 0.052242 0.056878
1 0.495928 0.810498 0.117273 0.195496
