0 0.046646 0.44368 0.054229 0.158193
0 0.117343 0.448533 0.060497 0.216666
0 0.063947 0.581485 0.087988 0.182753
0 0.071116 0.632387 0.095087 0.262619
0 0.123626 0.783015 0.125343 0.302293
0 0.129926 0.735326 0.085077 0.300836
0 0.848361 0.558713 0.109808 0.305795
0 0.983552 0.218018 0.023316 0.133238
1 0.172207 0.464599 0.040043 0.101503
1 0.948453 0.247275 0.012516 0.037886
2 0.548481 0.551782 0.170102 0.153399
1 0.899154 0.149028 0.00818 0.025101
2 0.907874 0.169525 0.018251 0.0195
2 0.836029 0.188891 0.033466 0.030993
2 0.644955 0.569257 0.149235 0.163873
