0 0.046646 0.44368 0.054229 0.158193
0 0.128334 0.443055 0.083934 0.210013
0 0.063947 0.581485 0.087988 0.182753
0 0.073574 0.632997 0.09017 0.261399
0 0.124202 0.78058 0.124192 0.307163
0 0.130981 0.732887 0.084772 0.294526
0 0.848361 0.558713 0.109808 0.305795
0 0.978534 0.20317 0.026487 0.123726
2 0.296903 0.413669 0.130677 0.105915
2 0.943596 0.225494 0.011439 0.03355
1 0.732544 0.387307 0.099099 0.085698
1 0.897056 0.147975 0.007617 0.022372
1 0.920689 0.165933 0.007036 0.021351
2 0.882212 0.165478 0.022611 0.017158
2 0.828609 0.344835 0.060969 0.07272
