0 0.046646 0.44368 0.054229 0.158193
0 0.13141 0.44006 0.078283 0.212017
0 0.063947 0.581485 0.087988 0.182753
0 0.073574 0.632997 0.09017 0.261399
0 0.124311 0.783092 0.123974 0.302139
0 0.134524 0.733458 0.075053 0.299625
0 0.848361 0.558713 0.109808 0.305795
0 0.978341 0.204951 0.026383 0.093258
2 0.548808 0.276433 0.116688 0.078121
1 0.93763 0.218044 0.011438 0.034721
1 0.770013 0.34168 0.073345 0.063572
1 0.906074 0.152734 0.007617 0.022372
1 0.918128 0.167247 0.008618 0.026832
2 0.896561 0.159204 0.012916 0.015637
2 0.856272 0.298972 0.046297 0.047158
