0 0.047213 0.444704 0.051652 0.159142
0 0.130754 0.441157 0.080528 0.21185
0 0.063947 0.581485 0.087988 0.182753
0 0.075355 0.62711 0.094505 0.268009
0 0.110985 0.777371 0.129062 0.331885
0 0.098379 0.78877 0.112659 0.178673
0 0.848361 0.558713 0.109808 0.305795
0 0.987241 0.16607 0.015766 0.083541
2 0.804183 0.1465 0.040478 0.036775
1 0.958331 0.188624 0.01158 0.031195
1 0.557457 0.854175 0.242939 0.138995
1 0.971287 0.210939 0.01299 0.034246
1 0.261536 0.560138 0.056963 0.139717
1 0.322104 0.561945 0.057657 0.190089
2 0.586009 0.356397 0.101583 0.082924
