0 0.046948 0.440369 0.053625 0.164816
0 0.131779 0.442303 0.0797 0.207914
0 0.063947 0.581485 0.087988 0.182753
0 0.073574 0.632997 0.09017 0.261399
0 0.126349 0.80259 0.139474 0.278758
0 0.13219 0.747565 0.096852 0.298049
0 0.848361 0.558713 0.109808 0.305795
0 0.986142 0.19254 0.0179 0.110528
2 0.778984 0.150917 0.040679 0.038132
1 0.94372 0.194495 0.009448 0.027735
2 0.908377 0.203106 0.026962 0.027045
2 0.660195 0.370943 0.098236 0.098322
1 0.273876 0.588642 0.09489 0.154615
2 0.806923 0.232646 0.040188 0.042586
2 0.968033 0.203121 0.009348 0.027706
