0 0.046948 0.440369 0.053625 0.164816
0 0.131779 0.442303 0.0797 0.207914
0 0.063947 0.581485 0.087988 0.182753
0 0.073574 0.632997 0.09017 0.261399
0 0.127859 0.763436 0.134907 0.35992
0 0.129053 0.75866 0.099372 0.293309
0 0.848361 0.558713 0.109808 0.305795
0 0.990042 0.198237 0.013985 0.108881
2 0.642689 0.206236 0.070959 0.060835
1 0.95089 0.19503 0.009448 0.027735
1 0.963767 0.205546 0.010407 0.02766
1 0.92067 0.188415 0.015163 0.018733
1 0.325991 0.651796 0.062418 0.181231
1 0.304982 0.552972 0.05403 0.143204
2 0.724439 0.276693 0.065452 0.055757
