0 0.047349 0.444126 0.051039 0.160311
0 0.129916 0.442416 0.076369 0.213795
0 0.06162 0.584149 0.083649 0.186691
0 0.086668 0.635325 0.086021 0.237971
0 0.120181 0.763228 0.125523 0.303019
0 0.102915 0.760139 0.105614 0.220526
0 0.847963 0.558677 0.110604 0.305868
0 0.975071 0.172844 0.0137 0.040845
1 0.189791 0.449929 0.042446 0.11049
1 0.967273 0.194736 0.01068 0.029965
1 0.596767 0.53288 0.139221 0.141534
2 0.951565 0.276733 0.019946 0.042575
2 0.747189 0.227827 0.058424 0.052849
2 0.804718 0.181038 0.041196 0.039131
1 0.882673 0.164959 0.023809 0.024995
