0 0.046948 0.440369 0.053625 0.164816
0 0.131779 0.442303 0.0797 0.207914
0 0.063947 0.581485 0.087988 0.182753
0 0.073574 0.632997 0.09017 0.261399
0 0.121321 0.784557 0.144263 0.319114
0 0.141708 0.742086 0.090812 0.297379
0 0.848361 0.558713 0.109808 0.305795
0 0.98885 0.193394 0.017157 0.106656
2 0.777667 0.143922 0.040679 0.038132
1 0.94355 0.194323 0.011231 0.028648
2 0.905826 0.206747 0.029115 0.029741
2 0.684391 0.359896 0.095577 0.105105
1 0.273291 0.612554 0.101775 0.183826
2 0.816215 0.225316 0.04376 0.041699
2 0.968704 0.198132 0.009893 0.029892
