0 0.046736 0.441561 0.053487 0.162431
0 0.130716 0.441014 0.081825 0.210492
0 0.063947 0.581485 0.087988 0.182753
0 0.07212 0.628284 0.093079 0.270826
0 0.12747 0.782014 0.128332 0.324862
0 0.120889 0.748409 0.09115 0.299471
0 0.848361 0.558713 0.109808 0.305795
0 0.985664 0.161167 0.015949 0.076117
2 0.631472 0.219902 0.066784 0.067846
1 0.94197 0.184639 0.010667 0.030904
2 0.94266 0.279322 0.029458 0.04023
1 0.963582 0.189273 0.008094 0.024956
2 0.36525 0.616251 0.148561 0.180446
2 0.478378 0.476766 0.084462 0.130041
1 0.249812 0.568418 0.06137 0.145704
