0 0.046736 0.441561 0.053487 0.162431
0 0.132285 0.443149 0.078687 0.206222
0 0.063947 0.581485 0.087988 0.182753
0 0.07212 0.628284 0.093079 0.270826
0 0.117724 0.766639 0.151491 0.350893
0 0.11652 0.766373 0.098514 0.293122
0 0.848361 0.558713 0.109808 0.305795
0 0.993543 0.176919 0.014108 0.084229
2 0.368354 0.369244 0.125882 0.092251
1 0.938415 0.187173 0.009448 0.027735
2 0.949005 0.251924 0.021755 0.034943
1 0.948189 0.180657 0.008094 0.024956
1 0.319069 0.63538 0.065474 0.157191
1 0.463362 0.469349 0.076105 0.154454
2 0.303364 0.510121 0.129398 0.091977
