0 0.047543 0.442446 0.052095 0.164149
0 0.129342 0.444764 0.078252 0.201698
0 0.063774 0.582332 0.088334 0.181058
0 0.078919 0.639372 0.090628 0.226865
0 0.115725 0.767991 0.127471 0.327948
0 0.106057 0.769226 0.111975 0.195234
0 0.848508 0.564486 0.109515 0.294249
0 0.972122 0.152297 0.015922 0.078692
2 0.194877 0.458137 0.032074 0.094196
1 0.96394 0.191296 0.010211 0.030365
1 0.442204 0.796642 0.13807 0.163538
2 0.963788 0.242227 0.019181 0.045951
1 0.25534 0.573795 0.053836 0.166389
2 0.45517 0.397366 0.133442 0.103708
2 0.795923 0.202365 0.046768 0.042934
