0 0.046646 0.44368 0.054229 0.158193
0 0.129072 0.443448 0.08573 0.214372
0 0.06344 0.584396 0.089002 0.17693
0 0.09486 0.500548 0.074944 0.344374
0 0.123048 0.779653 0.128235 0.300469
0 0.129074 0.740509 0.098573 0.287851
0 0.848361 0.558713 0.109808 0.305795
0 0.968594 0.251112 0.033361 0.141261
2 0.158996 0.437921 0.039872 0.090915
1 0.932608 0.272525 0.017628 0.048907
1 0.419424 0.766896 0.149056 0.217015
2 0.669554 0.270904 0.08639 0.069102
2 0.741111 0.232601 0.064993 0.06318
2 0.31331 0.546505 0.16524 0.13127
1 0.641406 0.882465 0.134375 0.233681
