0 0.046646 0.44368 0.054229 0.158193
0 0.117343 0.448533 0.060497 0.216666
0 0.063947 0.581485 0.087988 0.182753
0 0.071116 0.632387 0.095087 0.262619
0 0.123599 0.780948 0.125397 0.306427
0 0.130709 0.737214 0.083511 0.29706
0 0.848361 0.558713 0.109808 0.305795
0 0.985411 0.216776 0.021555 0.130055
1 0.19775 0.453046 0.044953 0.119718
1 0.946015 0.232296 0.012516 0.037886
1 0.596537 0.51397 0.160272 0.123635
1 0.895706 0.148978 0.00818 0.025101
1 0.919783 0.164652 0.00834 0.024945
2 0.851306 0.186852 0.031182 0.030396
2 0.742409 0.484726 0.122588 0.130723
