0 0.046646 0.44368 0.054229 0.158193
0 0.129647 0.445702 0.08688 0.210129
0 0.062894 0.584275 0.090094 0.177172
0 0.301991 0.70269 0.105443 0.289422
0 0.122614 0.781975 0.127368 0.304372
0 0.126825 0.7429 0.10191 0.291323
0 0.848361 0.558713 0.109808 0.305795
0 0.974582 0.239812 0.025382 0.162311
1 0.176335 0.433892 0.040475 0.105692
1 0.920002 0.254868 0.017628 0.048907
1 0.38358 0.732717 0.107031 0.155734
2 0.756901 0.198199 0.054086 0.069358
2 0.820044 0.19404 0.045968 0.049382
2 0.476468 0.422395 0.128691 0.116656
1 0.674658 0.84079 0.071077 0.243706
