0 0.047543 0.442446 0.052095 0.164149
0 0.118029 0.430136 0.076441 0.231681
0 0.063774 0.582332 0.088334 0.181058
0 0.077007 0.63456 0.090868 0.228497
0 0.113881 0.775359 0.129188 0.33386
0 0.098133 0.789886 0.117311 0.198963
0 0.848824 0.568329 0.108882 0.286563
0 0.993879 0.170316 0.013557 0.081588
2 0.591825 0.218598 0.102094 0.079204
1 0.957873 0.188133 0.010821 0.030775
1 0.671087 0.88143 0.086786 0.233884
2 0.967517 0.225685 0.014196 0.038029
1 0.227934 0.544198 0.044765 0.119624
1 0.29611 0.527903 0.055005 0.197787
2 0.736784 0.241208 0.061969 0.064536
