0 0.04659 0.442473 0.05213 0.157545
0 0.129916 0.442416 0.076369 0.213795
0 0.059834 0.579408 0.079932 0.178212
0 0.078783 0.628901 0.08032 0.230961
0 0.106752 0.770564 0.151284 0.288487
0 0.120823 0.751819 0.123142 0.250517
0 0.847963 0.558677 0.110604 0.305868
0 0.976591 0.155004 0.015844 0.075521
1 0.168971 0.451617 0.035208 0.08178
1 0.965876 0.196702 0.009083 0.024824
2 0.78204 0.365736 0.071661 0.083433
2 0.948787 0.289492 0.019576 0.047631
2 0.845042 0.165032 0.031599 0.042519
2 0.867205 0.162015 0.025402 0.028169
2 0.919723 0.167374 0.011695 0.034514
