0 0.046646 0.44368 0.054229 0.158193
0 0.131781 0.44066 0.081417 0.211845
0 0.063947 0.581485 0.087988 0.182753
0 0.138713 0.573197 0.112746 0.37801
0 0.123376 0.780959 0.125844 0.306406
0 0.12821 0.742793 0.097837 0.293629
0 0.848361 0.558713 0.109808 0.305795
0 0.980365 0.226203 0.023905 0.148648
1 0.155697 0.453603 0.027969 0.08519
1 0.903749 0.224551 0.013887 0.039486
1 0.351937 0.737495 0.070632 0.136721
2 0.826218 0.17693 0.038679 0.039589
2 0.871755 0.170664 0.035828 0.03619
2 0.644867 0.318434 0.081668 0.081557
1 0.666748 0.878131 0.099215 0.22976
