0 0.046646 0.44368 0.054229 0.158193
0 0.131851 0.440845 0.080785 0.213018
0 0.06344 0.584396 0.089002 0.17693
0 0.085863 0.54419 0.061772 0.332207
0 0.122433 0.779653 0.128235 0.300469
0 0.128223 0.741848 0.098573 0.287851
0 0.847947 0.556418 0.108364 0.309954
0 0.973791 0.261094 0.035176 0.154297
2 0.165775 0.434578 0.033674 0.086891
1 0.934668 0.28463 0.017628 0.048907
1 0.441178 0.770849 0.170984 0.217162
2 0.546593 0.359256 0.121793 0.100453
2 0.676191 0.288963 0.088759 0.082414
1 0.268079 0.572197 0.07246 0.11358
1 0.703938 0.844889 0.118928 0.252272
