0 0.048002 0.443271 0.051178 0.162499
0 0.129784 0.440014 0.077368 0.211198
0 0.063774 0.582332 0.088334 0.181058
0 0.078137 0.632723 0.092194 0.240164
0 0.117428 0.774225 0.127166 0.315546
0 0.107733 0.763039 0.111975 0.195234
0 0.847963 0.558677 0.110604 0.305868
0 0.972192 0.172695 0.015905 0.044627
1 0.173781 0.457817 0.037527 0.104708
1 0.966869 0.194515 0.010211 0.030365
1 0.405696 0.734837 0.156779 0.124976
1 0.961491 0.251607 0.019133 0.04654
1 0.358997 0.520727 0.171182 0.134091
2 0.6436 0.277703 0.078414 0.071406
2 0.83175 0.187627 0.046149 0.041414
