0 0.047192 0.444107 0.051353 0.160348
0 0.129916 0.442416 0.076369 0.213795
0 0.061705 0.583346 0.083479 0.188297
0 0.079771 0.624506 0.078606 0.22583
0 0.122145 0.765657 0.122428 0.297768
0 0.106268 0.76706 0.095368 0.199392
0 0.847963 0.558677 0.110604 0.305868
0 0.973594 0.172284 0.013701 0.049239
1 0.184429 0.45324 0.053349 0.066727
1 0.9677 0.195404 0.010309 0.029602
2 0.718151 0.444177 0.111007 0.0993
1 0.950421 0.286329 0.018887 0.047355
2 0.812009 0.184698 0.039474 0.037236
2 0.845569 0.164408 0.034441 0.031812
2 0.905116 0.162956 0.024756 0.023148
