0 0.046736 0.441561 0.053487 0.162431
0 0.132285 0.443149 0.078687 0.206222
0 0.063947 0.581485 0.087988 0.182753
0 0.07212 0.628284 0.093079 0.270826
0 0.116896 0.767056 0.153147 0.350061
0 0.116276 0.764202 0.098514 0.293122
0 0.848361 0.558713 0.109808 0.305795
0 0.993543 0.176919 0.014108 0.084229
2 0.410648 0.338209 0.122505 0.099926
1 0.939253 0.186875 0.009448 0.027735
2 0.95177 0.239603 0.021755 0.034943
1 0.949028 0.181253 0.008094 0.024956
1 0.319968 0.630762 0.071801 0.170015
1 0.474019 0.470161 0.060204 0.147824
1 0.305086 0.488387 0.134536 0.126631
