0 0.046646 0.44368 0.054229 0.158193
0 0.131781 0.44066 0.081417 0.211845
0 0.063947 0.581485 0.087988 0.182753
0 0.07224 0.633886 0.095087 0.262619
0 0.123376 0.780959 0.125844 0.306406
0 0.128242 0.741537 0.097772 0.296141
0 0.848361 0.558713 0.109808 0.305795
0 0.975288 0.217837 0.017373 0.140536
1 0.1564 0.451208 0.031353 0.07699
1 0.910076 0.221226 0.014867 0.042921
1 0.379849 0.740841 0.072064 0.134698
2 0.851979 0.165534 0.028163 0.02976
2 0.891378 0.163556 0.028737 0.027726
2 0.706971 0.272056 0.065428 0.066168
1 0.650206 0.901677 0.104275 0.195257
