0 0.046646 0.44368 0.054229 0.158193
0 0.130348 0.439777 0.080407 0.212583
0 0.063947 0.581485 0.087988 0.182753
0 0.073574 0.632997 0.09017 0.261399
0 0.124311 0.784262 0.123974 0.299798
0 0.133878 0.743379 0.083416 0.305422
0 0.848361 0.558713 0.109808 0.305795
0 0.978982 0.194334 0.015665 0.116612
2 0.665505 0.211177 0.061877 0.055533
1 0.935233 0.214888 0.012312 0.035281
2 0.791338 0.322361 0.071179 0.060307
1 0.912012 0.156391 0.007617 0.022372
1 0.917165 0.164569 0.009203 0.023822
1 0.900676 0.156206 0.007697 0.023165
2 0.877255 0.279277 0.036161 0.032985
