0 0.046646 0.44368 0.054229 0.158193
0 0.129076 0.443222 0.084194 0.215304
0 0.063947 0.581485 0.087988 0.182753
0 0.07224 0.633886 0.095087 0.262619
0 0.123376 0.780959 0.125844 0.306406
0 0.128068 0.732299 0.085591 0.292996
0 0.848361 0.558713 0.109808 0.305795
0 0.975288 0.217837 0.017373 0.140536
1 0.165975 0.443497 0.040128 0.08223
1 0.930296 0.234389 0.014867 0.042921
2 0.4331 0.658219 0.169586 0.183337
2 0.88007 0.150941 0.021054 0.020887
2 0.909439 0.157551 0.017334 0.019895
2 0.764359 0.218675 0.053313 0.053722
1 0.47632 0.79305 0.096377 0.208255
