0 0.046736 0.441561 0.053487 0.162431
0 0.130567 0.441781 0.082124 0.208957
0 0.063947 0.581485 0.087988 0.182753
0 0.07212 0.628284 0.093079 0.270826
0 0.12857 0.787134 0.128563 0.30784
0 0.124584 0.754748 0.089168 0.297154
0 0.848361 0.558713 0.109808 0.305795
0 0.956118 0.136489 0.013294 0.07459
2 0.699525 0.172975 0.051026 0.049828
1 0.944824 0.188362 0.010275 0.031975
2 0.929022 0.300599 0.033373 0.04599
1 0.967948 0.191268 0.008036 0.024603
2 0.328868 0.61256 0.08845 0.169236
1 0.432302 0.49322 0.072896 0.166229
1 0.246776 0.5572 0.068443 0.139095
