0 0.045909 0.440568 0.055703 0.164417
0 0.129815 0.440216 0.079342 0.213461
0 0.063947 0.581485 0.087988 0.182753
0 0.073574 0.632997 0.09017 0.261399
0 0.119931 0.781956 0.132734 0.30441
0 0.135114 0.733651 0.084345 0.296325
0 0.848361 0.558713 0.109808 0.305795
0 0.981782 0.19217 0.015827 0.108956
2 0.786561 0.130961 0.039902 0.039143
1 0.926458 0.202328 0.012381 0.034576
2 0.837138 0.274048 0.044475 0.035597
1 0.901779 0.176795 0.017223 0.022076
2 0.879423 0.180957 0.02419 0.022593
2 0.903101 0.159075 0.014979 0.018817
2 0.917792 0.234283 0.024567 0.027964
