0 0.046948 0.440369 0.053625 0.164816
0 0.131498 0.443359 0.079138 0.210026
0 0.063947 0.581485 0.087988 0.182753
0 0.073574 0.632997 0.09017 0.261399
0 0.123113 0.785346 0.133866 0.295724
0 0.130743 0.73693 0.085248 0.267714
0 0.848361 0.558713 0.109808 0.305795
0 0.987275 0.187488 0.013505 0.101417
1 0.827393 0.1224 0.015533 0.020409
1 0.951158 0.204736 0.010059 0.028487
1 0.882302 0.225272 0.022716 0.028155
2 0.812333 0.249396 0.05116 0.047975
2 0.634546 0.328886 0.092389 0.078808
2 0.859167 0.201545 0.026032 0.026628
2 0.961995 0.190806 0.009793 0.030129
