0 0.04659 0.442473 0.05213 0.157545
0 0.129916 0.442416 0.076369 0.213795
0 0.062355 0.584482 0.08623 0.184996
0 0.078783 0.628901 0.08032 0.230961
0 0.11502 0.764428 0.137653 0.306413
0 0.10746 0.745149 0.094083 0.201936
0 0.847963 0.558677 0.110604 0.305868
0 0.974163 0.162353 0.014665 0.059727
1 0.171436 0.45679 0.042794 0.089506
1 0.966868 0.195972 0.010192 0.027841
2 0.777267 0.371922 0.065974 0.085331
2 0.949187 0.289492 0.019576 0.047631
1 0.841747 0.17863 0.034829 0.032843
1 0.860419 0.158284 0.023099 0.032552
2 0.920568 0.164731 0.009871 0.027584
