0 0.047543 0.442446 0.052095 0.164149
0 0.129718 0.443326 0.0775 0.204574
0 0.063774 0.582332 0.088334 0.181058
0 0.076446 0.633043 0.091991 0.231529
0 0.114799 0.766637 0.121122 0.356215
0 0.109273 0.772729 0.111939 0.198148
0 0.849061 0.574672 0.108409 0.273876
0 0.994414 0.167138 0.012487 0.087944
2 0.491812 0.268667 0.125247 0.111323
1 0.963152 0.191069 0.010211 0.030365
1 0.639096 0.891973 0.098528 0.196375
2 0.966333 0.22781 0.014196 0.038029
1 0.248414 0.534989 0.048723 0.141832
1 0.31105 0.537085 0.053484 0.141857
2 0.758348 0.223606 0.058621 0.055472
