0 0.937001 0.232243 0.028466 0.147676
0 0.940985 0.168244 0.014679 0.075158
0 0.903812 0.158262 0.015698 0.048802
0 0.877298 0.146516 0.015528 0.051758
0 0.855558 0.138054 0.013417 0.051557
0 0.831967 0.127536 0.014839 0.05363
0 0.813476 0.121787 0.014866 0.047986
0 0.774765 0.110348 0.015893 0.049052
0 0.742078 0.100556 0.015638 0.046511
0 0.730481 0.098026 0.01581 0.053762
0 0.798438 0.114752 0.01393 0.047213
0 0.040415 0.476401 0.054261 0.285625
1 0.915816 0.209371 0.023131 0.038086
1 0.838622 0.261172 0.026446 0.037396
2 0.818349 0.206358 0.024248 0.025626
2 0.783487 0.195408 0.031581 0.022957
2 0.718403 0.163934 0.036408 0.019353
2 0.786382 0.152411 0.024458 0.022558
2 0.594201 0.212823 0.055123 0.024657
2 0.675488 0.179613 0.038935 0.024321
2 0.639306 0.193596 0.035253 0.020656
1 0.69646 0.195106 0.022011 0.044092
2 0.367711 0.280108 0.061838 0.054537
