0 0.843936 0.557595 0.09189 0.448302
0 0.940509 0.174439 0.013728 0.087547
0 0.903812 0.158262 0.015698 0.048802
0 0.877298 0.146516 0.015528 0.051758
0 0.855558 0.138054 0.013417 0.051557
0 0.831967 0.127536 0.014839 0.05363
0 0.813476 0.121787 0.014866 0.047986
0 0.774765 0.110348 0.015893 0.049052
0 0.742078 0.100556 0.015638 0.046511
0 0.730481 0.098026 0.01581 0.053762
0 0.798438 0.114752 0.01393 0.047213
0 0.047579 0.509542 0.073112 0.307484
2 0.820312 0.422815 0.074056 0.126591
2 0.446777 0.741004 0.186879 0.255682
1 0.857303 0.190492 0.02158 0.032701
1 0.83153 0.172544 0.020259 0.036469
2 0.7323 0.194889 0.039063 0.025009
1 0.734662 0.165434 0.035656 0.028564
1 0.784011 0.148952 0.008518 0.016911
1 0.793552 0.144655 0.010949 0.019869
1 0.781492 0.140498 0.009042 0.016464
1 0.497842 0.247755 0.067655 0.033946
1 0.094655 0.401547 0.021628 0.060794
