0 0.875006 0.144999 0.013125 0.052008
0 0.854592 0.135331 0.011614 0.050291
0 0.832674 0.127889 0.017892 0.05086
0 0.786115 0.099337 0.017292 0.071017
0 0.779873 0.111662 0.016885 0.048765
0 0.732461 0.097996 0.014778 0.055671
0 0.684193 0.079001 0.014601 0.074098
2 0.891265 0.22855 0.019588 0.032084
2 0.753718 0.259319 0.036346 0.038707
2 0.745388 0.214588 0.035296 0.040549
1 0.413468 0.303655 0.085627 0.056567
2 0.498377 0.304797 0.074584 0.056389
1 0.146357 0.511945 0.046971 0.079557
0 0.725081 0.094793 0.011709 0.054182
0 0.696675 0.089291 0.008371 0.052736
0 0.739818 0.098133 0.01404 0.048029
0 0.91403 0.154689 0.011299 0.076424
0 0.904061 0.158724 0.015743 0.05166
0 0.772048 0.110021 0.008655 0.052395
