0 0.827487 0.518674 0.094393 0.436
0 0.940509 0.174439 0.013728 0.087547
0 0.903812 0.158262 0.015698 0.048802
0 0.877298 0.146516 0.015528 0.051758
0 0.855558 0.138054 0.013417 0.051557
0 0.831967 0.127536 0.014839 0.05363
0 0.815059 0.123218 0.013559 0.049788
0 0.774765 0.110348 0.015893 0.049052
0 0.742078 0.100556 0.015638 0.046511
0 0.730481 0.098026 0.01581 0.053762
0 0.799813 0.118265 0.016678 0.054239
0 0.01542 0.466946 0.029782 0.253874
1 0.578006 0.924122 0.1518 0.150367
2 0.668045 0.47802 0.106569 0.117314
2 0.782567 0.259204 0.045217 0.040029
1 0.754407 0.221636 0.058518 0.042122
2 0.625057 0.250161 0.04791 0.034389
2 0.627922 0.218176 0.043984 0.026247
2 0.775777 0.154151 0.016956 0.019841
1 0.806535 0.153464 0.01582 0.019633
1 0.790168 0.145526 0.01124 0.015443
2 0.645399 0.186214 0.046007 0.023663
1 0.094725 0.402748 0.022443 0.071801
