0 0.945283 0.179616 0.012629 0.083542
0 0.94252 0.191253 0.020799 0.053166
0 0.903812 0.158262 0.015698 0.048802
0 0.877298 0.146516 0.015528 0.051758
0 0.855558 0.138054 0.013417 0.051557
0 0.831967 0.127536 0.014839 0.05363
0 0.813476 0.121787 0.014866 0.047986
0 0.774765 0.110348 0.015893 0.049052
0 0.736188 0.099454 0.015638 0.046511
0 0.730375 0.097521 0.016021 0.054771
0 0.798438 0.114752 0.01393 0.047213
0 0.042341 0.473543 0.050607 0.291058
1 0.930752 0.204357 0.010542 0.028035
2 0.865484 0.227183 0.025134 0.032259
1 0.867493 0.176648 0.016237 0.03074
1 0.83641 0.160287 0.011311 0.022905
2 0.722582 0.196825 0.046704 0.029429
2 0.226038 0.488228 0.092893 0.083841
1 0.785761 0.142585 0.012148 0.017698
2 0.338511 0.414636 0.10732 0.07006
1 0.805128 0.152528 0.01424 0.026485
2 0.499949 0.260485 0.071228 0.030825
1 0.704348 0.123809 0.013384 0.018624
0 0.961431 0.178953 0.011375 0.089286
