0 0.928199 0.216076 0.025312 0.129367
0 0.942454 0.174888 0.011895 0.087563
0 0.904365 0.156858 0.014591 0.05161
0 0.877298 0.146516 0.015528 0.051758
0 0.855558 0.138054 0.013417 0.051557
0 0.831967 0.127536 0.014839 0.05363
0 0.815059 0.123218 0.013559 0.049788
0 0.774765 0.110348 0.015893 0.049052
0 0.742349 0.102265 0.015666 0.043532
0 0.730481 0.098026 0.01581 0.053762
0 0.799813 0.118265 0.016678 0.054239
0 0.01489 0.46011 0.030841 0.267546
2 0.8883 0.299496 0.01972 0.038321
1 0.836773 0.263515 0.026365 0.031481
2 0.529789 0.444676 0.118457 0.086935
1 0.602838 0.296269 0.061747 0.045952
2 0.372493 0.328498 0.110665 0.070664
1 0.224258 0.45014 0.085432 0.117906
1 0.524809 0.278993 0.05881 0.080903
1 0.418483 0.366107 0.074788 0.115324
2 0.691448 0.208318 0.033327 0.039431
2 0.803125 0.15585 0.015606 0.02134
2 0.43973 0.221528 0.053304 0.027483
