0 0.921086 0.360676 0.055149 0.267404
0 0.940509 0.174439 0.013728 0.087547
0 0.903812 0.158262 0.015698 0.048802
0 0.877298 0.146516 0.015528 0.051758
0 0.855558 0.138054 0.013417 0.051557
0 0.831967 0.127536 0.014839 0.05363
0 0.813476 0.121787 0.014866 0.047986
0 0.774765 0.110348 0.015893 0.049052
0 0.742078 0.100556 0.015638 0.046511
0 0.730481 0.098026 0.01581 0.053762
0 0.798438 0.114752 0.01393 0.047213
0 0.055372 0.52152 0.061439 0.342195
2 0.904962 0.255733 0.030311 0.033672
2 0.757807 0.367181 0.056715 0.074137
1 0.865199 0.169949 0.01343 0.020184
1 0.842075 0.164336 0.014346 0.025409
1 0.811211 0.151014 0.012096 0.021267
1 0.795839 0.145915 0.011297 0.022556
1 0.745656 0.166059 0.04114 0.021209
2 0.776716 0.1523 0.0179 0.02028
2 0.746033 0.151704 0.033632 0.014543
2 0.46968 0.327381 0.079365 0.065035
1 0.099859 0.46834 0.027961 0.061997
