0 0.945209 0.177523 0.013772 0.08604
0 0.942837 0.191858 0.020164 0.051957
0 0.903812 0.158262 0.015698 0.048802
0 0.877298 0.146516 0.015528 0.051758
0 0.855558 0.138054 0.013417 0.051557
0 0.831967 0.127536 0.014839 0.05363
0 0.813476 0.121787 0.014866 0.047986
0 0.774765 0.110348 0.015893 0.049052
0 0.742078 0.100556 0.015638 0.046511
0 0.730375 0.097521 0.016021 0.054771
0 0.798438 0.114752 0.01393 0.047213
0 0.042341 0.473543 0.050607 0.291058
1 0.930752 0.204357 0.010542 0.028035
1 0.88978 0.187186 0.013072 0.022812
2 0.809187 0.233547 0.032879 0.034538
2 0.790677 0.194791 0.037655 0.032191
1 0.156603 0.504518 0.054358 0.090361
1 0.113873 0.482407 0.024904 0.04865
2 0.74476 0.172256 0.030678 0.025407
1 0.140551 0.563042 0.035633 0.098816
2 0.686821 0.211053 0.040946 0.035136
2 0.768335 0.149827 0.021408 0.019398
2 0.719294 0.132136 0.025228 0.018469
