0 0.950107 0.189661 0.015458 0.089363
0 0.942266 0.170618 0.010702 0.077504
0 0.904365 0.156858 0.014591 0.05161
0 0.877298 0.146516 0.015528 0.051758
0 0.855558 0.138054 0.013417 0.051557
0 0.831553 0.127126 0.015147 0.051871
0 0.814706 0.123286 0.015455 0.050687
0 0.778858 0.112103 0.014668 0.046769
0 0.742349 0.102265 0.015666 0.043532
0 0.730481 0.098026 0.01581 0.053762
0 0.799915 0.115188 0.013065 0.054987
0 0.131368 0.268612 0.033969 0.173158
1 0.921144 0.218844 0.010528 0.022417
2 0.888842 0.198333 0.017569 0.021025
2 0.845615 0.191261 0.025946 0.018111
2 0.811428 0.180168 0.030688 0.016967
2 0.598394 0.210991 0.04843 0.034368
1 0.323068 0.340251 0.089966 0.057215
1 0.169716 0.493807 0.026004 0.073407
1 0.113509 0.52381 0.025347 0.063491
2 0.136387 0.497508 0.030335 0.036404
2 0.686589 0.206647 0.042215 0.044005
1 0.669024 0.145492 0.031427 0.019561
