0 0.875006 0.144999 0.013125 0.052008
0 0.853528 0.123977 0.013742 0.072998
0 0.832674 0.127889 0.017892 0.05086
0 0.80947 0.120477 0.01835 0.051157
0 0.779873 0.111662 0.016885 0.048765
0 0.732461 0.097996 0.014778 0.055671
0 0.682712 0.078543 0.014379 0.075135
2 0.772406 0.454748 0.068849 0.072558
1 0.874381 0.177974 0.013823 0.026154
2 0.755211 0.211448 0.035782 0.027002
1 0.786689 0.144665 0.0107 0.014615
2 0.732247 0.165892 0.028239 0.016295
2 0.68858 0.173057 0.039062 0.021794
0 0.676623 0.085857 0.012811 0.074357
0 0.685543 0.088148 0.00926 0.059115
0 0.699066 0.087069 0.012677 0.057957
0 0.739818 0.098133 0.01404 0.048029
0 0.957883 0.188581 0.014102 0.087955
0 0.947865 0.176529 0.011527 0.085003
