0 0.94541 0.180937 0.011839 0.081934
0 0.945423 0.174758 0.013267 0.076323
0 0.903812 0.158262 0.015698 0.048802
0 0.877298 0.146516 0.015528 0.051758
0 0.855558 0.138054 0.013417 0.051557
0 0.831967 0.127536 0.014839 0.05363
0 0.813476 0.121787 0.014866 0.047986
0 0.774765 0.110348 0.015893 0.049052
0 0.742078 0.100556 0.015638 0.046511
0 0.730375 0.097521 0.016021 0.054771
0 0.798438 0.114752 0.01393 0.047213
0 0.042341 0.473543 0.050607 0.291058
1 0.922763 0.204489 0.014799 0.032244
1 0.885817 0.189561 0.01445 0.026034
2 0.629577 0.384955 0.091446 0.074839
2 0.375186 0.521495 0.15067 0.123677
2 0.213436 0.431369 0.108742 0.098223
2 0.367628 0.339639 0.108236 0.052092
2 0.469157 0.321904 0.073242 0.073785
1 0.128697 0.526882 0.026738 0.083747
1 0.155232 0.559775 0.028077 0.111712
1 0.813998 0.151579 0.011076 0.020609
2 0.699364 0.142771 0.027902 0.016391
