0 0.875006 0.144999 0.013125 0.052008
0 0.854592 0.135331 0.011614 0.050291
0 0.832674 0.127889 0.017892 0.05086
0 0.802658 0.107869 0.019403 0.076179
0 0.779873 0.111662 0.016885 0.048765
0 0.732461 0.097996 0.014778 0.055671
0 0.684193 0.079001 0.014601 0.074098
2 0.888066 0.242046 0.019255 0.028523
1 0.7702 0.242603 0.038573 0.031025
2 0.755782 0.214017 0.028278 0.021728
2 0.429299 0.294104 0.085627 0.056567
2 0.46038 0.326178 0.066408 0.085319
1 0.130837 0.522859 0.042088 0.102857
0 0.725081 0.094793 0.011709 0.054182
0 0.704137 0.090591 0.008371 0.052736
0 0.739818 0.098133 0.01404 0.048029
0 0.91403 0.154689 0.011299 0.076424
0 0.904061 0.158724 0.015743 0.05166
0 0.763122 0.101464 0.008655 0.052395
