0 0.875006 0.144999 0.013125 0.052008
0 0.853528 0.123977 0.013742 0.072998
0 0.832674 0.127889 0.017892 0.05086
0 0.80947 0.120477 0.01835 0.051157
0 0.779873 0.111662 0.016885 0.048765
0 0.732461 0.097996 0.014778 0.055671
0 0.682712 0.078543 0.014379 0.075135
2 0.863154 0.280804 0.033203 0.036218
1 0.864802 0.172397 0.012553 0.024315
1 0.40842 0.461773 0.137613 0.157428
1 0.785137 0.140979 0.008371 0.020933
1 0.773126 0.145353 0.011973 0.019689
1 0.796605 0.152463 0.015548 0.018538
0 0.675421 0.085019 0.01189 0.070163
0 0.685543 0.088148 0.00926 0.059115
0 0.699066 0.087069 0.012677 0.057957
0 0.739818 0.098133 0.01404 0.048029
0 0.955607 0.188635 0.013278 0.080874
