0 0.932315 0.260664 0.032559 0.172294
0 0.903812 0.158262 0.015698 0.048802
0 0.877298 0.146516 0.015528 0.051758
0 0.855558 0.138054 0.013417 0.051557
0 0.831967 0.127536 0.014839 0.05363
0 0.813476 0.121787 0.014866 0.047986
0 0.774765 0.110348 0.015893 0.049052
0 0.736188 0.097801 0.015638 0.046511
0 0.730375 0.097521 0.016021 0.054771
0 0.798438 0.114752 0.01393 0.047213
0 0.042341 0.473543 0.050607 0.291058
1 0.895931 0.257181 0.025617 0.041193
2 0.782195 0.333937 0.043497 0.070222
1 0.863529 0.171975 0.015295 0.024532
1 0.836969 0.162991 0.013911 0.023919
1 0.805712 0.149445 0.014177 0.026202
2 0.684269 0.208196 0.042807 0.04959
2 0.771769 0.145212 0.019689 0.018362
2 0.76915 0.170446 0.032122 0.025001
1 0.792574 0.140972 0.014199 0.020929
1 0.120528 0.51112 0.039616 0.070009
2 0.671957 0.139542 0.040823 0.022849
