0 0.945605 0.179716 0.012979 0.081654
0 0.943489 0.188206 0.017186 0.053573
0 0.903812 0.158262 0.015698 0.048802
0 0.877298 0.146516 0.015528 0.051758
0 0.855558 0.138054 0.013417 0.051557
0 0.831967 0.127536 0.014839 0.05363
0 0.813476 0.121787 0.014866 0.047986
0 0.774765 0.110348 0.015893 0.049052
0 0.742078 0.100556 0.015638 0.046511
0 0.730375 0.097521 0.016021 0.054771
0 0.798438 0.114752 0.01393 0.047213
0 0.042341 0.473543 0.050607 0.291058
1 0.923827 0.206897 0.015727 0.032075
1 0.888517 0.187805 0.011027 0.020401
1 0.700183 0.315712 0.024034 0.058811
2 0.599661 0.327395 0.077311 0.06175
1 0.136993 0.472536 0.032934 0.081162
2 0.244199 0.416352 0.10349 0.076972
2 0.60865 0.237533 0.050649 0.04355
1 0.135383 0.548136 0.032433 0.098613
2 0.363881 0.395902 0.085449 0.052577
1 0.795759 0.145571 0.012373 0.020669
2 0.718737 0.136803 0.033584 0.019955
