0 0.945701 0.206031 0.022445 0.118171
0 0.940985 0.168244 0.014679 0.075158
0 0.903812 0.158262 0.015698 0.048802
0 0.877298 0.146516 0.015528 0.051758
0 0.855558 0.138054 0.013417 0.051557
0 0.831967 0.127536 0.014839 0.05363
0 0.813476 0.121787 0.014866 0.047986
0 0.774765 0.110348 0.015893 0.049052
0 0.742078 0.100556 0.015638 0.046511
0 0.730375 0.097521 0.016021 0.054771
0 0.798438 0.114752 0.01393 0.047213
0 0.042341 0.473543 0.050607 0.291058
1 0.916507 0.195532 0.013394 0.022738
2 0.8503 0.243711 0.018911 0.025451
2 0.748301 0.267519 0.049426 0.050637
2 0.728895 0.222195 0.051529 0.027497
2 0.633397 0.187233 0.04234 0.024553
2 0.752051 0.155903 0.033008 0.016667
1 0.438224 0.278008 0.076573 0.041851
2 0.637586 0.21732 0.040497 0.035368
1 0.556886 0.241055 0.05544 0.041091
1 0.761149 0.172427 0.030827 0.032229
2 0.45793 0.231552 0.07718 0.034368
