0 0.945423 0.270229 0.029076 0.171348
0 0.903812 0.158262 0.015698 0.048802
0 0.877298 0.146516 0.015528 0.051758
0 0.855558 0.138054 0.013417 0.051557
0 0.831967 0.127536 0.014839 0.05363
0 0.813476 0.121787 0.014866 0.047986
0 0.774765 0.110348 0.015893 0.049052
0 0.736808 0.097801 0.015638 0.046511
0 0.730375 0.097521 0.016021 0.054771
0 0.798438 0.114752 0.01393 0.047213
0 0.042341 0.473543 0.050607 0.291058
1 0.902959 0.265108 0.025617 0.041193
2 0.76599 0.364926 0.053461 0.062696
2 0.865235 0.184773 0.022192 0.024226
2 0.832105 0.170688 0.021596 0.02258
1 0.810172 0.153276 0.015829 0.025918
2 0.703211 0.194996 0.034555 0.035423
1 0.771564 0.144799 0.018562 0.024626
2 0.784384 0.15993 0.022106 0.022684
1 0.79479 0.142423 0.014199 0.020929
1 0.11859 0.519367 0.036629 0.076346
2 0.657752 0.146073 0.042589 0.022346
