0 0.930348 0.21003 0.021479 0.121045
0 0.942454 0.174888 0.011895 0.087563
0 0.904365 0.156858 0.014591 0.05161
0 0.877298 0.146516 0.015528 0.051758
0 0.855558 0.138054 0.013417 0.051557
0 0.831967 0.127536 0.014839 0.05363
0 0.815059 0.123218 0.013559 0.049788
0 0.774765 0.110348 0.015893 0.049052
0 0.742349 0.102265 0.015666 0.043532
0 0.730481 0.098026 0.01581 0.053762
0 0.799813 0.118265 0.016678 0.054239
0 0.01489 0.46011 0.030841 0.267546
2 0.894457 0.286622 0.018755 0.032568
1 0.844071 0.259725 0.02207 0.023961
1 0.580982 0.411225 0.113689 0.065817
2 0.630684 0.285292 0.072003 0.049233
2 0.385848 0.323741 0.101731 0.067946
1 0.152116 0.506905 0.026453 0.073355
2 0.47557 0.323652 0.065932 0.067717
1 0.329337 0.412476 0.122575 0.104167
1 0.667572 0.229457 0.0204 0.037644
2 0.798322 0.156695 0.015606 0.02134
2 0.465333 0.2187 0.051756 0.021628
