0 0.888623 0.340145 0.051002 0.264592
0 0.940509 0.174439 0.013728 0.087547
0 0.904365 0.156858 0.014591 0.05161
0 0.877298 0.146516 0.015528 0.051758
0 0.855558 0.138054 0.013417 0.051557
0 0.831967 0.127536 0.014839 0.05363
0 0.815059 0.123218 0.013559 0.049788
0 0.774765 0.110348 0.015893 0.049052
0 0.742349 0.102265 0.015666 0.043532
0 0.730481 0.098026 0.01581 0.053762
0 0.799813 0.118265 0.016678 0.054239
0 0.01489 0.46011 0.030841 0.267546
2 0.734287 0.62461 0.107971 0.192728
2 0.76458 0.369008 0.047126 0.061275
1 0.696166 0.313877 0.049174 0.083065
2 0.370326 0.51736 0.138834 0.123146
2 0.182757 0.493552 0.11091 0.075645
1 0.590363 0.263555 0.025767 0.04092
1 0.740142 0.17477 0.01174 0.02163
1 0.748123 0.178506 0.00967 0.018503
2 0.800182 0.15427 0.017122 0.020181
1 0.728289 0.15794 0.011574 0.018576
1 0.082455 0.432908 0.031719 0.051787
