0 0.926392 0.216425 0.025837 0.131904
0 0.942454 0.174888 0.011895 0.087563
0 0.904365 0.156858 0.014591 0.05161
0 0.877298 0.146516 0.015528 0.051758
0 0.855558 0.138054 0.013417 0.051557
0 0.831967 0.127536 0.014839 0.05363
0 0.815059 0.123218 0.013559 0.049788
0 0.774765 0.110348 0.015893 0.049052
0 0.742349 0.102265 0.015666 0.043532
0 0.730481 0.098026 0.01581 0.053762
0 0.799813 0.118265 0.016678 0.054239
0 0.01489 0.46011 0.030841 0.267546
1 0.884677 0.300612 0.029208 0.043261
2 0.837978 0.272419 0.025641 0.036655
2 0.445762 0.519358 0.124914 0.154861
2 0.581541 0.321175 0.070668 0.050983
1 0.344536 0.349268 0.117951 0.053182
1 0.300217 0.4002 0.082555 0.09307
2 0.57813 0.263679 0.045129 0.040542
1 0.477674 0.335249 0.071053 0.058669
2 0.705755 0.19894 0.025091 0.035773
1 0.79992 0.156014 0.015606 0.02134
2 0.413792 0.244159 0.055017 0.037208
