0 0.875006 0.144999 0.013125 0.052008
0 0.853153 0.124405 0.012992 0.073854
0 0.832674 0.127889 0.017892 0.05086
0 0.809518 0.116069 0.019175 0.051464
0 0.779873 0.111662 0.016885 0.048765
0 0.732669 0.097694 0.015194 0.055067
0 0.682712 0.078543 0.014379 0.075135
2 0.739569 0.503461 0.098839 0.151359
2 0.487132 0.50194 0.152803 0.112337
2 0.496144 0.401097 0.106771 0.103909
2 0.779904 0.170479 0.036564 0.020272
2 0.325104 0.420037 0.075678 0.092778
1 0.122109 0.526028 0.043676 0.07874
0 0.679266 0.082959 0.017309 0.067781
0 0.725049 0.096636 0.008118 0.050116
0 0.717086 0.093993 0.007808 0.047603
0 0.755242 0.093735 0.014277 0.070299
0 0.958534 0.186337 0.011312 0.0773
