0 0.875006 0.144999 0.013125 0.052008
0 0.852865 0.131806 0.01613 0.057007
0 0.832674 0.127889 0.017892 0.05086
0 0.80947 0.120477 0.01835 0.051157
0 0.779873 0.111662 0.016885 0.048765
0 0.732461 0.097996 0.014778 0.055671
0 0.682712 0.078543 0.014379 0.075135
1 0.468147 0.876525 0.098863 0.24556
1 0.87016 0.178746 0.015092 0.023482
1 0.83764 0.161489 0.012854 0.026122
1 0.718765 0.163199 0.03515 0.022072
2 0.190265 0.449048 0.13211 0.077247
2 0.466271 0.263889 0.084504 0.055556
0 0.674415 0.081208 0.011313 0.078172
0 0.685543 0.088148 0.00926 0.059115
0 0.699066 0.087069 0.012677 0.057957
0 0.739818 0.098133 0.01404 0.048029
0 0.955588 0.185158 0.013804 0.086034
0 0.904678 0.159798 0.016977 0.053809
