0 0.924434 0.224521 0.025196 0.138948
0 0.942454 0.174888 0.011895 0.087563
0 0.904365 0.156858 0.014591 0.05161
0 0.877298 0.146516 0.015528 0.051758
0 0.855558 0.138054 0.013417 0.051557
0 0.831967 0.127536 0.014839 0.05363
0 0.815059 0.123218 0.013559 0.049788
0 0.774765 0.110348 0.015893 0.049052
0 0.742349 0.102265 0.015666 0.043532
0 0.730481 0.098026 0.01581 0.053762
0 0.799813 0.118265 0.016678 0.054239
0 0.01489 0.46011 0.030841 0.267546
2 0.883608 0.317352 0.03021 0.04965
2 0.833102 0.271814 0.027411 0.042121
2 0.398108 0.581065 0.172534 0.103951
2 0.55297 0.351317 0.091341 0.070853
2 0.339586 0.357049 0.105027 0.051101
2 0.342639 0.397852 0.086378 0.059558
1 0.604992 0.253218 0.054624 0.055894
1 0.511254 0.310131 0.07802 0.056802
2 0.713242 0.20009 0.031475 0.023481
1 0.796579 0.154186 0.015606 0.02134
2 0.394029 0.249617 0.060487 0.030193
