0 0.940979 0.198915 0.014233 0.102058
0 0.940279 0.169226 0.010816 0.077531
0 0.904365 0.156858 0.014591 0.05161
0 0.877298 0.146516 0.015528 0.051758
0 0.855558 0.138054 0.013417 0.051557
0 0.831785 0.128178 0.014531 0.053147
0 0.81591 0.122819 0.016211 0.049553
0 0.776299 0.116632 0.016619 0.036344
0 0.742349 0.102265 0.015666 0.043532
0 0.730481 0.098026 0.01581 0.053762
0 0.799667 0.117086 0.015606 0.054545
0 0.017705 0.380446 0.030351 0.205336
1 0.9184 0.222672 0.015792 0.027848
1 0.873236 0.215664 0.017188 0.021101
1 0.794668 0.226869 0.026558 0.02388
2 0.775338 0.198755 0.030078 0.019157
1 0.541485 0.242011 0.07076 0.039275
1 0.170127 0.43951 0.026727 0.046601
1 0.129687 0.478451 0.034765 0.041331
1 0.130112 0.523936 0.026064 0.07055
2 0.171121 0.490961 0.050242 0.037814
1 0.742415 0.173919 0.0303 0.027351
2 0.611465 0.158843 0.03856 0.022184
