0 0.875006 0.144999 0.013125 0.052008
0 0.854592 0.135331 0.011614 0.050291
0 0.832674 0.127889 0.017892 0.05086
0 0.80947 0.120477 0.01835 0.051157
0 0.779873 0.111662 0.016885 0.048765
0 0.732461 0.097996 0.014778 0.055671
0 0.684193 0.079001 0.014601 0.074098
2 0.882992 0.255538 0.019255 0.028523
1 0.800583 0.215637 0.02221 0.024475
1 0.77705 0.196934 0.024371 0.020946
2 0.508949 0.255995 0.061446 0.043566
2 0.349003 0.450045 0.085492 0.115099
1 0.119664 0.506161 0.02877 0.073809
0 0.721989 0.087444 0.010703 0.063926
0 0.704137 0.090591 0.008371 0.052736
0 0.739818 0.098133 0.01404 0.048029
0 0.91403 0.154689 0.011299 0.076424
0 0.904061 0.158724 0.015743 0.05166
0 0.730609 0.094395 0.010526 0.055722
