0 0.94541 0.180937 0.011839 0.081934
0 0.945423 0.174758 0.013267 0.076323
0 0.903812 0.158262 0.015698 0.048802
0 0.877298 0.146516 0.015528 0.051758
0 0.855558 0.138054 0.013417 0.051557
0 0.831967 0.127536 0.014839 0.05363
0 0.813476 0.121787 0.014866 0.047986
0 0.774765 0.110348 0.015893 0.049052
0 0.742078 0.100556 0.015638 0.046511
0 0.730375 0.097521 0.016021 0.054771
0 0.798438 0.114752 0.01393 0.047213
0 0.042341 0.473543 0.050607 0.291058
1 0.922379 0.207832 0.014463 0.028187
1 0.885556 0.19412 0.016761 0.027359
2 0.61167 0.408638 0.108811 0.104832
2 0.251674 0.603175 0.137277 0.132275
2 0.240431 0.406814 0.127223 0.088435
1 0.39357 0.318011 0.086496 0.055115
2 0.40499 0.37812 0.097542 0.064174
1 0.139181 0.501089 0.026374 0.058755
1 0.152443 0.56824 0.032524 0.087111
1 0.817012 0.153208 0.010836 0.020953
2 0.688501 0.145227 0.040539 0.023075
