0 0.924567 0.281394 0.037233 0.193694
0 0.940985 0.168244 0.014679 0.075158
0 0.903812 0.158262 0.015698 0.048802
0 0.877298 0.146516 0.015528 0.051758
0 0.855558 0.138054 0.013417 0.051557
0 0.831967 0.127536 0.014839 0.05363
0 0.813476 0.121787 0.014866 0.047986
0 0.774765 0.110348 0.015893 0.049052
0 0.742078 0.100556 0.015638 0.046511
0 0.730481 0.098026 0.01581 0.053762
0 0.798438 0.114752 0.01393 0.047213
0 0.050051 0.524336 0.071131 0.332607
2 0.917355 0.222165 0.016331 0.034373
2 0.800439 0.304234 0.034474 0.048484
2 0.863593 0.182273 0.021252 0.022259
2 0.829063 0.169137 0.023123 0.020059
2 0.777558 0.15285 0.023857 0.023116
2 0.802184 0.151011 0.016334 0.020894
1 0.687206 0.177635 0.05052 0.024159
2 0.760334 0.166843 0.032419 0.016882
1 0.693012 0.165654 0.033883 0.020335
1 0.616861 0.239421 0.056752 0.054123
2 0.226312 0.367063 0.08542 0.060559
