0 0.943932 0.178762 0.015373 0.089263
0 0.940985 0.168244 0.014679 0.075158
0 0.903812 0.158262 0.015698 0.048802
0 0.877298 0.146516 0.015528 0.051758
0 0.855558 0.138054 0.013417 0.051557
0 0.831967 0.127536 0.014839 0.05363
0 0.813476 0.121787 0.014866 0.047986
0 0.774765 0.110348 0.015893 0.049052
0 0.742078 0.100556 0.015638 0.046511
0 0.730375 0.097521 0.016021 0.054771
0 0.798438 0.114752 0.01393 0.047213
0 0.042341 0.473543 0.050607 0.291058
1 0.924667 0.206249 0.015319 0.03636
1 0.881149 0.202089 0.015787 0.027145
1 0.311435 0.715909 0.09304 0.210859
2 0.380176 0.466077 0.130983 0.08931
2 0.413301 0.301613 0.093022 0.058263
2 0.568412 0.226918 0.057533 0.034774
2 0.130439 0.520402 0.028557 0.074275
1 0.24103 0.418871 0.125827 0.092152
1 0.147391 0.527975 0.028134 0.067066
1 0.80338 0.148975 0.01137 0.02284
2 0.644851 0.159277 0.038422 0.025977
