0 0.875006 0.144999 0.013125 0.052008
0 0.853153 0.124405 0.012992 0.073854
0 0.832674 0.127889 0.017892 0.05086
0 0.809518 0.116069 0.019175 0.051464
0 0.779873 0.111662 0.016885 0.048765
0 0.732669 0.097694 0.015194 0.055067
0 0.682712 0.078543 0.014379 0.075135
2 0.858844 0.309188 0.029874 0.065233
1 0.306408 0.706661 0.087789 0.195101
2 0.732085 0.223599 0.046471 0.034124
2 0.790845 0.155659 0.030648 0.021537
1 0.614393 0.231082 0.042093 0.056274
1 0.342846 0.381084 0.111054 0.094123
0 0.678365 0.083985 0.015273 0.067951
0 0.720504 0.093298 0.008617 0.052459
0 0.69829 0.088624 0.009242 0.050439
0 0.745252 0.088858 0.014831 0.07093
0 0.958379 0.188217 0.010826 0.081409
