0 0.945605 0.179716 0.012979 0.081654
0 0.943505 0.183799 0.017154 0.062386
0 0.903812 0.158262 0.015698 0.048802
0 0.877298 0.146516 0.015528 0.051758
0 0.855558 0.138054 0.013417 0.051557
0 0.831967 0.127536 0.014839 0.05363
0 0.813476 0.121787 0.014866 0.047986
0 0.774765 0.110348 0.015893 0.049052
0 0.742078 0.100556 0.015638 0.046511
0 0.730375 0.097521 0.016021 0.054771
0 0.798438 0.114752 0.01393 0.047213
0 0.042341 0.473543 0.050607 0.291058
1 0.923827 0.206897 0.015727 0.032075
1 0.888517 0.187805 0.011027 0.020401
1 0.700005 0.312114 0.023678 0.051615
2 0.60902 0.321181 0.064808 0.069444
1 0.135697 0.479447 0.032204 0.075143
2 0.26676 0.417854 0.110844 0.05698
1 0.60431 0.238936 0.050649 0.04355
1 0.137638 0.544727 0.035083 0.100614
2 0.353893 0.400243 0.07524 0.062835
1 0.797395 0.145682 0.009826 0.019506
2 0.717679 0.136128 0.031467 0.018605
