0 0.875006 0.144999 0.013125 0.052008
0 0.854592 0.135331 0.011614 0.050291
0 0.832674 0.127889 0.017892 0.05086
0 0.80947 0.120477 0.01835 0.051157
0 0.779873 0.111662 0.016885 0.048765
0 0.732461 0.097996 0.014778 0.055671
0 0.684193 0.079001 0.014601 0.074098
2 0.874119 0.276201 0.02449 0.042926
2 0.819572 0.207612 0.022081 0.022114
2 0.793776 0.188965 0.027206 0.022163
1 0.552095 0.235729 0.055732 0.035524
2 0.226717 0.500354 0.093015 0.07549
1 0.117632 0.503369 0.024725 0.085399
0 0.722986 0.089393 0.010323 0.062416
0 0.704137 0.090591 0.008371 0.052736
0 0.739818 0.098133 0.01404 0.048029
0 0.91403 0.154689 0.011299 0.076424
0 0.904061 0.158724 0.015743 0.05166
0 0.72975 0.093284 0.009328 0.051824
