0 0.943932 0.178762 0.015373 0.089263
0 0.940985 0.168244 0.014679 0.075158
0 0.903812 0.158262 0.015698 0.048802
0 0.877298 0.146516 0.015528 0.051758
0 0.855558 0.138054 0.013417 0.051557
0 0.831967 0.127536 0.014839 0.05363
0 0.813476 0.121787 0.014866 0.047986
0 0.774765 0.110348 0.015893 0.049052
0 0.742078 0.100556 0.015638 0.046511
0 0.730375 0.097521 0.016021 0.054771
0 0.798438 0.114752 0.01393 0.047213
0 0.042341 0.473543 0.050607 0.291058
1 0.923489 0.200169 0.014052 0.041162
1 0.877111 0.214578 0.017502 0.028839
1 0.365215 0.575782 0.166869 0.142934
2 0.524305 0.362663 0.088916 0.054128
1 0.49195 0.255144 0.071992 0.041949
2 0.631121 0.20489 0.049428 0.028715
1 0.125464 0.476365 0.039833 0.064177
1 0.374895 0.348959 0.09396 0.056912
2 0.243853 0.452778 0.100188 0.073945
1 0.799078 0.144978 0.011972 0.028671
2 0.593216 0.173744 0.046564 0.023585
