0 0.875006 0.144999 0.013125 0.052008
0 0.853153 0.124405 0.012992 0.073854
0 0.832674 0.127889 0.017892 0.05086
0 0.809518 0.116069 0.019175 0.051464
0 0.779873 0.111662 0.016885 0.048765
0 0.732669 0.097694 0.015194 0.055067
0 0.682712 0.078543 0.014379 0.075135
2 0.829496 0.350931 0.031386 0.067188
1 0.301231 0.646371 0.054575 0.16809
2 0.690053 0.257356 0.048828 0.04386
2 0.786069 0.149276 0.021371 0.027909
2 0.54601 0.273341 0.060607 0.048125
2 0.282794 0.445458 0.034805 0.078025
0 0.678482 0.084398 0.012943 0.068747
0 0.720552 0.093836 0.00852 0.051384
0 0.698532 0.087572 0.010416 0.054515
0 0.745252 0.088858 0.014831 0.07093
0 0.959414 0.188078 0.010826 0.081409
