0 0.933771 0.199439 0.01834 0.109691
0 0.940279 0.169226 0.010816 0.077531
0 0.904365 0.156858 0.014591 0.05161
0 0.877298 0.146516 0.015528 0.051758
0 0.855558 0.138054 0.013417 0.051557
0 0.831967 0.127536 0.014839 0.05363
0 0.815059 0.123218 0.013559 0.049788
0 0.774765 0.110348 0.015893 0.049052
0 0.742349 0.102265 0.015666 0.043532
0 0.730481 0.098026 0.01581 0.053762
0 0.799813 0.118265 0.016678 0.054239
0 0.034753 0.448836 0.049834 0.257184
1 0.906474 0.255267 0.023833 0.033032
2 0.858746 0.248259 0.027112 0.028062
2 0.710423 0.306338 0.06068 0.034979
2 0.693088 0.248166 0.061908 0.035029
2 0.452196 0.287093 0.085032 0.042344
2 0.132549 0.489485 0.020881 0.035182
1 0.266737 0.421037 0.111826 0.089684
2 0.1519 0.564953 0.04684 0.113531
2 0.504067 0.312588 0.071325 0.065034
2 0.789305 0.160509 0.024326 0.019573
2 0.52555 0.190642 0.048828 0.018411
