0 0.8555 0.439264 0.091456 0.347222
0 0.940509 0.174439 0.013728 0.087547
0 0.904365 0.156858 0.014591 0.05161
0 0.877298 0.146516 0.015528 0.051758
0 0.855558 0.138054 0.013417 0.051557
0 0.831967 0.127536 0.014839 0.05363
0 0.815059 0.123218 0.013559 0.049788
0 0.774765 0.110348 0.015893 0.049052
0 0.742349 0.102265 0.015666 0.043532
0 0.730481 0.098026 0.01581 0.053762
0 0.799813 0.118265 0.016678 0.054239
0 0.01489 0.46011 0.030841 0.267546
1 0.521401 0.94933 0.147042 0.09995
1 0.702268 0.435014 0.099973 0.133696
1 0.78084 0.265704 0.028587 0.050084
2 0.702089 0.26331 0.054747 0.073127
1 0.539836 0.279478 0.058057 0.076622
1 0.605079 0.248052 0.04389 0.058013
1 0.758613 0.156117 0.032347 0.025496
2 0.794174 0.163641 0.015352 0.023741
2 0.79055 0.149243 0.014064 0.017124
2 0.677367 0.177973 0.041972 0.024608
1 0.094879 0.404126 0.022185 0.05946
