0 0.880998 0.398051 0.066735 0.323099
0 0.940509 0.174439 0.013728 0.087547
0 0.904365 0.156858 0.014591 0.05161
0 0.877298 0.146516 0.015528 0.051758
0 0.855558 0.138054 0.013417 0.051557
0 0.831967 0.127536 0.014839 0.05363
0 0.815059 0.123218 0.013559 0.049788
0 0.774765 0.110348 0.015893 0.049052
0 0.742349 0.102265 0.015666 0.043532
0 0.730481 0.098026 0.01581 0.053762
0 0.799813 0.118265 0.016678 0.054239
0 0.01489 0.46011 0.030841 0.267546
2 0.603255 0.854514 0.22474 0.289583
2 0.730972 0.416648 0.071476 0.093007
1 0.766696 0.255975 0.021059 0.030978
2 0.642019 0.306614 0.059834 0.062913
1 0.462985 0.319624 0.050938 0.090841
1 0.595967 0.25177 0.023426 0.048085
2 0.743795 0.168025 0.020692 0.029008
2 0.770724 0.171578 0.020472 0.032374
2 0.792314 0.151433 0.015748 0.01927
2 0.701022 0.168135 0.033432 0.024442
1 0.095366 0.409132 0.030716 0.060232
