0 0.840085 0.476252 0.099344 0.388374
0 0.940509 0.174439 0.013728 0.087547
0 0.904365 0.156858 0.014591 0.05161
0 0.877298 0.146516 0.015528 0.051758
0 0.855558 0.138054 0.013417 0.051557
0 0.831967 0.127536 0.014839 0.05363
0 0.815059 0.123218 0.013559 0.049788
0 0.774765 0.110348 0.015893 0.049052
0 0.742349 0.102265 0.015666 0.043532
0 0.730481 0.098026 0.01581 0.053762
0 0.799813 0.118265 0.016678 0.054239
0 0.01489 0.46011 0.030841 0.267546
1 0.499792 0.935674 0.160572 0.127263
2 0.688348 0.456268 0.096667 0.12471
1 0.782634 0.259706 0.027147 0.065324
2 0.727554 0.236102 0.057851 0.060533
2 0.567644 0.283343 0.068948 0.048602
1 0.619485 0.225462 0.062037 0.055274
2 0.768978 0.153078 0.017648 0.020975
1 0.80232 0.155079 0.013801 0.020203
1 0.78854 0.146004 0.011342 0.015441
1 0.663091 0.178275 0.024098 0.023494
1 0.094157 0.402084 0.025367 0.068717
