0 0.875006 0.144999 0.013125 0.052008
0 0.853153 0.124405 0.012992 0.073854
0 0.832693 0.128833 0.01793 0.052747
0 0.808865 0.120832 0.018088 0.049647
0 0.779873 0.111662 0.016885 0.048765
0 0.732669 0.097694 0.015194 0.055067
0 0.6729 0.079984 0.014594 0.077696
2 0.674479 0.58179 0.12934 0.191358
2 0.782277 0.234311 0.046558 0.035062
2 0.636202 0.298683 0.081157 0.044322
1 0.649687 0.225853 0.047861 0.044896
2 0.416302 0.335904 0.090861 0.055903
1 0.362088 0.31749 0.104323 0.061959
0 0.902906 0.151451 0.010898 0.06864
0 0.857557 0.142204 0.011889 0.052544
0 0.928633 0.165471 0.009873 0.057637
0 0.930801 0.16564 0.012064 0.077195
