0 0.875006 0.144999 0.013125 0.052008
0 0.854592 0.135331 0.011614 0.050291
0 0.832674 0.127889 0.017892 0.05086
0 0.80947 0.120477 0.01835 0.051157
0 0.779873 0.111662 0.016885 0.048765
0 0.732461 0.097996 0.014778 0.055671
0 0.684193 0.079001 0.014601 0.074098
1 0.859788 0.296679 0.024501 0.047667
2 0.837144 0.193408 0.0238 0.020667
2 0.807699 0.185219 0.029746 0.019828
1 0.593085 0.217004 0.049838 0.031719
1 0.152926 0.541965 0.033226 0.125979
1 0.110683 0.510993 0.030233 0.070533
0 0.721518 0.086554 0.009695 0.0593
0 0.704137 0.090591 0.008371 0.052736
0 0.727634 0.087732 0.006923 0.052017
0 0.739818 0.098133 0.01404 0.048029
0 0.91403 0.154689 0.011299 0.076424
0 0.904061 0.158724 0.015743 0.05166
