0 0.94621 0.186816 0.018638 0.094851
0 0.940985 0.168244 0.014679 0.075158
0 0.903812 0.158262 0.015698 0.048802
0 0.877298 0.146516 0.015528 0.051758
0 0.855558 0.138054 0.013417 0.051557
0 0.831967 0.127536 0.014839 0.05363
0 0.813476 0.121787 0.014866 0.047986
0 0.774765 0.110348 0.015893 0.049052
0 0.742078 0.100556 0.015638 0.046511
0 0.730375 0.097521 0.016021 0.054771
0 0.798438 0.114752 0.01393 0.047213
0 0.042341 0.473543 0.050607 0.291058
1 0.916874 0.199121 0.01427 0.030595
2 0.864394 0.229515 0.021368 0.030693
2 0.63146 0.362447 0.100661 0.064637
2 0.641629 0.281129 0.075515 0.033897
2 0.575279 0.216149 0.062917 0.038481
2 0.692901 0.175046 0.032504 0.021136
2 0.240307 0.397094 0.113485 0.06713
2 0.51735 0.260675 0.077039 0.038774
1 0.411761 0.319125 0.084828 0.055157
2 0.782519 0.161484 0.02478 0.02331
2 0.540988 0.199467 0.043669 0.02259
