0 0.932312 0.257707 0.030143 0.16648
0 0.940985 0.168244 0.014679 0.075158
0 0.903812 0.158262 0.015698 0.048802
0 0.877298 0.146516 0.015528 0.051758
0 0.855558 0.138054 0.013417 0.051557
0 0.831967 0.127536 0.014839 0.05363
0 0.813476 0.121787 0.014866 0.047986
0 0.774765 0.110348 0.015893 0.049052
0 0.742078 0.100556 0.015638 0.046511
0 0.730481 0.098026 0.01581 0.053762
0 0.798438 0.114752 0.01393 0.047213
0 0.030946 0.494465 0.062147 0.295791
1 0.914563 0.222833 0.0115 0.027945
1 0.816145 0.282717 0.030237 0.053464
2 0.845432 0.18847 0.023152 0.018082
2 0.810787 0.184232 0.028183 0.021146
2 0.754292 0.159823 0.026704 0.015872
2 0.792901 0.151935 0.017053 0.028176
1 0.648057 0.186518 0.03826 0.02488
2 0.717708 0.169043 0.041781 0.017713
2 0.674366 0.17829 0.027831 0.025365
2 0.649944 0.226531 0.045181 0.033049
2 0.289374 0.326985 0.077885 0.051551
