0 0.86017 0.527075 0.095766 0.46412
0 0.940509 0.174439 0.013728 0.087547
0 0.903812 0.158262 0.015698 0.048802
0 0.877298 0.146516 0.015528 0.051758
0 0.855558 0.138054 0.013417 0.051557
0 0.831967 0.127536 0.014839 0.05363
0 0.813476 0.121787 0.014866 0.047986
0 0.774765 0.110348 0.015893 0.049052
0 0.742078 0.100556 0.015638 0.046511
0 0.730481 0.098026 0.01581 0.053762
0 0.798438 0.114752 0.01393 0.047213
0 0.055372 0.52152 0.061439 0.342195
1 0.895139 0.273115 0.026978 0.046766
2 0.685535 0.472454 0.09571 0.142429
1 0.865674 0.170586 0.012108 0.023505
1 0.84268 0.163242 0.012005 0.02259
1 0.814458 0.152684 0.012909 0.01915
1 0.793304 0.143191 0.010693 0.019173
2 0.78035 0.155808 0.012103 0.018054
1 0.784907 0.141442 0.010184 0.017072
1 0.772658 0.139413 0.008993 0.016732
2 0.241548 0.459428 0.094782 0.088639
2 0.097523 0.440219 0.036912 0.054556
