0 0.942712 0.207426 0.020585 0.120658
0 0.940985 0.168244 0.014679 0.075158
0 0.903812 0.158262 0.015698 0.048802
0 0.877298 0.146516 0.015528 0.051758
0 0.855558 0.138054 0.013417 0.051557
0 0.831967 0.127536 0.014839 0.05363
0 0.813476 0.121787 0.014866 0.047986
0 0.774765 0.110348 0.015893 0.049052
0 0.742078 0.100556 0.015638 0.046511
0 0.730375 0.097521 0.016021 0.054771
0 0.798438 0.114752 0.01393 0.047213
0 0.042341 0.473543 0.050607 0.291058
1 0.916507 0.195532 0.013394 0.022738
2 0.85173 0.246109 0.018508 0.031474
1 0.756803 0.251981 0.031604 0.043624
2 0.739131 0.21892 0.042878 0.022103
2 0.649931 0.184015 0.048211 0.027951
2 0.761934 0.15545 0.029778 0.01873
2 0.471602 0.269443 0.082961 0.039817
1 0.636444 0.200339 0.025652 0.039822
2 0.576186 0.231729 0.052985 0.024858
2 0.75346 0.180126 0.049479 0.024537
2 0.443716 0.24448 0.056899 0.026475
