0 0.875006 0.144999 0.013125 0.052008
0 0.853528 0.123977 0.013742 0.072998
0 0.832674 0.127889 0.017892 0.05086
0 0.80947 0.120477 0.01835 0.051157
0 0.779873 0.111662 0.016885 0.048765
0 0.732461 0.097996 0.014778 0.055671
0 0.682712 0.078543 0.014379 0.075135
2 0.482604 0.883398 0.156704 0.158269
1 0.869784 0.182344 0.016607 0.028693
1 0.840485 0.167371 0.018543 0.024695
1 0.741323 0.159567 0.031136 0.014823
1 0.403635 0.316098 0.082413 0.055064
2 0.533068 0.236171 0.078125 0.035321
0 0.676623 0.085857 0.012811 0.074357
0 0.685543 0.088148 0.00926 0.059115
0 0.699066 0.087069 0.012677 0.057957
0 0.739818 0.098133 0.01404 0.048029
0 0.956789 0.184339 0.013644 0.083639
0 0.904058 0.158623 0.015737 0.051459
