0 0.938022 0.2332 0.029863 0.143337
0 0.903812 0.158262 0.015698 0.048802
0 0.877298 0.146516 0.015528 0.051758
0 0.855558 0.138054 0.013417 0.051557
0 0.831967 0.127536 0.014839 0.05363
0 0.813476 0.121787 0.014866 0.047986
0 0.774765 0.110348 0.015893 0.049052
0 0.735624 0.099349 0.015638 0.046511
0 0.730375 0.097521 0.016021 0.054771
0 0.798438 0.114752 0.01393 0.047213
0 0.042341 0.473543 0.050607 0.291058
1 0.90378 0.245234 0.019633 0.036066
2 0.800632 0.303234 0.032029 0.051687
1 0.857433 0.168668 0.012605 0.020545
1 0.837159 0.161297 0.013911 0.023919
2 0.803623 0.157526 0.016952 0.017893
2 0.644996 0.231168 0.046812 0.03717
2 0.77165 0.151989 0.020333 0.022972
2 0.741084 0.182771 0.032341 0.029238
1 0.792788 0.140972 0.014199 0.020929
1 0.115205 0.527342 0.027565 0.06366
2 0.699795 0.133334 0.026713 0.016308
0 0.952076 0.174648 0.015159 0.084646
