0 0.875006 0.144999 0.013125 0.052008
0 0.855372 0.135481 0.013174 0.050591
0 0.832674 0.127889 0.017892 0.05086
0 0.766099 0.096419 0.017663 0.071157
0 0.779873 0.111662 0.016885 0.048765
0 0.731811 0.097631 0.016253 0.053937
0 0.684193 0.079001 0.014601 0.074098
2 0.903134 0.200364 0.014515 0.020492
2 0.611733 0.392099 0.160672 0.066169
2 0.670823 0.263179 0.055276 0.049927
1 0.25143 0.410499 0.071338 0.069378
2 0.711503 0.200005 0.040719 0.026445
1 0.514795 0.299455 0.087288 0.080916
0 0.771375 0.099684 0.009718 0.065439
0 0.699484 0.09904 0.015643 0.039211
0 0.739818 0.098133 0.01404 0.048029
0 0.913781 0.154689 0.011299 0.076424
0 0.904061 0.158724 0.015743 0.05166
0 0.78759 0.127044 0.011359 0.031999
