0 0.856488 0.477959 0.079144 0.210749
1 0.790968 0.358286 0.027158 0.06907
1 0.760043 0.372552 0.037364 0.115338
1 0.437674 0.185694 0.026914 0.032562
2 0.473623 0.234974 0.040221 0.032596
1 0.407744 0.178326 0.031388 0.05168
1 0.252732 0.152516 0.011009 0.030513
1 0.217371 0.132434 0.008759 0.030303
1 0.8416 0.478175 0.025878 0.070106
2 0.4545 0.271577 0.064214 0.057374
1 0.443085 0.291599 0.0677 0.051723
2 0.38568 0.215866 0.044243 0.043051
1 0.585704 0.810404 0.066956 0.172927
1 0.547739 0.890419 0.087201 0.173949
2 0.396888 0.961931 0.066381 0.07475
2 0.349049 0.224057 0.054339 0.045384
