0 0.860596 0.486111 0.070801 0.199653
0 0.940794 0.425452 0.038592 0.182396
1 0.829775 0.380219 0.022321 0.082384
1 0.874418 0.381729 0.025233 0.093168
1 0.83208 0.438449 0.022564 0.066856
1 0.73306 0.330197 0.045298 0.059424
1 0.66087 0.279781 0.061223 0.05609
1 0.478736 0.228697 0.061678 0.042815
1 0.294893 0.154625 0.01828 0.045156
1 0.299126 0.168309 0.011738 0.038998
1 0.309998 0.154625 0.019243 0.023262
2 0.770211 0.463768 0.072351 0.067633
1 0.378542 0.246292 0.048001 0.047669
1 0.321438 0.243644 0.045021 0.054143
2 0.364804 0.210982 0.047007 0.035899
2 0.245134 0.193326 0.036083 0.033545
1 0.66275 0.567088 0.131916 0.136612
1 0.224609 0.31467 0.043945 0.059317
1 0.553805 0.795901 0.105847 0.221774
1 0.419506 0.969288 0.070363 0.060036
1 0.450233 0.896483 0.100315 0.205645
