0 0.846902 0.473803 0.082839 0.217912
1 0.43673 0.174463 0.02727 0.045204
1 0.404874 0.166084 0.016215 0.026205
1 0.364121 0.15277 0.018794 0.029481
1 0.242332 0.123609 0.010765 0.018591
1 0.218408 0.131468 0.014222 0.022714
2 0.419619 0.199755 0.033219 0.029528
1 0.789099 0.491967 0.036901 0.070797
2 0.695674 0.376591 0.033466 0.041648
1 0.437525 0.298664 0.047801 0.037593
2 0.320331 0.234672 0.048853 0.043201
2 0.186478 0.183049 0.023508 0.016968
2 0.214102 0.170503 0.024392 0.016026
2 0.394229 0.38123 0.070114 0.05539
1 0.678168 0.69782 0.062934 0.132137
1 0.103157 0.221042 0.016247 0.031957
2 0.08268 0.229094 0.014274 0.023671
