0 0.826697 0.626461 0.082839 0.34842
0 0.814574 0.691116 0.112473 0.453784
0 0.86879 0.457639 0.068696 0.204741
0 0.311493 0.09307 0.026176 0.057274
1 0.846852 0.368749 0.02262 0.044076
1 0.214881 0.131765 0.008338 0.01484
1 0.204016 0.130035 0.007913 0.014747
1 0.822183 0.453236 0.020362 0.049498
1 0.781458 0.497562 0.029505 0.067228
2 0.551366 0.382512 0.079947 0.069788
2 0.36311 0.270939 0.057523 0.046184
1 0.334216 0.196945 0.035842 0.03401
1 0.313148 0.230166 0.028 0.033949
1 0.621635 0.676079 0.123918 0.195945
2 0.450325 0.406384 0.079384 0.062429
2 0.07732 0.223973 0.020719 0.031671
