0 0.38457 0.965509 0.066016 0.067593
0 0.235584 0.927201 0.091331 0.144208
0 0.316127 0.665273 0.140625 0.342734
0 0.241277 0.616004 0.10462 0.330918
0 0.209598 0.578951 0.093332 0.278881
0 0.137188 0.773605 0.157104 0.311284
0 0.094346 0.630781 0.095764 0.257906
0 0.070402 0.583129 0.078568 0.201657
0 0.0548 0.539824 0.089076 0.193348
0 0.054131 0.485491 0.08244 0.16119
0 0.922273 0.123029 0.013022 0.079355
1 0.657764 0.880259 0.09525 0.234249
2 0.844048 0.299992 0.02873 0.041093
2 0.901574 0.188559 0.017566 0.03846
2 0.837676 0.215443 0.031083 0.022727
2 0.765258 0.299916 0.041422 0.053598
2 0.548269 0.445651 0.172216 0.116537
2 0.618905 0.316128 0.086353 0.082318
2 0.559956 0.266161 0.081259 0.076763
2 0.426188 0.357155 0.080043 0.071237
1 0.202851 0.485065 0.03611 0.113687
2 0.754982 0.140443 0.0285 0.021649
2 0.492163 0.178243 0.038092 0.02898
0 0.044016 0.437375 0.070882 0.12746
