0 0.405702 0.950848 0.069064 0.096916
0 0.21303 0.93256 0.095956 0.132986
0 0.309248 0.659362 0.140322 0.342453
0 0.2505 0.612634 0.126433 0.325848
0 0.209667 0.577725 0.093193 0.281332
0 0.141239 0.800137 0.127737 0.325719
0 0.097274 0.630275 0.107578 0.254136
0 0.06423 0.575929 0.080493 0.17861
0 0.055953 0.516336 0.070385 0.193173
0 0.05352 0.481027 0.053771 0.152099
0 0.972597 0.331334 0.036577 0.239268
1 0.946017 0.182548 0.013332 0.030957
2 0.733334 0.609389 0.040769 0.203579
2 0.905822 0.178014 0.014768 0.029018
2 0.819066 0.245715 0.042055 0.035165
2 0.769116 0.271572 0.036902 0.041371
2 0.335006 0.641326 0.105546 0.122792
2 0.606123 0.40251 0.074918 0.0767
2 0.822491 0.143711 0.019937 0.023728
2 0.807207 0.155394 0.025107 0.035207
2 0.762937 0.156157 0.027241 0.058712
2 0.716999 0.148997 0.026912 0.022971
2 0.170071 0.375197 0.030641 0.065127
0 0.04186 0.44637 0.073303 0.142739
