0 0.399766 0.966076 0.066093 0.06646
0 0.235584 0.927201 0.091331 0.144208
0 0.308456 0.669421 0.156066 0.331093
0 0.246122 0.5644 0.137751 0.429147
0 0.209598 0.578951 0.093332 0.278881
0 0.138479 0.791053 0.127339 0.318935
0 0.094346 0.630781 0.095764 0.257906
0 0.070402 0.592236 0.078568 0.201657
0 0.0548 0.539824 0.089076 0.193348
0 0.054131 0.485491 0.08244 0.16119
0 0.917218 0.119048 0.016097 0.076313
2 0.890747 0.399743 0.034008 0.067879
2 0.540747 0.642275 0.065754 0.119435
2 0.661386 0.257398 0.054409 0.045067
2 0.77924 0.205869 0.033708 0.027152
2 0.847826 0.160931 0.027004 0.023971
2 0.904148 0.16385 0.017688 0.031302
1 0.273379 0.649298 0.068079 0.213337
2 0.719475 0.147757 0.031745 0.023866
2 0.776111 0.129534 0.027041 0.02101
2 0.821718 0.117568 0.02297 0.043336
2 0.569283 0.258398 0.070252 0.069983
1 0.140344 0.370433 0.030855 0.090703
0 0.043543 0.445692 0.069937 0.144094
