0 0.395197 0.968403 0.065075 0.061806
0 0.235584 0.927201 0.091331 0.144208
0 0.316127 0.665273 0.140625 0.342734
0 0.241277 0.616004 0.10462 0.330918
0 0.209598 0.578951 0.093332 0.278881
0 0.138479 0.791053 0.127339 0.318935
0 0.094346 0.630781 0.095764 0.257906
0 0.063998 0.588821 0.078568 0.201657
0 0.0548 0.539824 0.089076 0.193348
0 0.054131 0.485491 0.08244 0.16119
0 0.918721 0.119873 0.013022 0.079355
2 0.560199 0.90808 0.071291 0.177601
2 0.673771 0.469134 0.088805 0.090876
2 0.851111 0.158926 0.022565 0.018006
2 0.882321 0.152197 0.016252 0.030202
2 0.903853 0.181368 0.016157 0.03436
2 0.869635 0.210585 0.022449 0.039058
1 0.296578 0.62726 0.060779 0.193524
2 0.826549 0.13056 0.02801 0.052642
2 0.810239 0.155756 0.03151 0.027503
2 0.777674 0.162114 0.032445 0.038251
2 0.488606 0.256005 0.078106 0.062586
2 0.298865 0.29294 0.054566 0.050691
0 0.043543 0.445692 0.069937 0.144094
