0 0.398325 0.954467 0.11585 0.089677
0 0.236463 0.930949 0.090654 0.135832
0 0.299393 0.67107 0.119945 0.356971
0 0.241277 0.616004 0.10462 0.330918
0 0.209598 0.578951 0.093332 0.278881
0 0.127119 0.79714 0.123146 0.30073
0 0.08607 0.632651 0.109905 0.22952
0 0.070402 0.592236 0.078568 0.201657
0 0.0548 0.539824 0.089076 0.193348
0 0.047258 0.483664 0.068695 0.157535
0 0.920697 0.122207 0.013966 0.079143
2 0.873679 0.268801 0.019904 0.027473
1 0.939565 0.194665 0.014141 0.031257
2 0.874151 0.152025 0.023384 0.019807
2 0.900014 0.157927 0.01542 0.026493
2 0.905574 0.184779 0.013763 0.030307
2 0.872706 0.201695 0.028467 0.028958
2 0.82185 0.231483 0.034849 0.055508
2 0.777445 0.149788 0.035113 0.070322
2 0.738102 0.190844 0.036808 0.029387
2 0.676506 0.205078 0.050939 0.03919
2 0.377173 0.306222 0.090953 0.059478
2 0.775073 0.11789 0.017959 0.027765
