0 0.38361 0.974664 0.067937 0.049283
0 0.235584 0.927201 0.091331 0.144208
0 0.316127 0.665273 0.140625 0.342734
0 0.241277 0.616004 0.10462 0.330918
0 0.209598 0.578951 0.093332 0.278881
0 0.126838 0.788216 0.150068 0.296982
0 0.094346 0.630781 0.095764 0.257906
0 0.065279 0.588821 0.078568 0.201657
0 0.0548 0.539824 0.089076 0.193348
0 0.054131 0.485491 0.08244 0.16119
0 0.922273 0.123029 0.013022 0.079355
1 0.655965 0.865885 0.090413 0.212674
2 0.759215 0.378906 0.054813 0.060764
2 0.880563 0.148846 0.019735 0.015932
2 0.907344 0.168834 0.014561 0.026667
2 0.871261 0.206404 0.020024 0.030513
2 0.831591 0.24667 0.038601 0.046783
2 0.276215 0.636777 0.065626 0.155459
2 0.786055 0.150033 0.033003 0.056976
2 0.753809 0.183071 0.032516 0.034746
2 0.678776 0.209401 0.036798 0.046614
2 0.632639 0.176781 0.041335 0.030898
2 0.369793 0.235588 0.064083 0.048147
0 0.043543 0.445692 0.069937 0.144094
