0 0.387419 0.958397 0.065787 0.081817
0 0.273346 0.932686 0.216588 0.133238
0 0.866301 0.57026 0.110004 0.502435
0 0.251246 0.601986 0.127923 0.304553
0 0.19982 0.582132 0.087141 0.291457
0 0.13776 0.782368 0.127737 0.325719
0 0.097527 0.640572 0.103383 0.256356
0 0.0825 0.589493 0.0975 0.219626
0 0.058427 0.537653 0.075333 0.235805
0 0.054528 0.488253 0.055787 0.16655
0 0.941192 0.654563 0.104087 0.515062
2 0.929394 0.196443 0.015636 0.026855
2 0.787609 0.388943 0.035126 0.078058
2 0.802402 0.187395 0.029553 0.022565
2 0.884279 0.150812 0.015921 0.018691
2 0.914713 0.165682 0.014444 0.025125
2 0.883303 0.196802 0.017585 0.033313
2 0.899772 0.17093 0.014916 0.026632
2 0.672115 0.165607 0.033746 0.028575
2 0.716867 0.140786 0.032259 0.04077
2 0.799183 0.136467 0.024004 0.01787
1 0.206511 0.466484 0.053659 0.137671
1 0.162406 0.362002 0.031174 0.085382
0 0.04186 0.44637 0.073303 0.142739
