0 0.395788 0.963628 0.064674 0.071355
0 0.235584 0.927201 0.091331 0.144208
0 0.311012 0.66393 0.139695 0.340048
0 0.241277 0.616004 0.10462 0.330918
0 0.209598 0.578951 0.093332 0.278881
0 0.136698 0.778634 0.154844 0.296298
0 0.094346 0.630781 0.095764 0.257906
0 0.070402 0.583129 0.078568 0.201657
0 0.0548 0.539824 0.089076 0.193348
0 0.054131 0.485491 0.08244 0.16119
0 0.923815 0.12394 0.013201 0.074863
1 0.656707 0.879508 0.097364 0.235751
2 0.85528 0.286318 0.025517 0.035562
2 0.883632 0.204693 0.016696 0.028002
2 0.817383 0.234549 0.029687 0.037847
2 0.673167 0.342001 0.101621 0.059524
2 0.283784 0.576467 0.067406 0.193599
2 0.708053 0.259906 0.04544 0.044762
2 0.423652 0.334196 0.082948 0.086121
1 0.210649 0.453157 0.032747 0.16885
1 0.189895 0.457862 0.03611 0.113687
2 0.789954 0.125491 0.029949 0.040738
2 0.533147 0.160189 0.040909 0.029144
0 0.043981 0.445403 0.064524 0.143331
