0 0.40065 0.966623 0.066669 0.065366
0 0.235584 0.927201 0.091331 0.144208
0 0.316127 0.665273 0.140625 0.342734
0 0.257836 0.617871 0.137738 0.33465
0 0.209598 0.578951 0.093332 0.278881
0 0.138479 0.791053 0.127339 0.318935
0 0.094346 0.630781 0.095764 0.257906
0 0.06784 0.580852 0.078568 0.201657
0 0.0548 0.539824 0.089076 0.193348
0 0.054131 0.485491 0.08244 0.16119
0 0.916835 0.117379 0.015889 0.081263
2 0.633114 0.808553 0.178175 0.375787
2 0.558414 0.581014 0.105502 0.106779
2 0.811325 0.188218 0.036246 0.028352
2 0.863963 0.167543 0.018726 0.02053
2 0.884816 0.150863 0.019945 0.024893
2 0.895663 0.187732 0.018002 0.032239
2 0.83184 0.121006 0.020706 0.022191
2 0.859003 0.135617 0.017485 0.02273
2 0.82453 0.147044 0.029039 0.025469
2 0.235605 0.408264 0.077877 0.070526
2 0.186228 0.353682 0.06359 0.059755
0 0.043543 0.445692 0.069937 0.144094
