0 0.405702 0.950848 0.069064 0.096916
0 0.21303 0.93256 0.095956 0.132986
0 0.310748 0.658997 0.136316 0.33652
0 0.2505 0.612634 0.126433 0.325848
0 0.209598 0.578951 0.093332 0.278881
0 0.138678 0.794445 0.127737 0.325719
0 0.084538 0.638646 0.129679 0.228624
0 0.06745 0.583497 0.07949 0.200361
0 0.060848 0.529499 0.101172 0.172699
0 0.054063 0.478838 0.082304 0.157893
0 0.990876 0.237175 0.017467 0.13815
2 0.972319 0.208614 0.011415 0.0276
1 0.720039 0.787984 0.067444 0.190493
2 0.799405 0.265804 0.039907 0.047655
2 0.335947 0.65565 0.081888 0.107596
1 0.263983 0.638954 0.059946 0.187565
2 0.37451 0.454801 0.122562 0.097342
1 0.315247 0.717489 0.069968 0.219062
2 0.550334 0.26331 0.08667 0.078125
2 0.449676 0.307797 0.108949 0.143955
2 0.235414 0.447534 0.095187 0.064123
2 0.846601 0.127989 0.018489 0.016781
1 0.142506 0.364262 0.038339 0.073945
0 0.043543 0.445692 0.069937 0.144094
