0 0.398325 0.954467 0.11585 0.089677
0 0.236463 0.930949 0.090654 0.135832
0 0.304974 0.67107 0.119945 0.356971
0 0.241277 0.616004 0.10462 0.330918
0 0.209598 0.578951 0.093332 0.278881
0 0.127119 0.79714 0.123146 0.30073
0 0.08607 0.632651 0.109905 0.22952
0 0.070402 0.585406 0.078568 0.201657
0 0.0548 0.539824 0.089076 0.193348
0 0.047258 0.483664 0.068695 0.157535
0 0.920697 0.122207 0.013966 0.079143
2 0.877659 0.263039 0.024399 0.028829
2 0.940364 0.198527 0.014166 0.02442
2 0.874151 0.152025 0.023384 0.019807
2 0.902062 0.158207 0.01542 0.026493
2 0.901585 0.185779 0.017754 0.028946
2 0.872131 0.208978 0.029522 0.030082
2 0.82115 0.242325 0.031932 0.040785
2 0.775751 0.16884 0.03013 0.029061
2 0.739688 0.18848 0.036808 0.029387
2 0.666785 0.196711 0.049879 0.05922
2 0.372452 0.307971 0.111073 0.057971
2 0.76471 0.113638 0.017959 0.027765
