0 0.400184 0.935198 0.095726 0.128216
0 0.235584 0.927201 0.091331 0.144208
0 0.311012 0.66393 0.139695 0.340048
0 0.241277 0.616004 0.10462 0.330918
0 0.209598 0.578951 0.093332 0.278881
0 0.13841 0.787844 0.145728 0.282138
0 0.094346 0.630781 0.095764 0.257906
0 0.070402 0.592236 0.078568 0.201657
0 0.0548 0.539824 0.089076 0.193348
0 0.054131 0.485491 0.08244 0.16119
0 0.956326 0.141696 0.013522 0.074444
2 0.550469 0.841864 0.123274 0.173069
2 0.882131 0.249082 0.021171 0.030079
2 0.736544 0.317327 0.05248 0.057265
2 0.369726 0.526964 0.171241 0.130712
2 0.56173 0.350554 0.056373 0.055065
2 0.691276 0.252778 0.04401 0.034259
2 0.836456 0.170291 0.024263 0.0325
1 0.18095 0.441681 0.039986 0.132654
2 0.389897 0.299561 0.074783 0.057554
2 0.574301 0.202761 0.046011 0.040165
2 0.846999 0.139148 0.016762 0.019696
2 0.624681 0.137981 0.02502 0.035403
0 0.043981 0.445403 0.064524 0.143331
