0 0.395922 0.958016 0.068312 0.082578
0 0.22018 0.934921 0.09089 0.12877
0 0.957417 0.243841 0.02543 0.182184
0 0.257503 0.608076 0.130673 0.315711
0 0.19982 0.582132 0.087141 0.291457
0 0.14069 0.7815 0.127737 0.325719
0 0.097527 0.640572 0.103383 0.256356
0 0.0825 0.589493 0.0975 0.219626
0 0.058427 0.537653 0.075333 0.235805
0 0.054528 0.488253 0.055787 0.16655
0 0.897943 0.812017 0.109771 0.340629
2 0.879223 0.2624 0.026855 0.026184
2 0.865678 0.379424 0.022437 0.043051
2 0.365096 0.428516 0.127099 0.116115
2 0.765389 0.203096 0.037392 0.028088
2 0.82411 0.173128 0.029719 0.024806
2 0.906399 0.163435 0.013683 0.029469
2 0.878846 0.173035 0.026755 0.025142
1 0.197859 0.484462 0.04557 0.14864
1 0.183012 0.460189 0.036731 0.125433
2 0.489005 0.250404 0.104993 0.039315
2 0.747473 0.183494 0.03653 0.031904
1 0.16601 0.374509 0.053291 0.074963
0 0.04186 0.44637 0.073303 0.142739
