0 0.402193 0.937303 0.091707 0.124006
0 0.236578 0.923725 0.097156 0.151161
0 0.320463 0.693046 0.137408 0.271246
0 0.241277 0.616004 0.10462 0.330918
0 0.209598 0.578951 0.093332 0.278881
0 0.13841 0.787844 0.145728 0.282138
0 0.094346 0.630781 0.095764 0.257906
0 0.069121 0.588821 0.078568 0.201657
0 0.0548 0.539824 0.089076 0.193348
0 0.047258 0.483664 0.068695 0.157535
0 0.92896 0.125056 0.013365 0.074969
1 0.460903 0.761726 0.083693 0.159932
2 0.913273 0.226469 0.014993 0.031777
2 0.556695 0.324653 0.075905 0.066722
2 0.758417 0.218386 0.041124 0.038573
2 0.825721 0.17697 0.021806 0.025247
2 0.850872 0.163994 0.021286 0.015905
2 0.911198 0.166719 0.02128 0.028314
2 0.688171 0.152158 0.031055 0.025931
2 0.763478 0.134654 0.030396 0.022467
2 0.807834 0.130459 0.023745 0.023321
2 0.75024 0.177747 0.037562 0.035764
1 0.72873 0.108859 0.014637 0.030794
0 0.039995 0.441177 0.048129 0.140579
