0 0.400184 0.935198 0.095726 0.128216
0 0.233218 0.922232 0.097156 0.151161
0 0.311012 0.66393 0.139695 0.340048
0 0.241277 0.616004 0.10462 0.330918
0 0.209598 0.578951 0.093332 0.278881
0 0.13841 0.787844 0.145728 0.282138
0 0.094346 0.630781 0.095764 0.257906
0 0.069121 0.586544 0.078568 0.201657
0 0.0548 0.539824 0.089076 0.193348
0 0.054131 0.485491 0.08244 0.16119
0 0.956553 0.142749 0.013977 0.07655
2 0.536838 0.849248 0.11122 0.26331
2 0.883811 0.247152 0.019574 0.020692
2 0.723906 0.328517 0.047451 0.081239
2 0.293225 0.575763 0.112705 0.101321
2 0.591469 0.32503 0.075922 0.050828
2 0.709004 0.238009 0.05413 0.04356
2 0.847885 0.173795 0.02084 0.017707
1 0.193726 0.459037 0.040486 0.120484
2 0.431449 0.266044 0.070237 0.088645
2 0.583963 0.197616 0.045402 0.028522
2 0.845195 0.129971 0.015786 0.034009
1 0.628943 0.131562 0.021255 0.051029
0 0.043981 0.445403 0.064524 0.143331
