0 0.405702 0.950848 0.069064 0.096916
0 0.21303 0.93256 0.095956 0.132986
0 0.309248 0.659362 0.140322 0.342453
0 0.2505 0.612634 0.126433 0.325848
0 0.209667 0.577725 0.093193 0.281332
0 0.138678 0.794445 0.127737 0.325719
0 0.097915 0.630275 0.102455 0.25869
0 0.06745 0.583497 0.07949 0.200361
0 0.055593 0.526363 0.077024 0.192538
0 0.056378 0.492618 0.059487 0.171808
0 0.986216 0.270469 0.026678 0.175044
2 0.967894 0.201843 0.013472 0.029666
2 0.729951 0.735049 0.056901 0.220153
2 0.867259 0.213356 0.025609 0.026478
2 0.603009 0.366419 0.133195 0.096014
1 0.334243 0.67695 0.087838 0.205182
2 0.725594 0.180527 0.036045 0.050531
2 0.667931 0.215714 0.063217 0.066425
2 0.585614 0.246317 0.045105 0.049877
2 0.781463 0.125703 0.028261 0.017691
2 0.181215 0.347693 0.037734 0.052438
0 0.04186 0.44637 0.073303 0.142739
