0 0.400655 0.945142 0.069002 0.108328
0 0.235217 0.922018 0.097824 0.154574
0 0.943249 0.267584 0.028875 0.21707
0 0.257503 0.608076 0.130673 0.315711
0 0.207441 0.584639 0.08832 0.281656
0 0.14069 0.7815 0.127737 0.325719
0 0.097527 0.635178 0.103383 0.256356
0 0.0825 0.589493 0.0975 0.219626
0 0.063616 0.53313 0.08571 0.226759
0 0.054528 0.488253 0.055787 0.16655
0 0.898284 0.737692 0.131756 0.333081
2 0.822044 0.312218 0.023044 0.054135
2 0.895088 0.325654 0.017582 0.03208
2 0.747132 0.291278 0.048047 0.052587
2 0.459428 0.392795 0.078125 0.063526
2 0.632518 0.294204 0.066831 0.046156
2 0.810233 0.181094 0.02841 0.026975
2 0.778082 0.205567 0.03004 0.024038
1 0.206339 0.47202 0.042106 0.14069
1 0.167853 0.483737 0.038735 0.137549
1 0.180208 0.46268 0.03787 0.129704
2 0.810662 0.148332 0.023996 0.025794
1 0.129444 0.406485 0.033936 0.10987
0 0.04186 0.44637 0.073303 0.142739
