0 0.399766 0.966076 0.066093 0.06646
0 0.235584 0.927201 0.091331 0.144208
0 0.316127 0.665273 0.140625 0.342734
0 0.260499 0.615464 0.143064 0.329837
0 0.209598 0.578951 0.093332 0.278881
0 0.138479 0.791053 0.127339 0.318935
0 0.094346 0.630781 0.095764 0.257906
0 0.06848 0.586544 0.078568 0.201657
0 0.0548 0.539824 0.089076 0.193348
0 0.054131 0.485491 0.08244 0.16119
0 0.919775 0.118317 0.012976 0.073012
2 0.82047 0.571578 0.061645 0.152342
2 0.534592 0.621459 0.130304 0.122026
2 0.764417 0.204919 0.033098 0.026515
2 0.842093 0.177353 0.026816 0.028674
2 0.88365 0.149933 0.015171 0.026288
2 0.908861 0.175178 0.016263 0.029504
2 0.799215 0.136359 0.025026 0.017218
1 0.848532 0.127076 0.016136 0.040138
2 0.846896 0.137005 0.022608 0.017343
2 0.267189 0.444551 0.08336 0.093786
1 0.139844 0.379158 0.035237 0.095511
0 0.043543 0.445692 0.069937 0.144094
