0 0.395922 0.958016 0.068312 0.082578
0 0.22018 0.934921 0.09089 0.12877
0 0.957417 0.243841 0.02543 0.182184
0 0.257503 0.608076 0.130673 0.315711
0 0.19982 0.582132 0.087141 0.291457
0 0.14069 0.7815 0.127737 0.325719
0 0.097527 0.640572 0.103383 0.256356
0 0.0825 0.589493 0.0975 0.219626
0 0.058427 0.537653 0.075333 0.235805
0 0.054528 0.488253 0.055787 0.16655
0 0.892169 0.758491 0.135112 0.337063
2 0.854198 0.282589 0.029886 0.055114
2 0.880815 0.334681 0.024652 0.057451
2 0.28742 0.56976 0.112305 0.105745
2 0.704887 0.22703 0.044808 0.037348
2 0.796346 0.192944 0.033368 0.027836
2 0.878943 0.165721 0.030382 0.022255
2 0.84358 0.169798 0.028612 0.028813
1 0.205494 0.475057 0.046594 0.135373
1 0.158682 0.465885 0.037255 0.116667
2 0.353989 0.298529 0.076969 0.110536
2 0.761983 0.161402 0.038204 0.059729
1 0.177382 0.37056 0.033299 0.097905
0 0.04186 0.44637 0.073303 0.142739
