0 0.405702 0.950848 0.069064 0.096916
0 0.21303 0.93256 0.095956 0.132986
0 0.309248 0.659362 0.140322 0.342453
0 0.2505 0.612634 0.126433 0.325848
0 0.209667 0.577725 0.093193 0.281332
0 0.138678 0.794445 0.127737 0.325719
0 0.100156 0.627998 0.108218 0.256413
0 0.06423 0.575929 0.080493 0.17861
0 0.055953 0.516336 0.070385 0.193173
0 0.05352 0.481027 0.053771 0.152099
0 0.972597 0.331334 0.036577 0.239268
2 0.945831 0.18665 0.012131 0.024437
2 0.733334 0.609389 0.040769 0.203579
2 0.905822 0.178014 0.014768 0.029018
2 0.818214 0.248362 0.046284 0.048076
2 0.763189 0.27706 0.046762 0.051695
1 0.323139 0.631269 0.063479 0.198979
2 0.607364 0.405265 0.074918 0.0767
2 0.818063 0.1427 0.021571 0.039864
2 0.80053 0.147993 0.026109 0.050343
2 0.754794 0.17634 0.027243 0.031843
2 0.722658 0.139913 0.028846 0.046518
2 0.158638 0.383101 0.030641 0.065127
0 0.04186 0.44637 0.073303 0.142739
