0 0.401497 0.935489 0.10638 0.127633
0 0.235584 0.927201 0.091331 0.144208
0 0.311012 0.66393 0.139695 0.340048
0 0.241277 0.616004 0.10462 0.330918
0 0.209598 0.578951 0.093332 0.278881
0 0.13841 0.787844 0.145728 0.282138
0 0.094346 0.630781 0.095764 0.257906
0 0.071042 0.583129 0.078568 0.201657
0 0.0548 0.539824 0.089076 0.193348
0 0.054131 0.485491 0.08244 0.16119
0 0.956461 0.142238 0.013522 0.074444
1 0.595922 0.895715 0.168136 0.202589
2 0.873971 0.261371 0.032599 0.026499
2 0.825252 0.246807 0.028828 0.052473
2 0.663045 0.33843 0.103242 0.072824
2 0.364241 0.51596 0.113761 0.091374
2 0.561574 0.321026 0.066181 0.063474
2 0.803525 0.196424 0.030346 0.025539
1 0.185533 0.472268 0.062172 0.123646
2 0.181948 0.498272 0.035221 0.104502
2 0.369897 0.300508 0.079743 0.046519
1 0.855648 0.13236 0.012078 0.026904
2 0.592964 0.142637 0.020993 0.032743
0 0.043981 0.445403 0.064524 0.143331
