0 0.377228 0.957003 0.06805 0.081936
0 0.236463 0.930949 0.090654 0.135832
0 0.302848 0.66244 0.130831 0.340781
0 0.242697 0.615338 0.10462 0.330918
0 0.209484 0.580512 0.09356 0.275758
0 0.127119 0.79714 0.123146 0.30073
0 0.08607 0.632651 0.109905 0.22952
0 0.069761 0.580852 0.078568 0.201657
0 0.0548 0.539824 0.089076 0.193348
0 0.047258 0.483664 0.068695 0.157535
0 0.928622 0.124971 0.013236 0.078914
2 0.894453 0.235096 0.023172 0.028063
2 0.93984 0.199943 0.01164 0.034856
2 0.87985 0.147268 0.017083 0.025324
2 0.889652 0.174408 0.022119 0.024567
2 0.877747 0.198676 0.02244 0.027778
2 0.85129 0.229652 0.035633 0.03484
2 0.756319 0.280872 0.062198 0.060163
2 0.719956 0.185828 0.04889 0.035026
2 0.669128 0.225203 0.051111 0.041591
2 0.530972 0.275312 0.067284 0.077395
2 0.509039 0.213198 0.060198 0.062735
2 0.759319 0.123735 0.024 0.033251
