0 0.405702 0.950848 0.069064 0.096916
0 0.26651 0.929271 0.202917 0.140069
0 0.303808 0.657067 0.143116 0.343071
0 0.2505 0.612634 0.126433 0.325848
0 0.209667 0.577725 0.093193 0.281332
0 0.138678 0.794445 0.127737 0.325719
0 0.100156 0.631983 0.103095 0.252998
0 0.06423 0.575929 0.080493 0.17861
0 0.055953 0.516336 0.070385 0.193173
0 0.05352 0.481027 0.053771 0.152099
0 0.972597 0.331334 0.036577 0.239268
2 0.933555 0.180511 0.013745 0.025457
2 0.723819 0.649711 0.036737 0.097884
2 0.914692 0.166939 0.012228 0.027174
2 0.859079 0.213537 0.023772 0.026222
2 0.82135 0.228894 0.029118 0.030103
2 0.64561 0.370066 0.076956 0.107267
2 0.743051 0.28468 0.057815 0.061708
2 0.842545 0.129277 0.015918 0.030416
2 0.836235 0.146877 0.025575 0.025218
2 0.790674 0.154477 0.026928 0.026333
2 0.665393 0.163514 0.030108 0.021376
2 0.152977 0.371399 0.030051 0.042316
0 0.04186 0.44637 0.073303 0.142739
