0 0.377228 0.957003 0.06805 0.081936
0 0.236463 0.930949 0.090654 0.135832
0 0.30841 0.660877 0.128397 0.349638
0 0.239899 0.615034 0.10462 0.330918
0 0.209484 0.580512 0.09356 0.275758
0 0.127119 0.79714 0.123146 0.30073
0 0.08607 0.632651 0.109905 0.22952
0 0.070402 0.592236 0.078568 0.201657
0 0.0548 0.539824 0.089076 0.193348
0 0.047258 0.483664 0.068695 0.157535
0 0.928622 0.124971 0.013236 0.078914
2 0.903559 0.221808 0.019871 0.038266
1 0.93842 0.196899 0.01704 0.033671
2 0.881728 0.148639 0.017083 0.025324
2 0.88023 0.183355 0.023708 0.027709
2 0.858533 0.211043 0.030679 0.033488
2 0.826467 0.240581 0.035052 0.043093
2 0.705382 0.300071 0.070927 0.076519
2 0.685436 0.187625 0.046217 0.086375
2 0.610831 0.255347 0.059114 0.06338
2 0.471977 0.321452 0.085378 0.078504
2 0.554657 0.206021 0.060303 0.040932
2 0.746267 0.119435 0.025436 0.030645
