0 0.395206 0.966221 0.067998 0.063443
0 0.235584 0.927201 0.091331 0.144208
0 0.317239 0.666268 0.149206 0.34153
0 0.2505 0.612634 0.126433 0.325848
0 0.209598 0.578951 0.093332 0.278881
0 0.138479 0.791053 0.127339 0.318935
0 0.089185 0.64091 0.117712 0.220796
0 0.067288 0.583178 0.078568 0.201657
0 0.0548 0.539824 0.089076 0.193348
0 0.054131 0.485491 0.08244 0.16119
0 0.9671 0.149174 0.011676 0.076437
2 0.934782 0.300419 0.0149 0.033827
2 0.525987 0.725785 0.115137 0.177834
2 0.254695 0.563837 0.083974 0.113647
2 0.549234 0.344393 0.098842 0.063798
2 0.760889 0.219748 0.037496 0.022405
2 0.85416 0.169339 0.026989 0.019531
1 0.278539 0.642515 0.065691 0.204387
2 0.443349 0.269255 0.114681 0.044823
2 0.594946 0.194234 0.067792 0.032752
2 0.70944 0.149807 0.034131 0.049232
2 0.73539 0.168983 0.037248 0.050667
1 0.137065 0.377075 0.029894 0.094764
0 0.043543 0.445692 0.069937 0.144094
