0 0.395922 0.958016 0.068312 0.082578
0 0.229785 0.959361 0.176367 0.07989
0 0.958067 0.24605 0.025831 0.180215
0 0.257503 0.608076 0.130673 0.315711
0 0.19982 0.582132 0.087141 0.291457
0 0.14069 0.7815 0.127737 0.325719
0 0.097527 0.640572 0.103383 0.256356
0 0.0825 0.589493 0.0975 0.219626
0 0.058427 0.537653 0.075333 0.235805
0 0.054528 0.488253 0.055787 0.16655
0 0.898439 0.736138 0.132066 0.329973
1 0.831391 0.310623 0.038038 0.065609
1 0.889341 0.324916 0.026938 0.067416
2 0.573435 0.389844 0.104591 0.087394
2 0.627402 0.272532 0.062369 0.05073
2 0.74067 0.228099 0.039429 0.03552
2 0.848399 0.163979 0.028304 0.020266
2 0.815913 0.175852 0.024295 0.027084
1 0.212022 0.47981 0.048652 0.1557
1 0.16687 0.479065 0.038735 0.137549
2 0.212283 0.440419 0.038917 0.129237
2 0.783802 0.169538 0.035583 0.026546
1 0.155699 0.380878 0.030935 0.096288
0 0.04186 0.44637 0.073303 0.142739
