0 0.377228 0.957003 0.06805 0.081936
0 0.236463 0.930949 0.090654 0.135832
0 0.30794 0.659406 0.128397 0.349638
0 0.238159 0.620517 0.10462 0.330918
0 0.209484 0.580512 0.09356 0.275758
0 0.127119 0.79714 0.123146 0.30073
0 0.08607 0.632651 0.109905 0.22952
0 0.070402 0.592236 0.078568 0.201657
0 0.0548 0.539824 0.089076 0.193348
0 0.047258 0.483664 0.068695 0.157535
0 0.928622 0.124971 0.013236 0.078914
2 0.910573 0.219893 0.019091 0.033678
2 0.939468 0.19852 0.016531 0.032439
2 0.911394 0.167761 0.018022 0.03005
2 0.879986 0.193553 0.023708 0.027709
2 0.854279 0.21196 0.030679 0.033488
2 0.801997 0.26486 0.047374 0.047537
2 0.648006 0.373566 0.097326 0.10342
2 0.656138 0.225105 0.059052 0.059987
2 0.55207 0.284041 0.104928 0.07672
2 0.415357 0.371503 0.083805 0.083316
2 0.585873 0.177781 0.066079 0.062908
2 0.731767 0.124383 0.025436 0.030645
