0 0.379242 0.964276 0.065734 0.070059
0 0.236463 0.930949 0.090654 0.135832
0 0.306734 0.658902 0.132217 0.34368
0 0.243735 0.61529 0.10462 0.330918
0 0.209484 0.580512 0.09356 0.275758
0 0.127119 0.79714 0.123146 0.30073
0 0.08607 0.632651 0.109905 0.22952
0 0.06848 0.585406 0.078568 0.201657
0 0.0548 0.539824 0.089076 0.193348
0 0.047258 0.483664 0.068695 0.157535
0 0.928622 0.124971 0.013236 0.078914
2 0.923029 0.194393 0.017968 0.039756
2 0.943832 0.184564 0.014999 0.024957
2 0.893848 0.1885 0.020727 0.034368
2 0.834118 0.230651 0.034354 0.036687
2 0.796384 0.269001 0.041966 0.043168
2 0.61413 0.393418 0.111413 0.144324
2 0.316407 0.635712 0.098033 0.153308
2 0.420857 0.340705 0.115017 0.088735
1 0.216091 0.479838 0.042284 0.132238
1 0.185242 0.457007 0.042793 0.127524
2 0.699763 0.156812 0.036873 0.026128
2 0.720963 0.127115 0.038988 0.025334
