0 0.405702 0.950848 0.069064 0.096916
0 0.213385 0.932686 0.096667 0.133238
0 0.279992 0.70169 0.103675 0.498108
0 0.247677 0.613243 0.120786 0.327066
0 0.20075 0.582515 0.08528 0.290691
0 0.13776 0.782368 0.127737 0.325719
0 0.098168 0.639434 0.103383 0.256356
0 0.0825 0.589493 0.0975 0.219626
0 0.058427 0.537653 0.075333 0.235805
0 0.054528 0.488253 0.055787 0.16655
0 0.93715 0.478854 0.06647 0.389693
2 0.926838 0.196213 0.014544 0.02998
2 0.767746 0.397923 0.060731 0.098438
2 0.83189 0.16934 0.020724 0.01758
2 0.89654 0.155616 0.013868 0.023593
2 0.907321 0.167778 0.013123 0.024329
2 0.869318 0.210082 0.016233 0.029797
2 0.88847 0.182215 0.01726 0.025601
2 0.73862 0.144603 0.022131 0.019574
2 0.76634 0.134032 0.020689 0.014674
2 0.832857 0.132139 0.023447 0.014561
2 0.298048 0.359302 0.099992 0.069685
2 0.152463 0.349287 0.025645 0.040231
0 0.04186 0.44637 0.073303 0.142739
