0 0.401746 0.935198 0.098851 0.128216
0 0.235584 0.927201 0.091331 0.144208
0 0.311012 0.66393 0.139695 0.340048
0 0.241277 0.616004 0.10462 0.330918
0 0.209598 0.578951 0.093332 0.278881
0 0.13841 0.787844 0.145728 0.282138
0 0.094346 0.630781 0.095764 0.257906
0 0.070402 0.592236 0.078568 0.201657
0 0.0548 0.539824 0.089076 0.193348
0 0.054131 0.485491 0.08244 0.16119
0 0.956326 0.141696 0.013522 0.074444
1 0.507658 0.883858 0.090663 0.177937
2 0.877299 0.251869 0.021151 0.023474
2 0.79696 0.268519 0.033118 0.049919
2 0.541555 0.411619 0.113337 0.077299
2 0.487707 0.392823 0.081386 0.087842
2 0.639672 0.282093 0.055224 0.042917
2 0.823898 0.185762 0.026855 0.021307
1 0.178721 0.476291 0.053413 0.120086
2 0.270282 0.367179 0.087637 0.105807
2 0.51295 0.237422 0.05443 0.03896
2 0.848509 0.130208 0.017606 0.014427
2 0.612294 0.137274 0.020716 0.036623
0 0.043981 0.445403 0.064524 0.143331
