0 0.40065 0.951184 0.121356 0.096243
0 0.236463 0.930949 0.090654 0.135832
0 0.304974 0.67107 0.119945 0.356971
0 0.241277 0.616004 0.10462 0.330918
0 0.209598 0.578951 0.093332 0.278881
0 0.127119 0.79714 0.123146 0.30073
0 0.08607 0.632651 0.109905 0.22952
0 0.070402 0.592236 0.078568 0.201657
0 0.0548 0.539824 0.089076 0.193348
0 0.047258 0.483664 0.068695 0.157535
0 0.927116 0.122281 0.011096 0.068865
2 0.883523 0.253854 0.018668 0.047375
2 0.939689 0.19355 0.01537 0.028474
2 0.886426 0.152652 0.014509 0.024219
2 0.898832 0.170758 0.01542 0.026493
2 0.889676 0.195175 0.021566 0.024113
2 0.867007 0.216876 0.028618 0.029654
2 0.795519 0.248813 0.037443 0.05865
2 0.758261 0.177871 0.037667 0.032673
2 0.719366 0.200785 0.038426 0.036232
2 0.609229 0.220403 0.052849 0.050876
2 0.456278 0.244938 0.066359 0.077393
2 0.766243 0.115273 0.017952 0.040084
