0 0.395206 0.966221 0.067998 0.063443
0 0.235584 0.927201 0.091331 0.144208
0 0.316598 0.663991 0.149206 0.34153
0 0.2505 0.612634 0.126433 0.325848
0 0.209598 0.578951 0.093332 0.278881
0 0.138479 0.791053 0.127339 0.318935
0 0.088376 0.63976 0.119734 0.224103
0 0.067247 0.584904 0.078568 0.201657
0 0.0548 0.539824 0.089076 0.193348
0 0.054131 0.485491 0.08244 0.16119
0 0.95462 0.141713 0.012336 0.073883
2 0.928275 0.312648 0.018451 0.035461
1 0.528572 0.666682 0.131855 0.127824
2 0.328909 0.477635 0.113904 0.099947
2 0.623823 0.299332 0.081563 0.056129
2 0.781085 0.199145 0.032999 0.025061
2 0.873986 0.166278 0.025408 0.018321
1 0.285525 0.663563 0.070938 0.231731
2 0.526185 0.22952 0.078583 0.043605
2 0.651763 0.169456 0.043388 0.028591
2 0.74116 0.150349 0.032474 0.021945
2 0.711351 0.19537 0.050153 0.035708
1 0.137065 0.3764 0.029894 0.094764
0 0.043543 0.445692 0.069937 0.144094
