0 0.580058 0.13543 0.033711 0.135548
0 0.255682 0.103896 0.017853 0.055241
0 0.225686 0.110292 0.015633 0.055286
0 0.201736 0.121017 0.014509 0.054385
0 0.177859 0.128088 0.016509 0.052591
0 0.146339 0.141406 0.014328 0.052439
0 0.160552 0.136909 0.01592 0.054301
0 0.121419 0.154066 0.014868 0.050088
0 0.092029 0.172857 0.019996 0.05026
0 0.094662 0.167189 0.018082 0.053339
0 0.953268 0.561543 0.082578 0.365678
1 0.44912 0.17045 0.019611 0.05248
2 0.58941 0.275411 0.097773 0.07318
2 0.255664 0.149634 0.021448 0.021655
2 0.231542 0.165811 0.022297 0.024183
2 0.186473 0.168156 0.023007 0.026692
2 0.152117 0.180226 0.011347 0.032205
2 0.237416 0.209671 0.036025 0.035602
1 0.17393 0.171792 0.011578 0.036806
1 0.784583 0.705035 0.069319 0.17859
2 0.118182 0.238623 0.023217 0.023937
1 0.160314 0.172962 0.010922 0.034394
0 0.337019 0.078116 0.018327 0.070815
