0 0.330668 0.085114 0.015952 0.079115
0 0.307898 0.099749 0.017129 0.045004
0 0.25511 0.108147 0.017476 0.058158
0 0.225686 0.110292 0.015633 0.055286
0 0.201709 0.121811 0.014563 0.052797
0 0.177859 0.128088 0.016509 0.052591
0 0.146339 0.141406 0.014328 0.052439
0 0.160552 0.136909 0.01592 0.054301
0 0.121325 0.154893 0.015056 0.048433
0 0.094176 0.167053 0.01776 0.053645
0 0.094148 0.166732 0.018082 0.053339
0 0.949601 0.563231 0.076107 0.363594
1 0.294802 0.133256 0.01168 0.030613
1 0.264087 0.133054 0.01024 0.028904
1 0.524422 0.263745 0.030763 0.065183
2 0.496128 0.286591 0.068694 0.06719
1 0.814007 0.667869 0.058907 0.161176
2 0.322534 0.274602 0.079782 0.071701
1 0.614865 0.553845 0.113902 0.139129
1 0.749958 0.691488 0.060809 0.197683
1 0.160369 0.171581 0.009726 0.027202
1 0.120775 0.197287 0.013814 0.022784
2 0.547689 0.418941 0.094435 0.082954
