0 0.225515 0.11203 0.015703 0.046549
0 0.202411 0.109185 0.011193 0.069391
0 0.179251 0.129939 0.016849 0.055257
0 0.158932 0.138393 0.02017 0.052483
0 0.128435 0.153795 0.014138 0.046609
0 0.096194 0.169155 0.013578 0.056075
0 0.067127 0.185967 0.013155 0.088905
2 0.619843 0.265494 0.053919 0.038564
2 0.296363 0.171293 0.032273 0.016732
2 0.333811 0.208838 0.031471 0.033937
2 0.301076 0.259291 0.02688 0.031598
2 0.309386 0.294202 0.02891 0.022707
2 0.287206 0.325705 0.036475 0.037658
0 0.274419 0.087884 0.012241 0.068941
0 0.279664 0.09217 0.011688 0.059485
0 0.306854 0.088287 0.01298 0.055118
0 0.322427 0.080702 0.012854 0.069704
