0 0.333522 0.084658 0.018342 0.078939
0 0.299205 0.083024 0.0146 0.071507
0 0.254696 0.106351 0.016648 0.054567
0 0.225686 0.110292 0.015633 0.055286
0 0.201709 0.121811 0.014563 0.052797
0 0.177859 0.128088 0.016509 0.052591
0 0.14619 0.139978 0.014627 0.055294
0 0.160552 0.136909 0.01592 0.054301
0 0.121325 0.154893 0.015056 0.048433
0 0.094176 0.167053 0.01776 0.053645
0 0.094148 0.166732 0.018082 0.053339
0 0.950565 0.563231 0.076107 0.363594
1 0.287518 0.130069 0.01231 0.035639
2 0.342982 0.155416 0.037341 0.03014
2 0.667783 0.364833 0.117927 0.095462
2 0.464046 0.290197 0.096786 0.072243
2 0.379591 0.358659 0.086466 0.086081
1 0.667736 0.687442 0.189076 0.168067
2 0.213113 0.224099 0.036254 0.0356
1 0.271252 0.298489 0.062404 0.054756
1 0.183543 0.168952 0.01319 0.034022
2 0.182381 0.270559 0.031974 0.039962
2 0.531114 0.457103 0.11584 0.090853
