0 0.562832 0.13301 0.031448 0.130961
0 0.255711 0.102226 0.017794 0.05858
0 0.225686 0.110292 0.015633 0.055286
0 0.201736 0.121017 0.014509 0.054385
0 0.177859 0.128088 0.016509 0.052591
0 0.146339 0.141406 0.014328 0.052439
0 0.160552 0.136909 0.01592 0.054301
0 0.121419 0.154066 0.014868 0.050088
0 0.092318 0.173751 0.01942 0.048473
0 0.094662 0.167189 0.018082 0.053339
0 0.950347 0.562423 0.076736 0.367438
1 0.426123 0.158642 0.039493 0.042731
2 0.531579 0.235203 0.07975 0.062331
1 0.236716 0.141982 0.011794 0.031245
1 0.213589 0.147327 0.010234 0.028686
2 0.202842 0.182071 0.027969 0.026364
1 0.147306 0.180994 0.011347 0.032205
2 0.268082 0.220773 0.039674 0.0396
1 0.179508 0.166724 0.011578 0.036806
1 0.779793 0.693651 0.067536 0.147334
2 0.114867 0.228765 0.018922 0.021861
1 0.158261 0.173125 0.010922 0.034394
