0 0.508771 0.114183 0.026729 0.117312
0 0.299205 0.083024 0.0146 0.071507
0 0.254696 0.106351 0.016648 0.054567
0 0.225686 0.110292 0.015633 0.055286
0 0.201709 0.121811 0.014563 0.052797
0 0.177859 0.128088 0.016509 0.052591
0 0.14619 0.139978 0.014627 0.055294
0 0.159489 0.134697 0.013794 0.049876
0 0.121325 0.154893 0.015056 0.048433
0 0.094176 0.167053 0.01776 0.053645
0 0.094148 0.166732 0.018082 0.053339
0 0.952399 0.564793 0.081645 0.359384
2 0.309294 0.126908 0.017485 0.023961
2 0.439033 0.192144 0.047907 0.041486
2 0.297484 0.168569 0.029177 0.024125
2 0.265691 0.182768 0.028369 0.026122
1 0.202808 0.217412 0.024528 0.023963
2 0.240257 0.25656 0.037748 0.039005
2 0.166055 0.165261 0.012428 0.015201
2 0.182819 0.197191 0.021101 0.023679
2 0.267221 0.221194 0.045076 0.038945
2 0.31291 0.432771 0.083249 0.093094
2 0.210586 0.240655 0.030216 0.030807
