0 0.226129 0.110575 0.015121 0.050607
0 0.201642 0.122183 0.012934 0.048259
0 0.179517 0.131049 0.016317 0.053038
0 0.156937 0.139239 0.0193 0.051455
0 0.128387 0.153034 0.014233 0.048132
0 0.096176 0.168118 0.01433 0.054001
0 0.057568 0.183643 0.010441 0.081074
2 0.680523 0.294627 0.088946 0.061566
1 0.235611 0.139702 0.012056 0.021135
1 0.207891 0.144791 0.010584 0.021933
2 0.216776 0.229105 0.019381 0.031814
2 0.780714 0.697898 0.057283 0.131981
1 0.556691 0.573802 0.163295 0.141353
0 0.067299 0.181372 0.014492 0.07661
0 0.091021 0.169256 0.011038 0.054345
0 0.277774 0.088069 0.011728 0.067509
0 0.254229 0.101302 0.016996 0.054564
0 0.063047 0.182835 0.008893 0.063738
0 0.069763 0.183486 0.008362 0.068383
