0 0.226129 0.110575 0.015121 0.050607
0 0.202222 0.108916 0.01124 0.071737
0 0.179251 0.129939 0.016849 0.055257
0 0.158932 0.138393 0.02017 0.052483
0 0.128253 0.151534 0.014501 0.051131
0 0.096661 0.168382 0.013259 0.054529
0 0.057436 0.182615 0.010705 0.08313
1 0.277198 0.128633 0.012967 0.016109
2 0.32778 0.167737 0.030801 0.019339
2 0.279163 0.18298 0.017994 0.026725
1 0.159674 0.166025 0.00916 0.02303
2 0.169659 0.167744 0.011643 0.016008
2 0.216731 0.187726 0.035645 0.025825
0 0.072563 0.180482 0.008818 0.082352
0 0.091042 0.166792 0.011308 0.054242
0 0.342755 0.081757 0.013939 0.072597
0 0.334361 0.079403 0.015367 0.074203
0 0.071825 0.179366 0.007123 0.056911
0 0.065296 0.178992 0.009513 0.065857
