0 0.332172 0.082902 0.016602 0.078428
0 0.299205 0.083024 0.0146 0.071507
0 0.254696 0.106351 0.016648 0.054567
0 0.225686 0.110292 0.015633 0.055286
0 0.201709 0.121811 0.014563 0.052797
0 0.177859 0.128088 0.016509 0.052591
0 0.14619 0.139978 0.014627 0.055294
0 0.160552 0.136909 0.01592 0.054301
0 0.121325 0.154893 0.015056 0.048433
0 0.094176 0.167053 0.01776 0.053645
0 0.094148 0.166732 0.018082 0.053339
0 0.949601 0.563231 0.076107 0.363594
1 0.294342 0.129986 0.01231 0.035639
1 0.308423 0.146865 0.024701 0.023317
1 0.881672 0.50865 0.035672 0.11376
2 0.68093 0.430506 0.164345 0.11996
1 0.599733 0.547155 0.158872 0.159315
2 0.748746 0.724807 0.072568 0.162304
2 0.264727 0.278918 0.058835 0.0576
2 0.361604 0.391749 0.100079 0.080737
1 0.171871 0.16437 0.010857 0.028772
2 0.156943 0.235074 0.01829 0.032468
1 0.803943 0.652521 0.047027 0.149956
