0 0.4441 0.100065 0.024721 0.107298
0 0.323219 0.081764 0.01901 0.080085
0 0.255711 0.102226 0.017794 0.05858
0 0.225686 0.110292 0.015633 0.055286
0 0.201736 0.121017 0.014509 0.054385
0 0.177859 0.128088 0.016509 0.052591
0 0.146339 0.141406 0.014328 0.052439
0 0.160552 0.136909 0.01592 0.054301
0 0.121419 0.154066 0.014868 0.050088
0 0.092437 0.171219 0.021238 0.045313
0 0.094148 0.166732 0.018082 0.053339
0 0.950347 0.562423 0.076736 0.367438
2 0.348202 0.138732 0.033933 0.029965
2 0.429569 0.195965 0.054798 0.043249
1 0.229705 0.144964 0.011794 0.031245
1 0.208283 0.15421 0.010234 0.028686
2 0.282893 0.230796 0.056322 0.049147
1 0.142679 0.181298 0.010439 0.028529
1 0.360215 0.285305 0.064252 0.063104
2 0.190015 0.173471 0.026028 0.028573
1 0.773293 0.699588 0.086323 0.142318
2 0.090319 0.211564 0.018059 0.023065
1 0.162561 0.17262 0.010922 0.034394
0 0.178196 0.119305 0.019766 0.08032
