0 0.880297 0.283173 0.044094 0.172542
0 0.299516 0.082405 0.017648 0.07449
0 0.254626 0.104917 0.016787 0.057435
0 0.22597 0.11074 0.015065 0.054389
0 0.202872 0.120268 0.015998 0.05431
0 0.177859 0.128088 0.016509 0.052591
0 0.146934 0.141979 0.016458 0.05326
0 0.159439 0.134229 0.015444 0.052778
0 0.122718 0.155673 0.017042 0.052363
0 0.094176 0.167053 0.01776 0.053645
0 0.094148 0.166732 0.018082 0.053339
0 0.968977 0.504549 0.063688 0.302027
2 0.623225 0.250971 0.06315 0.059342
2 0.915741 0.471212 0.056352 0.073294
2 0.242274 0.147862 0.018436 0.021067
2 0.217899 0.15274 0.018907 0.021715
1 0.159561 0.172958 0.009273 0.028062
1 0.145872 0.179482 0.009618 0.02733
1 0.154641 0.183685 0.009493 0.031696
2 0.197045 0.189142 0.019943 0.024338
2 0.225609 0.185955 0.025643 0.028059
2 0.301957 0.343917 0.071942 0.067241
1 0.393645 0.910653 0.084166 0.176117
