0 0.226129 0.110575 0.015121 0.050607
0 0.201642 0.122183 0.012934 0.048259
0 0.179251 0.129939 0.016849 0.055257
0 0.156937 0.139239 0.0193 0.051455
0 0.128253 0.151534 0.014501 0.051131
0 0.096176 0.168118 0.01433 0.054001
0 0.057563 0.182405 0.010451 0.08355
1 0.778328 0.343227 0.078905 0.081294
1 0.239849 0.137603 0.011338 0.021142
1 0.205589 0.147024 0.011757 0.019821
2 0.205091 0.226628 0.016877 0.019975
1 0.757018 0.664393 0.062931 0.182273
2 0.421007 0.43885 0.106337 0.103524
0 0.068816 0.182139 0.009709 0.080409
0 0.091021 0.169256 0.011038 0.054345
0 0.292851 0.083218 0.010745 0.07123
0 0.254229 0.101302 0.016996 0.054564
0 0.06529 0.186578 0.009256 0.058167
0 0.058376 0.183283 0.008596 0.06132
