0 0.330668 0.085114 0.015952 0.079115
0 0.306842 0.100129 0.015624 0.042213
0 0.25511 0.108147 0.017476 0.058158
0 0.225686 0.110292 0.015633 0.055286
0 0.201709 0.121811 0.014563 0.052797
0 0.177859 0.128088 0.016509 0.052591
0 0.146339 0.141406 0.014328 0.052439
0 0.160552 0.136909 0.01592 0.054301
0 0.121325 0.154893 0.015056 0.048433
0 0.094176 0.167053 0.01776 0.053645
0 0.094148 0.166732 0.018082 0.053339
0 0.949817 0.561866 0.075675 0.366324
1 0.297417 0.127514 0.01168 0.030613
1 0.257772 0.135528 0.010195 0.029961
2 0.510947 0.266269 0.04642 0.048612
2 0.392503 0.235463 0.066778 0.057958
1 0.824672 0.66001 0.053795 0.154713
2 0.257379 0.225878 0.052177 0.053123
1 0.670729 0.651613 0.098943 0.121424
1 0.801773 0.687516 0.05792 0.144875
1 0.158735 0.172581 0.009726 0.027202
1 0.124156 0.190143 0.013814 0.022784
2 0.423951 0.319409 0.071719 0.065374
