0 0.225742 0.111883 0.015896 0.047991
0 0.202222 0.108916 0.01124 0.071737
0 0.179251 0.129939 0.016849 0.055257
0 0.158932 0.138393 0.02017 0.052483
0 0.128435 0.153795 0.014138 0.046609
0 0.096194 0.169155 0.013578 0.056075
0 0.060471 0.1839 0.013583 0.088231
2 0.763455 0.348436 0.080874 0.055155
2 0.355611 0.198525 0.037892 0.022572
2 0.443956 0.26483 0.035735 0.033776
1 0.30451 0.252139 0.014308 0.028254
1 0.43967 0.393519 0.083333 0.052469
2 0.370705 0.397565 0.08516 0.080624
0 0.264884 0.090243 0.009917 0.069205
0 0.218043 0.11329 0.011877 0.053893
0 0.282004 0.090366 0.010083 0.060615
0 0.29463 0.07878 0.013587 0.080127
