0 0.226129 0.110575 0.015121 0.050607
0 0.202873 0.109125 0.012541 0.072154
0 0.179251 0.129939 0.016849 0.055257
0 0.156933 0.140797 0.019308 0.04834
0 0.128253 0.151534 0.014501 0.051131
0 0.096661 0.168382 0.013259 0.054529
0 0.057499 0.182889 0.010578 0.082581
1 0.340229 0.147838 0.028676 0.018651
2 0.245899 0.138059 0.0106 0.015358
2 0.477541 0.300942 0.08504 0.054895
1 0.151494 0.171771 0.011498 0.019237
1 0.160003 0.169361 0.008434 0.017091
1 0.177684 0.161126 0.009637 0.012689
0 0.072334 0.182372 0.009489 0.082511
0 0.090964 0.16805 0.011153 0.056757
0 0.343545 0.08143 0.020159 0.073942
0 0.334071 0.079593 0.015899 0.073532
0 0.060743 0.184654 0.013255 0.06985
0 0.067213 0.184717 0.007275 0.061291
