0 0.332172 0.082902 0.016602 0.078428
0 0.299205 0.083024 0.0146 0.071507
0 0.254696 0.106351 0.016648 0.054567
0 0.225686 0.110292 0.015633 0.055286
0 0.201709 0.121811 0.014563 0.052797
0 0.177859 0.128088 0.016509 0.052591
0 0.14619 0.139978 0.014627 0.055294
0 0.160552 0.136909 0.01592 0.054301
0 0.121325 0.154893 0.015056 0.048433
0 0.094176 0.167053 0.01776 0.053645
0 0.094148 0.166732 0.018082 0.053339
0 0.949601 0.563231 0.076107 0.363594
1 0.292189 0.132173 0.01231 0.035639
1 0.305965 0.145689 0.024381 0.024108
1 0.887872 0.51833 0.037968 0.109174
2 0.69321 0.442202 0.153256 0.115725
1 0.605805 0.576509 0.157597 0.142481
2 0.746351 0.720833 0.072492 0.163936
2 0.267576 0.285509 0.05713 0.05374
2 0.375267 0.400446 0.099144 0.086092
1 0.172578 0.16657 0.010857 0.028772
2 0.154836 0.243436 0.01829 0.032468
1 0.803402 0.657845 0.052006 0.154617
