0 0.226129 0.110575 0.015121 0.050607
0 0.202222 0.108916 0.01124 0.071737
0 0.179251 0.129939 0.016849 0.055257
0 0.158932 0.138393 0.02017 0.052483
0 0.128253 0.151534 0.014501 0.051131
0 0.096661 0.168382 0.013259 0.054529
0 0.05769 0.182889 0.010197 0.082581
1 0.276246 0.127923 0.01209 0.017488
1 0.314833 0.163819 0.026584 0.021956
2 0.294004 0.189735 0.022891 0.029067
1 0.157519 0.166559 0.009268 0.017498
1 0.1703 0.157694 0.011054 0.017686
1 0.207251 0.179559 0.018888 0.024843
0 0.071923 0.181614 0.009435 0.080648
0 0.091042 0.166792 0.011308 0.054242
0 0.342307 0.081757 0.013939 0.072597
0 0.33382 0.078986 0.0164 0.074746
0 0.067454 0.1875 0.006098 0.053184
0 0.060213 0.185806 0.011814 0.063347
