0 0.226129 0.110575 0.015121 0.050607
0 0.202222 0.108916 0.01124 0.071737
0 0.179251 0.129939 0.016849 0.055257
0 0.158932 0.138393 0.02017 0.052483
0 0.128435 0.153795 0.014138 0.046609
0 0.096194 0.169155 0.013578 0.056075
0 0.057127 0.183029 0.013618 0.081218
1 0.940796 0.451376 0.046607 0.059256
2 0.483374 0.25868 0.083599 0.048015
2 0.66802 0.428493 0.140347 0.106647
2 0.277531 0.214118 0.02624 0.029626
1 0.755063 0.665228 0.134309 0.114327
2 0.588553 0.584213 0.174838 0.159488
0 0.163321 0.128182 0.010052 0.069801
0 0.148061 0.140135 0.010115 0.052669
0 0.263823 0.099022 0.012579 0.050183
0 0.190832 0.11683 0.012638 0.075163
