0 0.413347 0.094136 0.021904 0.097887
0 0.301686 0.07673 0.01901 0.080085
0 0.255711 0.102226 0.017794 0.05858
0 0.225686 0.110292 0.015633 0.055286
0 0.201736 0.121017 0.014509 0.054385
0 0.177859 0.128088 0.016509 0.052591
0 0.146339 0.141406 0.014328 0.052439
0 0.160552 0.136909 0.01592 0.054301
0 0.121419 0.154066 0.014868 0.050088
0 0.092437 0.171219 0.021238 0.045313
0 0.094148 0.166732 0.018082 0.053339
0 0.950347 0.562423 0.076736 0.367438
1 0.338065 0.131256 0.037097 0.027238
2 0.408088 0.18329 0.049214 0.038271
1 0.234205 0.142283 0.011794 0.031245
1 0.207126 0.152956 0.010234 0.028686
2 0.317011 0.255791 0.07247 0.069117
1 0.142986 0.18062 0.010439 0.028529
1 0.384826 0.306915 0.076253 0.077023
2 0.202214 0.178271 0.026228 0.028476
2 0.679981 0.639762 0.188088 0.207827
1 0.092745 0.209754 0.013602 0.027535
1 0.167259 0.173318 0.010922 0.034394
0 0.169215 0.123324 0.016501 0.06705
