0 0.332414 0.082804 0.016026 0.078233
0 0.308365 0.085478 0.017213 0.073547
0 0.25511 0.108147 0.017476 0.058158
0 0.225686 0.110292 0.015633 0.055286
0 0.201709 0.121811 0.014563 0.052797
0 0.177859 0.128088 0.016509 0.052591
0 0.146339 0.141406 0.014328 0.052439
0 0.160552 0.136909 0.01592 0.054301
0 0.121325 0.154893 0.015056 0.048433
0 0.094176 0.167053 0.01776 0.053645
0 0.094148 0.166732 0.018082 0.053339
0 0.949601 0.563231 0.076107 0.363594
1 0.296412 0.130744 0.012041 0.03202
2 0.274802 0.137241 0.021053 0.021896
2 0.660922 0.345767 0.129769 0.116171
2 0.848633 0.548264 0.086328 0.109028
1 0.763411 0.678042 0.056771 0.161971
2 0.535222 0.411572 0.108463 0.100467
2 0.394531 0.393005 0.085938 0.068157
2 0.554837 0.546408 0.171576 0.139129
1 0.183364 0.162716 0.009726 0.027202
2 0.135676 0.213734 0.014383 0.027779
1 0.837932 0.628858 0.043002 0.116359
