0 0.226129 0.110575 0.015121 0.050607
0 0.201211 0.110494 0.013795 0.071637
0 0.179251 0.129939 0.016849 0.055257
0 0.156937 0.139239 0.0193 0.051455
0 0.128253 0.151534 0.014501 0.051131
0 0.096176 0.168118 0.01433 0.054001
0 0.057523 0.182615 0.010531 0.08313
1 0.699318 0.311911 0.051973 0.04355
1 0.236315 0.139037 0.011549 0.017908
2 0.262613 0.179899 0.02331 0.018453
2 0.154177 0.173871 0.01173 0.014087
2 0.224747 0.218644 0.022327 0.023855
2 0.209707 0.235224 0.018369 0.019812
0 0.069678 0.182677 0.007966 0.079531
0 0.091021 0.169256 0.011038 0.054345
0 0.345817 0.0826 0.017 0.072513
0 0.254422 0.098021 0.02132 0.054999
0 0.063194 0.191821 0.008333 0.052778
0 0.060243 0.18966 0.008681 0.06142
