0 0.332123 0.083464 0.016505 0.079551
0 0.299205 0.083024 0.0146 0.071507
0 0.254696 0.106351 0.016648 0.054567
0 0.225686 0.110292 0.015633 0.055286
0 0.201709 0.121811 0.014563 0.052797
0 0.177859 0.128088 0.016509 0.052591
0 0.14619 0.139978 0.014627 0.055294
0 0.160552 0.136909 0.01592 0.054301
0 0.121325 0.154893 0.015056 0.048433
0 0.094176 0.167053 0.01776 0.053645
0 0.094148 0.166732 0.018082 0.053339
0 0.950565 0.563231 0.076107 0.363594
1 0.292593 0.132059 0.01231 0.035639
2 0.310172 0.148247 0.024701 0.023317
1 0.884306 0.513332 0.035672 0.11376
2 0.667821 0.4262 0.1492 0.109161
2 0.583291 0.530164 0.148263 0.143182
2 0.743391 0.729287 0.061857 0.171265
2 0.255659 0.273958 0.058835 0.0576
2 0.353292 0.38592 0.103136 0.096553
1 0.172454 0.164024 0.010857 0.028772
2 0.156943 0.235074 0.01829 0.032468
1 0.802187 0.6494 0.047027 0.149956
