0 0.226129 0.110575 0.015121 0.050607
0 0.201211 0.110494 0.013795 0.071637
0 0.179251 0.129939 0.016849 0.055257
0 0.156937 0.139239 0.0193 0.051455
0 0.128253 0.151534 0.014501 0.051131
0 0.096176 0.168118 0.01433 0.054001
0 0.057976 0.18272 0.009625 0.08292
2 0.492164 0.204222 0.041565 0.027159
1 0.238476 0.136887 0.008851 0.019867
2 0.548078 0.344055 0.08334 0.074085
1 0.151891 0.165562 0.006114 0.016888
1 0.152857 0.171549 0.008152 0.0199
2 0.170118 0.166429 0.01407 0.017849
0 0.070183 0.179995 0.009194 0.083435
0 0.091021 0.169256 0.011038 0.054345
0 0.338864 0.082321 0.008994 0.074088
0 0.334165 0.078858 0.015712 0.075002
0 0.066264 0.184435 0.008224 0.061291
0 0.059367 0.185051 0.011264 0.067933
