0 0.226129 0.110575 0.015121 0.050607
0 0.202222 0.108916 0.01124 0.071737
0 0.179251 0.129939 0.016849 0.055257
0 0.158932 0.138393 0.02017 0.052483
0 0.128435 0.153795 0.014138 0.046609
0 0.096661 0.168382 0.013259 0.054529
0 0.056383 0.182576 0.011013 0.084665
2 0.556 0.23339 0.073663 0.047926
1 0.863642 0.484701 0.029144 0.077681
2 0.392988 0.249916 0.060865 0.049781
2 0.180064 0.173097 0.015415 0.014167
1 0.392956 0.3169 0.054244 0.084412
1 0.631332 0.504811 0.031662 0.098534
0 0.072431 0.180402 0.013693 0.086613
0 0.079674 0.171746 0.009891 0.053637
0 0.097963 0.15431 0.012026 0.065954
0 0.348705 0.081245 0.011482 0.075825
0 0.054938 0.179924 0.006684 0.070187
