0 0.226129 0.110575 0.015121 0.050607
0 0.201642 0.122183 0.012934 0.048259
0 0.179517 0.131049 0.016317 0.053038
0 0.156937 0.139239 0.0193 0.051455
0 0.128387 0.153034 0.014233 0.048132
0 0.096176 0.168118 0.01433 0.054001
0 0.057122 0.177089 0.011333 0.09418
2 0.56766 0.237271 0.053956 0.035111
2 0.240921 0.142119 0.014022 0.011513
2 0.217792 0.158585 0.016206 0.014827
2 0.225148 0.23745 0.01832 0.024712
1 0.823206 0.660154 0.033275 0.082705
1 0.735167 0.7078 0.06171 0.123947
0 0.078698 0.166335 0.009857 0.062088
0 0.091021 0.169256 0.011038 0.054345
0 0.26728 0.092212 0.01454 0.061932
0 0.254229 0.101302 0.016996 0.054564
0 0.07635 0.176892 0.015874 0.032366
0 0.072743 0.185648 0.009028 0.055247
