0 0.493355 0.111669 0.025097 0.115551
0 0.299205 0.083024 0.0146 0.071507
0 0.254696 0.106351 0.016648 0.054567
0 0.225686 0.110292 0.015633 0.055286
0 0.201709 0.121811 0.014563 0.052797
0 0.177859 0.128088 0.016509 0.052591
0 0.14619 0.139978 0.014627 0.055294
0 0.160552 0.136909 0.01592 0.054301
0 0.121325 0.154893 0.015056 0.048433
0 0.094176 0.167053 0.01776 0.053645
0 0.094148 0.166732 0.018082 0.053339
0 0.951192 0.563582 0.077361 0.364297
2 0.305348 0.12563 0.017381 0.017769
2 0.428541 0.188938 0.047252 0.040102
2 0.309011 0.173929 0.035723 0.032122
2 0.274923 0.184111 0.034664 0.031483
2 0.205241 0.225502 0.027181 0.025795
2 0.254375 0.272156 0.043284 0.042691
2 0.176249 0.171497 0.018964 0.019951
2 0.186833 0.20554 0.02378 0.025668
2 0.248302 0.205213 0.039953 0.040308
2 0.305453 0.40842 0.067897 0.078076
2 0.221373 0.244279 0.030216 0.030807
