0 0.226129 0.110575 0.015121 0.050607
0 0.201211 0.110494 0.013795 0.071637
0 0.179251 0.129939 0.016849 0.055257
0 0.156937 0.139239 0.0193 0.051455
0 0.128253 0.151534 0.014501 0.051131
0 0.096176 0.168118 0.01433 0.054001
0 0.057436 0.183232 0.010705 0.081896
2 0.69526 0.30424 0.049652 0.029284
1 0.237691 0.139413 0.011549 0.017908
2 0.292103 0.189541 0.034784 0.038214
2 0.155595 0.173153 0.010123 0.01445
2 0.203792 0.196598 0.013876 0.019278
1 0.201522 0.216837 0.017947 0.022746
0 0.068898 0.181975 0.014146 0.079268
0 0.091021 0.169256 0.011038 0.054345
0 0.345817 0.0826 0.017 0.072513
0 0.289981 0.084498 0.01256 0.070549
0 0.058989 0.182889 0.008856 0.06832
0 0.064524 0.186825 0.010438 0.055949
