0 0.87788 0.287495 0.037603 0.174074
0 0.299516 0.082405 0.017648 0.07449
0 0.254626 0.104917 0.016787 0.057435
0 0.22597 0.11074 0.015065 0.054389
0 0.202872 0.120268 0.015998 0.05431
0 0.177859 0.128088 0.016509 0.052591
0 0.146934 0.141979 0.016458 0.05326
0 0.159439 0.134229 0.015444 0.052778
0 0.121294 0.155858 0.014195 0.052733
0 0.094176 0.167053 0.01776 0.053645
0 0.094148 0.166732 0.018082 0.053339
0 0.955496 0.633221 0.09052 0.40415
2 0.852606 0.374227 0.089908 0.106726
2 0.765545 0.370707 0.101458 0.084727
2 0.348185 0.190107 0.047307 0.041601
1 0.29115 0.182636 0.043215 0.039517
1 0.176717 0.164529 0.009416 0.026131
1 0.15209 0.173078 0.009618 0.02733
1 0.161339 0.170556 0.009493 0.031696
2 0.259555 0.230503 0.040167 0.044283
2 0.29693 0.235541 0.04669 0.046679
2 0.230876 0.256282 0.035829 0.035906
1 0.392433 0.905876 0.08779 0.186858
