0 0.40428 0.092576 0.022702 0.092626
0 0.300264 0.08251 0.016153 0.074279
0 0.25446 0.104031 0.016787 0.057435
0 0.225324 0.109807 0.014176 0.054317
0 0.202189 0.119902 0.01463 0.053579
0 0.177859 0.128088 0.016509 0.052591
0 0.148098 0.141601 0.015972 0.056369
0 0.161396 0.137276 0.015199 0.051485
0 0.123386 0.15532 0.017165 0.050793
0 0.093905 0.167048 0.016982 0.051459
0 0.093913 0.166841 0.017 0.051855
0 0.924523 0.616606 0.091508 0.412701
1 0.397555 0.146237 0.030242 0.033602
1 0.368006 0.166673 0.039891 0.033525
2 0.436639 0.233702 0.066875 0.055891
2 0.343466 0.224032 0.061289 0.05283
2 0.820659 0.658531 0.066566 0.127015
1 0.51761 0.39831 0.083253 0.101763
2 0.748163 0.719666 0.077044 0.160909
2 0.667041 0.704171 0.072847 0.15446
2 0.334768 0.345286 0.085838 0.086849
2 0.200884 0.18445 0.030324 0.029317
2 0.137369 0.300501 0.03542 0.045094
