0 0.332414 0.082804 0.016026 0.078233
0 0.300406 0.084387 0.015576 0.07729
0 0.254696 0.106351 0.016648 0.054567
0 0.225686 0.110292 0.015633 0.055286
0 0.201709 0.121811 0.014563 0.052797
0 0.177859 0.128088 0.016509 0.052591
0 0.14619 0.139978 0.014627 0.055294
0 0.160552 0.136909 0.01592 0.054301
0 0.121325 0.154893 0.015056 0.048433
0 0.094176 0.167053 0.01776 0.053645
0 0.094148 0.166732 0.018082 0.053339
0 0.949601 0.563231 0.076107 0.363594
1 0.291394 0.133125 0.012041 0.03202
2 0.276404 0.138393 0.021053 0.021896
2 0.704483 0.383165 0.135099 0.098215
1 0.84381 0.53597 0.052198 0.132804
1 0.749061 0.653148 0.066064 0.165527
2 0.582097 0.452443 0.104076 0.107056
2 0.376137 0.365232 0.089297 0.098289
2 0.529296 0.51933 0.168305 0.149932
1 0.183798 0.160279 0.009726 0.027202
2 0.136181 0.214407 0.015394 0.029125
1 0.839837 0.626945 0.042587 0.113151
