0 0.359131 0.085501 0.018092 0.086037
0 0.299205 0.083024 0.0146 0.071507
0 0.254696 0.106351 0.016648 0.054567
0 0.225686 0.110292 0.015633 0.055286
0 0.201709 0.121811 0.014563 0.052797
0 0.177859 0.128088 0.016509 0.052591
0 0.14619 0.139978 0.014627 0.055294
0 0.160552 0.136909 0.01592 0.054301
0 0.121325 0.154893 0.015056 0.048433
0 0.094176 0.167053 0.01776 0.053645
0 0.094148 0.166732 0.018082 0.053339
0 0.951192 0.563582 0.077361 0.364297
1 0.285781 0.131794 0.01231 0.035639
2 0.362275 0.161876 0.034599 0.03535
2 0.506783 0.278097 0.088272 0.072686
2 0.384198 0.245273 0.070154 0.059122
1 0.299469 0.29006 0.068664 0.061023
2 0.472022 0.512565 0.126262 0.129847
2 0.19087 0.211439 0.02784 0.031367
2 0.226847 0.261312 0.045504 0.052986
2 0.200568 0.176348 0.019003 0.030212
2 0.20202 0.295843 0.036389 0.047203
1 0.390807 0.354869 0.084109 0.073248
