0 0.226129 0.110575 0.015121 0.050607
0 0.201642 0.122183 0.012934 0.048259
0 0.179517 0.131049 0.016317 0.053038
0 0.156937 0.139239 0.0193 0.051455
0 0.12811 0.151498 0.014788 0.051204
0 0.096176 0.168118 0.01433 0.054001
0 0.056641 0.177069 0.010371 0.094139
2 0.509622 0.20593 0.071471 0.041214
2 0.262519 0.15356 0.017678 0.012183
2 0.24089 0.16592 0.016206 0.014827
2 0.244121 0.254328 0.01832 0.024712
1 0.832485 0.641158 0.032078 0.083424
1 0.764212 0.711479 0.063734 0.09196
0 0.076507 0.167107 0.006664 0.057201
0 0.091021 0.169256 0.011038 0.054345
0 0.26729 0.091206 0.012295 0.068284
0 0.254229 0.101302 0.016996 0.054564
0 0.077486 0.174494 0.013602 0.037162
0 0.073698 0.177469 0.007812 0.042593
