0 0.412065 0.096817 0.02235 0.09628
0 0.300264 0.08251 0.016153 0.074279
0 0.254626 0.104917 0.016787 0.057435
0 0.22597 0.11074 0.015065 0.054389
0 0.202189 0.119902 0.01463 0.053579
0 0.177859 0.128088 0.016509 0.052591
0 0.148098 0.141601 0.015972 0.056369
0 0.161396 0.137276 0.015199 0.051485
0 0.123386 0.15532 0.017165 0.050793
0 0.093905 0.167048 0.016982 0.051459
0 0.093913 0.166841 0.017 0.051855
0 0.954349 0.634731 0.09052 0.40415
1 0.426461 0.158397 0.042995 0.042884
2 0.390638 0.173308 0.062023 0.048612
2 0.521071 0.277139 0.082202 0.074076
2 0.381857 0.239854 0.083859 0.064518
1 0.809097 0.616475 0.056055 0.168245
2 0.380754 0.287583 0.069609 0.070521
2 0.557761 0.442898 0.09854 0.139205
1 0.777251 0.69653 0.078562 0.15936
2 0.375195 0.36398 0.109599 0.098528
1 0.186469 0.166865 0.018301 0.021527
2 0.14593 0.313066 0.040291 0.045306
