0 0.880936 0.28429 0.042385 0.166327
0 0.299516 0.082405 0.017648 0.07449
0 0.254626 0.104917 0.016787 0.057435
0 0.22597 0.11074 0.015065 0.054389
0 0.202872 0.120268 0.015998 0.05431
0 0.177859 0.128088 0.016509 0.052591
0 0.146934 0.141979 0.016458 0.05326
0 0.159572 0.135296 0.015177 0.050645
0 0.121531 0.155342 0.015469 0.049331
0 0.094176 0.167053 0.01776 0.053645
0 0.094148 0.166732 0.018082 0.053339
0 0.970983 0.503823 0.058894 0.303479
1 0.535135 0.20712 0.024358 0.061727
1 0.915169 0.482208 0.040881 0.092932
2 0.227546 0.145915 0.011039 0.030306
1 0.208953 0.156593 0.010237 0.027168
1 0.149368 0.181096 0.009273 0.028062
1 0.140523 0.181609 0.009618 0.02733
1 0.159114 0.174371 0.009493 0.031696
1 0.171048 0.170571 0.010175 0.031468
1 0.189323 0.164177 0.013003 0.031524
2 0.648219 0.631995 0.201798 0.186636
1 0.677749 0.792366 0.093595 0.150393
