0 0.225263 0.112139 0.016853 0.047479
0 0.201711 0.119722 0.012796 0.053181
0 0.179946 0.128099 0.01725 0.051693
0 0.103295 0.151338 0.01022 0.06785
0 0.129221 0.152496 0.014995 0.052303
0 0.094154 0.167561 0.014607 0.055912
0 0.056875 0.179656 0.009904 0.088964
1 0.282643 0.126807 0.012944 0.021329
2 0.77054 0.447013 0.120264 0.096004
2 0.464653 0.290911 0.093767 0.050984
1 0.733962 0.680285 0.104835 0.132135
2 0.216982 0.180609 0.02237 0.025302
1 0.350772 0.267404 0.047264 0.072537
0 0.143348 0.144577 0.009982 0.0517
0 0.092761 0.168839 0.014038 0.050026
0 0.268434 0.088932 0.012 0.074838
0 0.25475 0.101384 0.015953 0.0544
0 0.145208 0.159228 0.014247 0.035284
0 0.081551 0.190291 0.012435 0.05171
