0 0.330949 0.084969 0.01539 0.079407
0 0.307597 0.099451 0.018165 0.040009
0 0.255524 0.108172 0.016646 0.058107
0 0.225686 0.110292 0.015633 0.055286
0 0.201709 0.121811 0.014563 0.052797
0 0.177859 0.128088 0.016509 0.052591
0 0.146339 0.141406 0.014328 0.052439
0 0.160552 0.136909 0.01592 0.054301
0 0.121325 0.154893 0.015056 0.048433
0 0.094176 0.167053 0.01776 0.053645
0 0.094148 0.166732 0.018082 0.053339
0 0.949817 0.561866 0.075675 0.366324
1 0.303279 0.125952 0.01168 0.030613
1 0.258897 0.134863 0.010195 0.029961
2 0.366172 0.194834 0.050962 0.044361
2 0.294057 0.184743 0.04058 0.036179
1 0.842081 0.633755 0.047126 0.138525
1 0.211088 0.194534 0.036295 0.033996
1 0.746849 0.713899 0.106418 0.117126
1 0.799394 0.666721 0.060162 0.149755
2 0.163041 0.170757 0.014425 0.020121
2 0.110247 0.193645 0.0101 0.01943
2 0.289571 0.232569 0.050147 0.046998
