0 0.33347 0.085619 0.015184 0.074681
0 0.300121 0.083383 0.015284 0.073676
0 0.254907 0.102182 0.016983 0.054026
0 0.225845 0.110876 0.014137 0.052179
0 0.201214 0.122152 0.014047 0.048113
0 0.178359 0.127804 0.014876 0.05155
0 0.150938 0.133374 0.016102 0.060241
0 0.160291 0.137461 0.017346 0.051454
0 0.127622 0.153384 0.01488 0.049539
0 0.094192 0.167192 0.016851 0.050501
0 0.09416 0.165705 0.015842 0.050613
0 0.086326 0.434382 0.073358 0.331
1 0.313445 0.134476 0.015751 0.043683
2 0.288658 0.139794 0.02162 0.025197
2 0.241815 0.147428 0.018301 0.020996
2 0.210173 0.153622 0.009086 0.023815
1 0.772787 0.71333 0.074104 0.13735
1 0.83121 0.652929 0.048404 0.123289
1 0.655193 0.539097 0.136304 0.12245
2 0.347973 0.375831 0.083011 0.081884
2 0.227433 0.254968 0.057486 0.046551
2 0.319629 0.2562 0.052566 0.051224
1 0.111925 0.22039 0.020606 0.024185
