0 0.226129 0.110575 0.015121 0.050607
0 0.201211 0.110494 0.013795 0.071637
0 0.179251 0.129939 0.016849 0.055257
0 0.156937 0.139239 0.0193 0.051455
0 0.128253 0.151534 0.014501 0.051131
0 0.096176 0.168118 0.01433 0.054001
0 0.057604 0.18355 0.010369 0.081259
2 0.700805 0.307376 0.049652 0.029284
1 0.237691 0.139413 0.011549 0.017908
2 0.292103 0.189541 0.034784 0.038214
2 0.155595 0.172949 0.010123 0.01445
2 0.20668 0.202711 0.013876 0.019278
1 0.204273 0.223194 0.017947 0.022746
0 0.070821 0.181572 0.010253 0.079322
0 0.091021 0.169256 0.011038 0.054345
0 0.345817 0.0826 0.017 0.072513
0 0.28347 0.086278 0.01256 0.070549
0 0.064626 0.187309 0.008362 0.056065
0 0.059251 0.183699 0.011468 0.073479
