0 0.225263 0.112139 0.016853 0.047479
0 0.201711 0.119722 0.012796 0.053181
0 0.179946 0.128099 0.01725 0.051693
0 0.112731 0.149249 0.015114 0.077604
0 0.12811 0.151498 0.014788 0.051204
0 0.095172 0.168275 0.016327 0.055984
0 0.056641 0.177069 0.010371 0.094139
2 0.295003 0.135668 0.016114 0.011457
2 0.525332 0.282836 0.075361 0.045958
1 0.372349 0.23436 0.04805 0.031184
2 0.52691 0.525585 0.089586 0.097606
2 0.299328 0.225568 0.029363 0.028119
1 0.518594 0.374162 0.08106 0.11208
0 0.101918 0.155435 0.009705 0.070964
0 0.092759 0.168624 0.013623 0.052912
0 0.266207 0.089103 0.012832 0.074494
0 0.25475 0.101384 0.015953 0.0544
0 0.149665 0.155499 0.011507 0.032161
0 0.077281 0.186548 0.013377 0.053614
