0 0.331111 0.083584 0.015067 0.082176
0 0.305909 0.098892 0.017542 0.040168
0 0.255524 0.108172 0.016646 0.058107
0 0.225686 0.110292 0.015633 0.055286
0 0.201709 0.121811 0.014563 0.052797
0 0.177859 0.128088 0.016509 0.052591
0 0.146339 0.141406 0.014328 0.052439
0 0.160552 0.136909 0.01592 0.054301
0 0.121325 0.154893 0.015056 0.048433
0 0.094176 0.167053 0.01776 0.053645
0 0.094148 0.166732 0.018082 0.053339
0 0.949817 0.561866 0.075675 0.366324
1 0.297222 0.127514 0.01168 0.030613
1 0.257772 0.135528 0.010195 0.029961
2 0.511473 0.27261 0.051252 0.059053
1 0.365385 0.221377 0.065747 0.058522
1 0.823309 0.65261 0.057314 0.144732
2 0.25808 0.227439 0.052177 0.053123
1 0.682297 0.665761 0.078699 0.131602
1 0.806585 0.685361 0.057089 0.131912
1 0.158735 0.172581 0.009726 0.027202
1 0.123844 0.186782 0.013814 0.022784
1 0.388347 0.290215 0.071719 0.065374
