0 0.226129 0.110575 0.015121 0.050607
0 0.202222 0.108916 0.01124 0.071737
0 0.179251 0.129939 0.016849 0.055257
0 0.158932 0.138393 0.02017 0.052483
0 0.128253 0.151534 0.014501 0.051131
0 0.096661 0.168382 0.013259 0.054529
0 0.057783 0.183386 0.010011 0.081587
1 0.276246 0.127923 0.01209 0.017488
1 0.306676 0.158324 0.023137 0.023221
2 0.29837 0.194637 0.022891 0.029067
1 0.157706 0.166455 0.01103 0.017907
1 0.170071 0.1581 0.011054 0.017686
2 0.205603 0.177911 0.015843 0.01842
0 0.071923 0.181614 0.009435 0.080648
0 0.091042 0.166792 0.011308 0.054242
0 0.342929 0.081525 0.015183 0.072135
0 0.33382 0.078986 0.0164 0.074746
0 0.060805 0.185871 0.012582 0.063716
0 0.067014 0.181944 0.007292 0.054012
