0 0.417797 0.096332 0.025537 0.099159
0 0.299491 0.078291 0.01901 0.080085
0 0.255711 0.102226 0.017794 0.05858
0 0.225686 0.110292 0.015633 0.055286
0 0.201736 0.121017 0.014509 0.054385
0 0.177859 0.128088 0.016509 0.052591
0 0.146339 0.141406 0.014328 0.052439
0 0.160552 0.136909 0.01592 0.054301
0 0.121419 0.154066 0.014868 0.050088
0 0.092437 0.171219 0.021238 0.045313
0 0.094148 0.166732 0.018082 0.053339
0 0.950347 0.562423 0.076736 0.367438
2 0.338173 0.136846 0.033802 0.029054
2 0.408965 0.187971 0.049214 0.038271
1 0.234205 0.142283 0.011794 0.031245
1 0.207463 0.153555 0.010234 0.028686
1 0.300369 0.245604 0.069031 0.07059
1 0.142986 0.18062 0.010439 0.028529
2 0.382488 0.297669 0.077721 0.083501
2 0.203054 0.178061 0.024896 0.030014
2 0.712413 0.664602 0.178637 0.227815
2 0.093007 0.209573 0.015004 0.027172
1 0.161114 0.17644 0.010922 0.034394
0 0.17007 0.132564 0.015818 0.057708
