0 0.226129 0.110575 0.015121 0.050607
0 0.201642 0.122183 0.012934 0.048259
0 0.179251 0.129939 0.016849 0.055257
0 0.156937 0.139239 0.0193 0.051455
0 0.128253 0.151534 0.014501 0.051131
0 0.096176 0.168118 0.01433 0.054001
0 0.057794 0.18249 0.009988 0.08338
1 0.787107 0.352375 0.071145 0.07387
1 0.238745 0.139075 0.011338 0.021142
1 0.206003 0.146533 0.011757 0.019821
1 0.203775 0.223897 0.016877 0.019975
1 0.741234 0.69122 0.067532 0.147191
2 0.407727 0.432917 0.09745 0.088385
0 0.066322 0.181704 0.014079 0.081113
0 0.091021 0.169256 0.011038 0.054345
0 0.295178 0.082923 0.010745 0.07123
0 0.254229 0.101302 0.016996 0.054564
0 0.063577 0.187166 0.008976 0.058192
0 0.058653 0.183699 0.006929 0.068383
