0 0.226129 0.110575 0.015121 0.050607
0 0.202222 0.108916 0.01124 0.071737
0 0.179251 0.129939 0.016849 0.055257
0 0.158932 0.138393 0.02017 0.052483
0 0.128435 0.153795 0.014138 0.046609
0 0.096194 0.169155 0.013578 0.056075
0 0.058163 0.182693 0.011546 0.08189
2 0.857347 0.424186 0.088258 0.094528
1 0.602611 0.324653 0.104673 0.065201
2 0.833465 0.552541 0.135154 0.135659
2 0.231101 0.198349 0.033693 0.024677
2 0.775977 0.687443 0.052213 0.120484
1 0.731337 0.716049 0.067708 0.160494
0 0.114826 0.154522 0.0091 0.059044
0 0.112218 0.156381 0.011584 0.056763
0 0.141474 0.142869 0.008518 0.054685
0 0.132714 0.139961 0.011506 0.072776
