0 0.332815 0.082664 0.017811 0.081829
0 0.299205 0.083024 0.0146 0.071507
0 0.254696 0.106351 0.016648 0.054567
0 0.225686 0.110292 0.015633 0.055286
0 0.201709 0.121811 0.014563 0.052797
0 0.177859 0.128088 0.016509 0.052591
0 0.14619 0.139978 0.014627 0.055294
0 0.160552 0.136909 0.01592 0.054301
0 0.121325 0.154893 0.015056 0.048433
0 0.094176 0.167053 0.01776 0.053645
0 0.094148 0.166732 0.018082 0.053339
0 0.950565 0.563231 0.076107 0.363594
1 0.288881 0.129168 0.01231 0.035639
1 0.322571 0.148637 0.025757 0.026511
1 0.852985 0.51226 0.113227 0.100327
2 0.598995 0.376915 0.131306 0.088914
2 0.51526 0.476806 0.143462 0.090751
2 0.719536 0.757711 0.118278 0.195506
2 0.240644 0.257106 0.043848 0.04178
1 0.322987 0.358237 0.085067 0.070055
1 0.172469 0.164752 0.010857 0.028772
2 0.160294 0.24209 0.018978 0.031141
1 0.75972 0.613176 0.120057 0.103031
