0 0.330668 0.085114 0.015952 0.079115
0 0.310347 0.095992 0.017115 0.05408
0 0.25511 0.108147 0.017476 0.058158
0 0.225686 0.110292 0.015633 0.055286
0 0.201709 0.121811 0.014563 0.052797
0 0.177859 0.128088 0.016509 0.052591
0 0.146339 0.141406 0.014328 0.052439
0 0.160552 0.136909 0.01592 0.054301
0 0.121325 0.154893 0.015056 0.048433
0 0.094176 0.167053 0.01776 0.053645
0 0.094148 0.166732 0.018082 0.053339
0 0.949601 0.563231 0.076107 0.363594
1 0.294226 0.129642 0.012076 0.030985
1 0.262143 0.133054 0.01024 0.028904
1 0.526033 0.270245 0.032403 0.087413
2 0.514715 0.304441 0.083852 0.07206
1 0.816528 0.650523 0.048645 0.136525
1 0.329416 0.27917 0.081335 0.081028
2 0.589562 0.526561 0.11759 0.12815
1 0.741613 0.687749 0.130938 0.202817
2 0.162134 0.175963 0.010456 0.024032
2 0.126043 0.204051 0.01631 0.02998
2 0.585979 0.436255 0.107842 0.109736
