0 0.332815 0.082664 0.017811 0.081829
0 0.299205 0.083024 0.0146 0.071507
0 0.254696 0.106351 0.016648 0.054567
0 0.225686 0.110292 0.015633 0.055286
0 0.201709 0.121811 0.014563 0.052797
0 0.177859 0.128088 0.016509 0.052591
0 0.14619 0.139978 0.014627 0.055294
0 0.160552 0.136909 0.01592 0.054301
0 0.121325 0.154893 0.015056 0.048433
0 0.094176 0.167053 0.01776 0.053645
0 0.094148 0.166732 0.018082 0.053339
0 0.950565 0.563231 0.076107 0.363594
1 0.290166 0.129625 0.01231 0.035639
2 0.324297 0.156635 0.027591 0.031557
1 0.847744 0.499766 0.1444 0.110019
2 0.564522 0.350705 0.122197 0.091236
1 0.478983 0.450498 0.139847 0.105116
1 0.701163 0.748907 0.114529 0.207867
2 0.237167 0.257227 0.041029 0.044441
2 0.304936 0.336549 0.095547 0.095775
1 0.172806 0.162956 0.010857 0.028772
2 0.170531 0.249022 0.028464 0.038152
1 0.703783 0.56765 0.137377 0.106898
