0 0.880936 0.28429 0.042385 0.166327
0 0.299516 0.082405 0.017648 0.07449
0 0.254626 0.104917 0.016787 0.057435
0 0.22597 0.11074 0.015065 0.054389
0 0.202872 0.120268 0.015998 0.05431
0 0.177859 0.128088 0.016509 0.052591
0 0.146934 0.141979 0.016458 0.05326
0 0.159439 0.134229 0.015444 0.052778
0 0.123217 0.156105 0.018039 0.053227
0 0.094176 0.167053 0.01776 0.053645
0 0.094148 0.166732 0.018082 0.053339
0 0.970983 0.503823 0.058894 0.303479
1 0.548069 0.204508 0.025702 0.057589
1 0.926612 0.483085 0.031501 0.076104
1 0.242922 0.141549 0.009875 0.029382
1 0.204279 0.154307 0.010237 0.027168
1 0.151505 0.175568 0.009273 0.028062
1 0.141251 0.179453 0.009618 0.02733
1 0.162807 0.174111 0.009493 0.031696
1 0.174087 0.173047 0.010175 0.031468
2 0.18954 0.174714 0.013792 0.032564
2 0.436496 0.452434 0.110745 0.107822
2 0.637836 0.865332 0.122034 0.193467
