0 0.547985 0.124401 0.024671 0.123077
0 0.299205 0.083024 0.0146 0.071507
0 0.254696 0.106351 0.016648 0.054567
0 0.225686 0.110292 0.015633 0.055286
0 0.201709 0.121811 0.014563 0.052797
0 0.177859 0.128088 0.016509 0.052591
0 0.14619 0.139978 0.014627 0.055294
0 0.159489 0.134697 0.013794 0.049876
0 0.121325 0.154893 0.015056 0.048433
0 0.094176 0.167053 0.01776 0.053645
0 0.094148 0.166732 0.018082 0.053339
0 0.961906 0.561525 0.075407 0.354728
2 0.322379 0.133458 0.024757 0.020357
2 0.465484 0.200505 0.047692 0.04112
2 0.270696 0.16005 0.022414 0.020431
2 0.251978 0.170551 0.025763 0.022143
2 0.196283 0.205269 0.023208 0.022621
2 0.220004 0.228457 0.03267 0.033465
1 0.166912 0.168609 0.009429 0.024964
1 0.179819 0.187328 0.020281 0.020955
2 0.290421 0.23908 0.04419 0.04327
1 0.35567 0.473029 0.089857 0.108908
2 0.195953 0.224346 0.02374 0.02718
