0 0.225419 0.111309 0.015896 0.047991
0 0.202222 0.108916 0.01124 0.071737
0 0.179251 0.129939 0.016849 0.055257
0 0.158932 0.138393 0.02017 0.052483
0 0.128435 0.153795 0.014138 0.046609
0 0.096194 0.169155 0.013578 0.056075
0 0.060787 0.184195 0.012951 0.087641
2 0.708122 0.312207 0.079702 0.047346
2 0.330865 0.187867 0.037839 0.023093
2 0.408317 0.244834 0.038862 0.025501
2 0.301655 0.250928 0.023737 0.029265
2 0.398404 0.361641 0.055945 0.038253
2 0.339412 0.376354 0.067336 0.065325
0 0.272909 0.08782 0.009917 0.069205
0 0.239265 0.104089 0.015956 0.049992
0 0.281518 0.091644 0.008807 0.061557
0 0.295236 0.07878 0.013587 0.080127
