0 0.226129 0.110575 0.015121 0.050607
0 0.201211 0.110494 0.013795 0.071637
0 0.179251 0.129939 0.016849 0.055257
0 0.156937 0.139239 0.0193 0.051455
0 0.128253 0.151534 0.014501 0.051131
0 0.096176 0.168118 0.01433 0.054001
0 0.057647 0.182799 0.010283 0.08276
2 0.520275 0.215478 0.044082 0.032141
2 0.240734 0.142953 0.013946 0.01317
2 0.476745 0.300647 0.070675 0.068779
2 0.157229 0.172391 0.009131 0.012296
2 0.148641 0.175772 0.009009 0.013307
2 0.17534 0.18166 0.01407 0.017849
0 0.071612 0.177702 0.009661 0.087759
0 0.091021 0.169256 0.011038 0.054345
0 0.337393 0.08217 0.013106 0.073976
0 0.33362 0.079823 0.014144 0.073959
0 0.06364 0.187943 0.00852 0.059424
0 0.059854 0.185948 0.010587 0.069939
