0 0.226129 0.110575 0.015121 0.050607
0 0.202873 0.109125 0.012541 0.072154
0 0.179251 0.129939 0.016849 0.055257
0 0.156937 0.139239 0.0193 0.051455
0 0.128253 0.151534 0.014501 0.051131
0 0.096176 0.168118 0.01433 0.054001
0 0.057982 0.182878 0.009613 0.082603
1 0.395675 0.162093 0.024581 0.019986
1 0.237348 0.137363 0.011463 0.017753
2 0.677993 0.431111 0.127292 0.094825
1 0.150214 0.16952 0.006114 0.016888
1 0.154135 0.172373 0.008419 0.018439
1 0.174222 0.161569 0.008996 0.016619
0 0.072283 0.182748 0.014099 0.078853
0 0.090964 0.16805 0.011153 0.056757
0 0.343854 0.081253 0.014205 0.073281
0 0.334071 0.079593 0.015899 0.073532
0 0.060651 0.187355 0.01243 0.066466
0 0.063534 0.191585 0.012178 0.051471
