0 0.226129 0.110575 0.015121 0.050607
0 0.201642 0.122183 0.012934 0.048259
0 0.179251 0.129939 0.016849 0.055257
0 0.156937 0.139239 0.0193 0.051455
0 0.128253 0.151534 0.014501 0.051131
0 0.096176 0.168118 0.01433 0.054001
0 0.057073 0.182695 0.01143 0.08297
2 0.891508 0.450269 0.094877 0.085402
1 0.234608 0.138411 0.009291 0.021649
1 0.205734 0.146992 0.011757 0.019821
2 0.195208 0.214355 0.013491 0.019207
1 0.747045 0.712159 0.079983 0.175476
1 0.367811 0.39237 0.080475 0.077569
0 0.069139 0.18167 0.009907 0.082825
0 0.091021 0.169256 0.011038 0.054345
0 0.312865 0.082279 0.011605 0.068317
0 0.254229 0.101302 0.016996 0.054564
0 0.067899 0.182494 0.006956 0.053403
0 0.058811 0.185121 0.009466 0.059192
0 0.062837 0.190924 0.007725 0.056484
