0 0.225515 0.11203 0.015703 0.046549
0 0.202411 0.109185 0.011193 0.069391
0 0.179251 0.129939 0.016849 0.055257
0 0.158932 0.136868 0.02017 0.049434
0 0.128257 0.151836 0.014494 0.050528
0 0.096194 0.169155 0.013578 0.056075
0 0.067127 0.185967 0.013155 0.088905
2 0.522497 0.219317 0.056133 0.025825
2 0.26471 0.151274 0.016971 0.013114
2 0.281665 0.18203 0.022965 0.028396
1 0.375365 0.303672 0.056225 0.050363
2 0.281557 0.247704 0.026995 0.015727
2 0.25877 0.284995 0.027749 0.021184
0 0.305186 0.079616 0.017897 0.072638
0 0.334146 0.087096 0.012178 0.055964
