0 0.850799 0.2695 0.031991 0.174842
0 0.299516 0.082405 0.017648 0.07449
0 0.254626 0.104917 0.016787 0.057435
0 0.22597 0.11074 0.015065 0.054389
0 0.202872 0.120268 0.015998 0.05431
0 0.177859 0.128088 0.016509 0.052591
0 0.148038 0.140709 0.016899 0.058153
0 0.159439 0.134229 0.015444 0.052778
0 0.121294 0.155858 0.014195 0.052733
0 0.094176 0.167053 0.01776 0.053645
0 0.094148 0.166732 0.018082 0.053339
0 0.955641 0.633221 0.09052 0.40415
1 0.931542 0.436321 0.033039 0.082121
2 0.704819 0.332198 0.107302 0.087265
2 0.419406 0.220567 0.050285 0.05055
1 0.355852 0.213049 0.046161 0.052298
2 0.177301 0.167173 0.009466 0.027299
2 0.14613 0.184202 0.009618 0.02733
2 0.156966 0.17809 0.009493 0.031696
2 0.297372 0.259742 0.0545 0.052023
2 0.354056 0.263813 0.062098 0.054349
2 0.207473 0.232611 0.032332 0.032643
1 0.402108 0.911363 0.101253 0.175886
