0 0.640327 0.158262 0.031363 0.14453
0 0.299205 0.083024 0.0146 0.071507
0 0.254696 0.106351 0.016648 0.054567
0 0.225686 0.110292 0.015633 0.055286
0 0.201709 0.121811 0.014563 0.052797
0 0.177859 0.128088 0.016509 0.052591
0 0.14619 0.139978 0.014627 0.055294
0 0.159489 0.134697 0.013794 0.049876
0 0.121025 0.155144 0.014456 0.048934
0 0.094176 0.167053 0.01776 0.053645
0 0.094148 0.166732 0.018082 0.053339
0 0.970983 0.506028 0.058894 0.303479
1 0.366326 0.138273 0.030143 0.032946
2 0.532496 0.23866 0.080538 0.063073
2 0.237772 0.140671 0.016334 0.01928
2 0.220883 0.149625 0.019274 0.019645
2 0.182841 0.190296 0.015101 0.015295
2 0.198049 0.216676 0.025672 0.026622
2 0.173676 0.167483 0.008841 0.026627
1 0.161673 0.168855 0.009214 0.027538
2 0.341587 0.273444 0.054131 0.05286
2 0.461181 0.628931 0.134339 0.159663
2 0.171974 0.207423 0.023709 0.022283
