0 0.226129 0.110575 0.015121 0.050607
0 0.202222 0.108916 0.01124 0.071737
0 0.179251 0.129939 0.016849 0.055257
0 0.158932 0.138393 0.02017 0.052483
0 0.128253 0.151534 0.014501 0.051131
0 0.096661 0.168382 0.013259 0.054529
0 0.057714 0.182834 0.010148 0.082691
1 0.277009 0.127794 0.012967 0.016109
1 0.31646 0.16215 0.028693 0.024716
2 0.291583 0.191745 0.023384 0.022926
1 0.157288 0.168042 0.009357 0.018251
1 0.1703 0.157694 0.011054 0.017686
2 0.209048 0.183586 0.015554 0.025676
0 0.071923 0.181614 0.009435 0.080648
0 0.091042 0.166792 0.011308 0.054242
0 0.342307 0.081757 0.013939 0.072597
0 0.33382 0.078986 0.0164 0.074746
0 0.07105 0.184293 0.007293 0.057383
0 0.061981 0.185664 0.016592 0.064584
