0 0.331442 0.082812 0.017499 0.078384
0 0.306791 0.101797 0.018482 0.041843
0 0.255711 0.102226 0.017794 0.05858
0 0.225686 0.110292 0.015633 0.055286
0 0.201709 0.121811 0.014563 0.052797
0 0.177859 0.128088 0.016509 0.052591
0 0.146339 0.141406 0.014328 0.052439
0 0.160552 0.136909 0.01592 0.054301
0 0.121419 0.154066 0.014868 0.050088
0 0.092897 0.172124 0.020317 0.043504
0 0.094148 0.166732 0.018082 0.053339
0 0.950571 0.559289 0.077184 0.361171
1 0.29533 0.128029 0.011903 0.032003
2 0.340707 0.161833 0.034984 0.028844
1 0.244347 0.142473 0.011794 0.031245
1 0.205021 0.156235 0.009998 0.026285
2 0.656416 0.581374 0.179597 0.128775
1 0.16056 0.167734 0.009601 0.029063
2 0.774411 0.669514 0.085359 0.13434
2 0.285191 0.230641 0.053571 0.046296
2 0.280123 0.282736 0.055836 0.053077
2 0.090911 0.209012 0.013342 0.027644
1 0.172326 0.167603 0.011432 0.029117
