0 0.330668 0.085114 0.015952 0.079115
0 0.312071 0.08597 0.017447 0.071884
0 0.25511 0.108147 0.017476 0.058158
0 0.225686 0.110292 0.015633 0.055286
0 0.201709 0.121811 0.014563 0.052797
0 0.177859 0.128088 0.016509 0.052591
0 0.146339 0.141406 0.014328 0.052439
0 0.160552 0.136909 0.01592 0.054301
0 0.121325 0.154893 0.015056 0.048433
0 0.094176 0.167053 0.01776 0.053645
0 0.094148 0.166732 0.018082 0.053339
0 0.949601 0.563231 0.076107 0.363594
2 0.288296 0.133056 0.012076 0.030985
1 0.268548 0.137368 0.009779 0.031213
2 0.558911 0.273992 0.097156 0.087791
2 0.702329 0.426568 0.140332 0.123875
1 0.809707 0.665441 0.053507 0.164897
2 0.435853 0.347951 0.089735 0.069241
2 0.479417 0.439314 0.102153 0.101569
2 0.633091 0.600707 0.216172 0.205434
1 0.178754 0.16094 0.009726 0.027202
2 0.127205 0.208797 0.014383 0.027779
2 0.8258 0.629128 0.071539 0.119708
