0 0.44319 0.10306 0.023912 0.105515
0 0.299516 0.082405 0.017648 0.07449
0 0.254626 0.104917 0.016787 0.057435
0 0.22597 0.11074 0.015065 0.054389
0 0.202189 0.119902 0.01463 0.053579
0 0.177859 0.128088 0.016509 0.052591
0 0.148098 0.141601 0.015972 0.056369
0 0.16127 0.135483 0.015199 0.051485
0 0.123386 0.15532 0.017165 0.050793
0 0.093905 0.167048 0.016982 0.051459
0 0.093913 0.166841 0.017 0.051855
0 0.955688 0.633221 0.09052 0.40415
2 0.46182 0.179839 0.044103 0.038082
2 0.414252 0.182639 0.049773 0.039203
2 0.629981 0.341308 0.113875 0.096047
2 0.440666 0.276904 0.084154 0.071069
2 0.584016 0.471846 0.138702 0.154191
2 0.324045 0.239202 0.060709 0.067841
2 0.439484 0.347468 0.083562 0.085809
2 0.766398 0.672175 0.098687 0.131714
2 0.417424 0.407004 0.110557 0.116256
1 0.176745 0.166156 0.009884 0.025123
2 0.158896 0.351308 0.040722 0.051385
