0 0.226129 0.110575 0.015121 0.050607
0 0.201642 0.122183 0.012934 0.048259
0 0.179517 0.131049 0.016317 0.053038
0 0.156937 0.139239 0.0193 0.051455
0 0.128387 0.153034 0.014233 0.048132
0 0.096176 0.168118 0.01433 0.054001
0 0.057122 0.177089 0.011333 0.09418
2 0.675703 0.292556 0.072994 0.057424
1 0.235611 0.139702 0.012056 0.021135
1 0.207891 0.144791 0.010584 0.021933
2 0.218171 0.227334 0.019381 0.031814
2 0.779682 0.700676 0.045844 0.107907
1 0.571897 0.579804 0.165581 0.145948
0 0.067779 0.181946 0.015452 0.077758
0 0.091021 0.169256 0.011038 0.054345
0 0.275736 0.087038 0.014273 0.071333
0 0.254229 0.101302 0.016996 0.054564
0 0.060433 0.186057 0.008134 0.072721
0 0.069736 0.179437 0.008389 0.064784
