0 0.686819 0.184754 0.030659 0.153409
0 0.299516 0.082405 0.017648 0.07449
0 0.254626 0.104917 0.016787 0.057435
0 0.22597 0.11074 0.015065 0.054389
0 0.202872 0.120268 0.015998 0.05431
0 0.177859 0.128088 0.016509 0.052591
0 0.14722 0.140565 0.017729 0.058442
0 0.159561 0.134876 0.015199 0.051485
0 0.121294 0.155858 0.014195 0.052733
0 0.094176 0.167053 0.01776 0.053645
0 0.094148 0.166732 0.018082 0.053339
0 0.955534 0.633221 0.09052 0.40415
1 0.783789 0.326042 0.048438 0.070139
2 0.577533 0.260512 0.074298 0.055496
2 0.548872 0.297419 0.086524 0.07087
2 0.776285 0.511657 0.150907 0.137922
2 0.23165 0.189279 0.026597 0.031431
1 0.18076 0.163976 0.01026 0.023845
1 0.220906 0.195901 0.026366 0.031911
1 0.377727 0.290225 0.0398 0.070755
2 0.711413 0.693139 0.127871 0.16648
2 0.176721 0.196976 0.021056 0.02083
2 0.465728 0.861659 0.181681 0.210529
