0 0.871192 0.280613 0.034961 0.17273
0 0.299516 0.082405 0.017648 0.07449
0 0.254626 0.104917 0.016787 0.057435
0 0.22597 0.11074 0.015065 0.054389
0 0.202872 0.120268 0.015998 0.05431
0 0.177859 0.128088 0.016509 0.052591
0 0.146934 0.141979 0.016458 0.05326
0 0.159439 0.134229 0.015444 0.052778
0 0.121294 0.155858 0.014195 0.052733
0 0.094176 0.167053 0.01776 0.053645
0 0.094148 0.166732 0.018082 0.053339
0 0.955496 0.633221 0.09052 0.40415
2 0.919589 0.447408 0.042664 0.080645
2 0.736043 0.345706 0.110096 0.086401
1 0.386434 0.18756 0.052904 0.05091
2 0.314478 0.187434 0.045186 0.036333
1 0.184661 0.165119 0.009416 0.026131
2 0.14866 0.181258 0.009618 0.02733
1 0.171732 0.171169 0.009493 0.031696
2 0.285885 0.24768 0.045929 0.045596
1 0.325335 0.246684 0.06101 0.071855
1 0.224176 0.24734 0.036393 0.042284
1 0.391582 0.909486 0.073867 0.17964
