0 0.334456 0.085651 0.021315 0.08027
0 0.299205 0.083024 0.0146 0.071507
0 0.254696 0.106351 0.016648 0.054567
0 0.225686 0.110292 0.015633 0.055286
0 0.201709 0.121811 0.014563 0.052797
0 0.177859 0.128088 0.016509 0.052591
0 0.14619 0.139978 0.014627 0.055294
0 0.160552 0.136909 0.01592 0.054301
0 0.121325 0.154893 0.015056 0.048433
0 0.094176 0.167053 0.01776 0.053645
0 0.094148 0.166732 0.018082 0.053339
0 0.950565 0.563231 0.076107 0.363594
1 0.290466 0.129086 0.01231 0.035639
2 0.337638 0.152606 0.037341 0.03014
2 0.68689 0.379309 0.122625 0.097071
2 0.469717 0.292437 0.096786 0.072243
2 0.388985 0.367724 0.091784 0.09104
1 0.674502 0.716595 0.177802 0.152059
1 0.216664 0.227543 0.036254 0.0356
2 0.270383 0.306701 0.061686 0.057846
2 0.184464 0.165348 0.01319 0.034022
2 0.177108 0.26758 0.031974 0.039962
1 0.5395 0.461166 0.122509 0.096585
