0 0.225515 0.11203 0.015703 0.046549
0 0.202411 0.109185 0.011193 0.069391
0 0.179251 0.129939 0.016849 0.055257
0 0.158932 0.138393 0.02017 0.052483
0 0.128435 0.153795 0.014138 0.046609
0 0.096194 0.169155 0.013578 0.056075
0 0.064957 0.187255 0.01648 0.092779
2 0.67044 0.286085 0.061861 0.041746
2 0.314821 0.179307 0.030125 0.016088
2 0.358672 0.222481 0.023067 0.021421
2 0.29221 0.255132 0.018171 0.032373
1 0.347296 0.302268 0.029125 0.047919
1 0.300979 0.333867 0.05514 0.074084
0 0.272336 0.08881 0.012241 0.068941
0 0.266956 0.094724 0.010796 0.055749
0 0.291437 0.089788 0.012729 0.059402
0 0.304736 0.078423 0.012443 0.077972
