0 0.225515 0.11203 0.015703 0.046549
0 0.202411 0.109185 0.011193 0.069391
0 0.179251 0.129939 0.016849 0.055257
0 0.158932 0.136868 0.02017 0.049434
0 0.128257 0.151836 0.014494 0.050528
0 0.096194 0.169155 0.013578 0.056075
0 0.067127 0.185967 0.013155 0.088905
2 0.55585 0.239851 0.057824 0.023846
2 0.286178 0.169237 0.017574 0.013703
2 0.297355 0.188765 0.024993 0.026777
2 0.32722 0.278551 0.02991 0.032906
1 0.29544 0.264701 0.026854 0.041226
1 0.266283 0.296893 0.037928 0.044672
0 0.275427 0.092417 0.016132 0.067549
0 0.301849 0.090836 0.00974 0.053146
0 0.321423 0.081133 0.011936 0.061798
0 0.344067 0.07813 0.012401 0.072407
