0 0.331734 0.083922 0.01539 0.079407
0 0.307594 0.1034 0.015994 0.039003
0 0.254881 0.1056 0.016646 0.058107
0 0.225686 0.110292 0.015633 0.055286
0 0.201709 0.121811 0.014563 0.052797
0 0.177859 0.128088 0.016509 0.052591
0 0.146339 0.141406 0.014328 0.052439
0 0.160552 0.136909 0.01592 0.054301
0 0.121325 0.154893 0.015056 0.048433
0 0.094176 0.167053 0.01776 0.053645
0 0.094148 0.166732 0.018082 0.053339
0 0.949817 0.561866 0.075675 0.366324
1 0.29925 0.125362 0.01168 0.030613
2 0.280947 0.137412 0.016757 0.018442
1 0.266475 0.15055 0.037362 0.035438
2 0.2255 0.155293 0.030603 0.025883
1 0.829396 0.646257 0.051008 0.131374
2 0.184294 0.171958 0.022754 0.020365
1 0.777251 0.726433 0.111344 0.136155
2 0.413018 0.332849 0.083608 0.070298
2 0.206398 0.218911 0.027981 0.028576
1 0.088 0.207225 0.011126 0.030493
2 0.22818 0.185544 0.028016 0.024521
