0 0.332916 0.084809 0.016992 0.079725
0 0.306791 0.101797 0.018482 0.041843
0 0.255711 0.102226 0.017794 0.05858
0 0.225686 0.110292 0.015633 0.055286
0 0.201763 0.120746 0.014455 0.054926
0 0.177859 0.128088 0.016509 0.052591
0 0.146339 0.141406 0.014328 0.052439
0 0.160552 0.136909 0.01592 0.054301
0 0.121419 0.154066 0.014868 0.050088
0 0.092437 0.171219 0.021238 0.045313
0 0.094148 0.166732 0.018082 0.053339
0 0.950347 0.562423 0.076736 0.367438
1 0.297844 0.122478 0.011903 0.032003
2 0.350899 0.161875 0.045823 0.038315
1 0.240689 0.141335 0.011794 0.031245
1 0.212153 0.152602 0.010234 0.028686
2 0.479672 0.454934 0.131282 0.1168
2 0.15355 0.176722 0.009648 0.027695
2 0.628202 0.496332 0.12172 0.157336
1 0.249105 0.201336 0.052068 0.051792
1 0.33194 0.33667 0.074506 0.064451
2 0.087926 0.209563 0.013906 0.024334
2 0.16833 0.169257 0.009587 0.025827
0 0.330411 0.080331 0.017389 0.079629
