0 0.226129 0.110575 0.015121 0.050607
0 0.202222 0.108916 0.01124 0.071737
0 0.179251 0.129939 0.016849 0.055257
0 0.158932 0.138393 0.02017 0.052483
0 0.128435 0.153795 0.014138 0.046609
0 0.096661 0.168382 0.013259 0.054529
0 0.056986 0.18267 0.009806 0.084476
2 0.399459 0.166183 0.050688 0.025635
2 0.638066 0.404343 0.104077 0.081231
2 0.249406 0.172802 0.030099 0.022785
1 0.17898 0.160012 0.011924 0.022487
2 0.244769 0.215984 0.03227 0.030004
2 0.379705 0.3091 0.067523 0.064474
0 0.07198 0.179569 0.009732 0.075302
0 0.107994 0.162638 0.015606 0.057286
0 0.342711 0.079643 0.015974 0.075953
0 0.336565 0.079161 0.012632 0.071483
0 0.070838 0.178645 0.008095 0.06141
0 0.056244 0.182061 0.008321 0.06474
