0 0.330949 0.084969 0.01539 0.079407
0 0.304973 0.100643 0.013914 0.040548
0 0.255524 0.108172 0.016646 0.058107
0 0.225686 0.110292 0.015633 0.055286
0 0.201709 0.121811 0.014563 0.052797
0 0.177859 0.128088 0.016509 0.052591
0 0.146339 0.141406 0.014328 0.052439
0 0.160552 0.136909 0.01592 0.054301
0 0.121325 0.154893 0.015056 0.048433
0 0.094176 0.167053 0.01776 0.053645
0 0.094148 0.166732 0.018082 0.053339
0 0.949817 0.561866 0.075675 0.366324
1 0.297855 0.122453 0.01168 0.030613
1 0.257577 0.134837 0.010195 0.029961
2 0.432208 0.225779 0.062731 0.057196
1 0.33468 0.201188 0.058245 0.048362
1 0.833661 0.651336 0.063095 0.145306
2 0.236354 0.218381 0.042692 0.040856
1 0.686139 0.686003 0.064695 0.171377
1 0.809185 0.677376 0.061445 0.13385
1 0.161061 0.166954 0.009726 0.027202
1 0.115785 0.193422 0.011625 0.022117
2 0.33622 0.26322 0.052998 0.056437
