0 0.226129 0.110575 0.015121 0.050607
0 0.201642 0.122183 0.012934 0.048259
0 0.179517 0.131049 0.016317 0.053038
0 0.156937 0.139239 0.0193 0.051455
0 0.128387 0.153034 0.014233 0.048132
0 0.096176 0.168118 0.01433 0.054001
0 0.056958 0.183021 0.011661 0.082318
2 0.697971 0.303077 0.078174 0.067248
1 0.237152 0.139702 0.012056 0.021135
1 0.206739 0.144368 0.013025 0.022774
1 0.211128 0.225106 0.019381 0.031814
1 0.775245 0.689486 0.063494 0.149031
2 0.526957 0.537472 0.149558 0.127974
0 0.061631 0.186386 0.014643 0.080445
0 0.091021 0.169256 0.011038 0.054345
0 0.28096 0.087393 0.016205 0.070276
0 0.254229 0.101302 0.016996 0.054564
0 0.061891 0.185812 0.007621 0.059909
0 0.059072 0.185928 0.011348 0.068595
