0 0.331383 0.084569 0.017617 0.074869
0 0.306791 0.101797 0.018482 0.041843
0 0.255711 0.102226 0.017794 0.05858
0 0.225686 0.110292 0.015633 0.055286
0 0.201709 0.121811 0.014563 0.052797
0 0.177859 0.128088 0.016509 0.052591
0 0.146339 0.141406 0.014328 0.052439
0 0.160552 0.136909 0.01592 0.054301
0 0.121419 0.154066 0.014868 0.050088
0 0.092437 0.171219 0.021238 0.045313
0 0.094148 0.166732 0.018082 0.053339
0 0.950347 0.562423 0.076736 0.367438
1 0.297844 0.122478 0.011903 0.032003
2 0.350899 0.161875 0.045823 0.038315
1 0.242426 0.141335 0.011794 0.031245
1 0.213889 0.154145 0.010234 0.028686
2 0.484549 0.455243 0.127286 0.100751
2 0.15355 0.176722 0.009648 0.027695
2 0.65345 0.525059 0.13534 0.1359
2 0.247696 0.203597 0.050703 0.04727
2 0.326218 0.32114 0.075413 0.076776
2 0.087926 0.209563 0.013906 0.024334
1 0.171093 0.16315 0.011432 0.029117
0 0.331949 0.081425 0.017389 0.079629
