0 0.378019 0.083717 0.015313 0.084577
0 0.215966 0.114294 0.016898 0.056825
0 0.198744 0.122999 0.014839 0.052472
0 0.179373 0.128714 0.01432 0.055773
0 0.163064 0.135447 0.017509 0.050052
0 0.148416 0.145782 0.011271 0.044526
0 0.143698 0.147913 0.011779 0.046658
0 0.132271 0.151183 0.015503 0.055414
0 0.232344 0.09923 0.016088 0.074654
0 0.092832 0.169797 0.012006 0.050019
0 0.081107 0.173141 0.012515 0.05082
2 0.296937 0.133812 0.019648 0.01937
1 0.227468 0.14698 0.00775 0.026606
1 0.246912 0.151062 0.009185 0.029159
1 0.241938 0.136702 0.0077 0.023423
2 0.531475 0.373643 0.086244 0.080447
2 0.56745 0.518758 0.10502 0.117278
2 0.295818 0.291138 0.04807 0.077039
1 0.164992 0.169171 0.007129 0.023232
2 0.337486 0.25998 0.049292 0.042131
2 0.430312 0.897485 0.16569 0.207828
2 0.096548 0.211607 0.01499 0.018156
0 0.120779 0.158042 0.013735 0.053091
0 0.261092 0.092059 0.0155 0.074806
