0 0.380899 0.083922 0.01609 0.084004
0 0.216267 0.113775 0.015298 0.056655
0 0.19974 0.121232 0.014979 0.054618
0 0.178259 0.129018 0.013682 0.054639
0 0.16142 0.136064 0.012533 0.046676
0 0.149751 0.141257 0.011836 0.046687
0 0.143686 0.147408 0.012252 0.049882
0 0.132888 0.151099 0.014562 0.05423
0 0.093254 0.168999 0.01193 0.048946
0 0.082567 0.17285 0.011585 0.04791
1 0.267757 0.135037 0.0107 0.031833
2 0.783214 0.485997 0.11326 0.074272
2 0.400439 0.24749 0.061369 0.048321
2 0.342857 0.211804 0.045559 0.043099
1 0.285109 0.189379 0.033963 0.035062
1 0.156712 0.17546 0.009223 0.029041
2 0.193697 0.163069 0.014615 0.018756
2 0.254004 0.220998 0.040646 0.036298
1 0.180934 0.167699 0.008702 0.026103
1 0.169627 0.168653 0.009222 0.028747
1 0.159726 0.319762 0.028702 0.065173
1 0.205645 0.278346 0.02827 0.09349
0 0.248265 0.094923 0.014556 0.070086
0 0.121589 0.156185 0.011472 0.050807
