0 0.409539 0.093112 0.024585 0.098537
0 0.216267 0.113775 0.015298 0.056655
0 0.19974 0.121232 0.014979 0.054618
0 0.178259 0.129018 0.013682 0.054639
0 0.16142 0.136064 0.012533 0.046676
0 0.149751 0.141257 0.011836 0.046687
0 0.143686 0.147408 0.012252 0.049882
0 0.132888 0.151099 0.014562 0.05423
0 0.093254 0.168999 0.01193 0.048946
0 0.080833 0.172477 0.015052 0.048657
1 0.924628 0.49304 0.054002 0.104346
1 0.218669 0.157481 0.010246 0.034584
1 0.22814 0.153781 0.010066 0.036718
1 0.238144 0.150569 0.010902 0.040473
1 0.255766 0.145016 0.019327 0.031674
2 0.198724 0.210968 0.031608 0.031692
1 0.169227 0.188389 0.0213 0.021968
2 0.373334 0.378096 0.112526 0.101641
1 0.161534 0.170555 0.008743 0.028632
1 0.171303 0.166187 0.008542 0.028931
1 0.089888 0.206422 0.02243 0.026291
2 0.69063 0.813188 0.100622 0.164404
0 0.236492 0.098069 0.016715 0.068209
0 0.120468 0.153637 0.013713 0.055904
