0 0.381023 0.100298 0.032308 0.063742
0 0.215014 0.116268 0.016082 0.055642
0 0.198744 0.122999 0.014839 0.052472
0 0.179373 0.128714 0.01432 0.055773
0 0.161562 0.136501 0.015417 0.049669
0 0.148416 0.145782 0.011271 0.044526
0 0.143455 0.148128 0.011779 0.046658
0 0.132572 0.150321 0.014902 0.057139
0 0.118437 0.157309 0.017609 0.056844
0 0.092832 0.169797 0.012006 0.050019
0 0.081107 0.173141 0.012515 0.05082
1 0.318329 0.129146 0.00718 0.023716
1 0.212874 0.157217 0.007605 0.025822
1 0.228745 0.151193 0.008734 0.028516
1 0.235852 0.156848 0.007927 0.028294
1 0.238455 0.141532 0.0077 0.023423
2 0.651479 0.62289 0.145446 0.124123
2 0.281192 0.297851 0.042683 0.039285
2 0.21481 0.231003 0.037295 0.039562
1 0.168462 0.174764 0.007838 0.029463
2 0.511224 0.371255 0.109403 0.083982
2 0.248217 0.564245 0.071 0.118768
1 0.09172 0.208755 0.010238 0.02602
0 0.120779 0.158042 0.013735 0.053091
0 0.261092 0.092059 0.0155 0.074806
