0 0.381023 0.100298 0.032308 0.063742
0 0.214839 0.11668 0.016781 0.057393
0 0.198744 0.122999 0.014839 0.052472
0 0.179373 0.128714 0.01432 0.055773
0 0.161562 0.136501 0.015417 0.049669
0 0.148416 0.145782 0.011271 0.044526
0 0.143455 0.148128 0.011779 0.046658
0 0.132247 0.150748 0.015552 0.056283
0 0.119091 0.157605 0.016299 0.056251
0 0.092832 0.169797 0.012006 0.050019
0 0.081107 0.173141 0.012515 0.05082
1 0.316017 0.126445 0.00791 0.023955
1 0.213887 0.155573 0.009125 0.028827
1 0.228745 0.151193 0.008734 0.028516
1 0.235639 0.157227 0.007927 0.028294
1 0.238455 0.141532 0.0077 0.023423
2 0.619191 0.611508 0.181477 0.177298
2 0.28469 0.297311 0.047807 0.061964
2 0.202201 0.228118 0.04382 0.043989
1 0.168462 0.174764 0.007838 0.029463
2 0.518053 0.378549 0.114979 0.089676
2 0.238956 0.539161 0.08229 0.131646
1 0.09172 0.208755 0.010238 0.02602
0 0.120779 0.158042 0.013735 0.053091
0 0.261092 0.092059 0.0155 0.074806
