0 0.377604 0.080639 0.018784 0.090695
0 0.215577 0.115331 0.016898 0.056825
0 0.198744 0.122999 0.014839 0.052472
0 0.179373 0.128714 0.01432 0.055773
0 0.162367 0.137372 0.017026 0.051411
0 0.148416 0.145782 0.011271 0.044526
0 0.143455 0.148128 0.011779 0.046658
0 0.132271 0.151183 0.015503 0.055414
0 0.332061 0.078809 0.018034 0.076269
0 0.092832 0.169797 0.012006 0.050019
0 0.081107 0.173141 0.012515 0.05082
1 0.280761 0.144176 0.008853 0.02969
1 0.258013 0.170082 0.026352 0.02263
1 0.230448 0.14438 0.00775 0.026606
1 0.247382 0.14607 0.009827 0.030652
1 0.241938 0.139028 0.0077 0.023423
2 0.382623 0.283842 0.057467 0.061584
2 0.677215 0.539743 0.083804 0.178903
2 0.358478 0.371314 0.088465 0.094739
1 0.163907 0.168406 0.004582 0.018605
2 0.281426 0.22646 0.03763 0.043958
2 0.441676 0.908483 0.104271 0.186307
2 0.117222 0.211735 0.01597 0.017308
0 0.120779 0.158042 0.013735 0.053091
0 0.240576 0.095547 0.019786 0.075007
