0 0.384567 0.087275 0.022479 0.087638
0 0.216267 0.113775 0.015298 0.056655
0 0.19974 0.121232 0.014979 0.054618
0 0.178259 0.129018 0.013682 0.054639
0 0.16142 0.136064 0.012533 0.046676
0 0.149751 0.141257 0.011836 0.046687
0 0.143686 0.147408 0.012252 0.049882
0 0.132888 0.151099 0.014562 0.05423
0 0.093254 0.168999 0.01193 0.048946
0 0.082567 0.17285 0.011585 0.04791
2 0.730365 0.362016 0.119441 0.07954
1 0.258121 0.15593 0.025183 0.025673
2 0.312188 0.178173 0.040778 0.031612
2 0.395657 0.211144 0.065272 0.058862
2 0.610221 0.30013 0.100242 0.123945
1 0.175019 0.173543 0.009493 0.030296
1 0.165691 0.182477 0.008144 0.028545
1 0.158149 0.178676 0.009294 0.026901
1 0.183406 0.167605 0.008743 0.028632
1 0.191082 0.160835 0.008542 0.028931
1 0.11098 0.190145 0.015449 0.023808
1 0.565462 0.653229 0.156903 0.126181
0 0.231856 0.101978 0.01899 0.075239
0 0.120468 0.153637 0.013713 0.055904
