0 0.380899 0.083922 0.01609 0.084004
0 0.216267 0.113775 0.015298 0.056655
0 0.19974 0.121232 0.014979 0.054618
0 0.178259 0.129018 0.013682 0.054639
0 0.16142 0.136064 0.012533 0.046676
0 0.149751 0.141257 0.011836 0.046687
0 0.143686 0.147408 0.012252 0.049882
0 0.132888 0.151099 0.014562 0.05423
0 0.093254 0.168999 0.01193 0.048946
0 0.082567 0.17285 0.011585 0.04791
1 0.280553 0.135869 0.021423 0.020022
1 0.826347 0.502107 0.107751 0.088171
2 0.440288 0.267751 0.074751 0.072253
2 0.351146 0.205861 0.049595 0.059942
2 0.300994 0.190871 0.03796 0.035449
1 0.149318 0.184848 0.007998 0.027382
2 0.183704 0.168196 0.009947 0.027745
2 0.237833 0.210631 0.037086 0.030962
1 0.171864 0.175093 0.007969 0.027072
1 0.161483 0.180665 0.00859 0.028643
2 0.156139 0.332948 0.024866 0.069562
1 0.207658 0.288394 0.027635 0.094844
0 0.262177 0.092147 0.016851 0.072202
0 0.121589 0.156185 0.011472 0.050807
