0 0.38913 0.089588 0.022448 0.086413
0 0.217894 0.116281 0.016322 0.053668
0 0.199651 0.121869 0.014918 0.050608
0 0.178935 0.131085 0.013679 0.054423
0 0.163118 0.136181 0.015093 0.048843
0 0.149311 0.14344 0.008155 0.046845
0 0.143379 0.148214 0.011249 0.044415
0 0.13242 0.151088 0.0155 0.056088
0 0.093131 0.168011 0.012143 0.047247
0 0.081054 0.174621 0.011324 0.050317
2 0.356527 0.141192 0.034366 0.026943
2 0.255433 0.173254 0.023606 0.029476
2 0.228797 0.158429 0.015783 0.024712
2 0.302223 0.195983 0.037174 0.027982
1 0.250114 0.138215 0.01115 0.024811
2 0.233838 0.191926 0.028546 0.028999
2 0.304491 0.244112 0.050455 0.044489
2 0.199406 0.190942 0.026246 0.030535
2 0.573177 0.449653 0.133464 0.124421
2 0.68182 0.614583 0.187988 0.141782
1 0.095843 0.210073 0.01945 0.029046
1 0.243213 0.356552 0.047641 0.069609
0 0.06953 0.213324 0.020358 0.117647
0 0.119458 0.155478 0.010924 0.048828
