0 0.375984 0.084885 0.017168 0.086249
0 0.216236 0.117873 0.016664 0.054271
0 0.201684 0.123041 0.017633 0.051638
0 0.179073 0.128858 0.01492 0.055485
0 0.161562 0.136501 0.015417 0.049669
0 0.148416 0.145782 0.011271 0.044526
0 0.143515 0.149404 0.011758 0.047565
0 0.132271 0.151183 0.015503 0.055414
0 0.092832 0.169797 0.012006 0.050019
0 0.081107 0.173141 0.012515 0.05082
1 0.267733 0.130286 0.006739 0.023582
1 0.559782 0.326362 0.025445 0.084456
2 0.312734 0.198464 0.036191 0.021957
2 0.277161 0.173206 0.033241 0.026305
2 0.241288 0.16594 0.025733 0.01632
1 0.182575 0.162057 0.006087 0.02254
2 0.211641 0.181882 0.030229 0.016783
2 0.338932 0.271951 0.049615 0.047078
1 0.16488 0.166356 0.007949 0.024864
1 0.172048 0.164888 0.006755 0.023237
2 0.211461 0.319433 0.04302 0.043778
2 0.201717 0.296897 0.028639 0.036423
0 0.120779 0.158042 0.013735 0.053091
0 0.241362 0.09549 0.01908 0.076072
