0 0.374029 0.085608 0.015636 0.085495
0 0.215091 0.118636 0.016664 0.054271
0 0.201684 0.123041 0.017633 0.051638
0 0.179073 0.128858 0.01492 0.055485
0 0.161562 0.136501 0.015417 0.049669
0 0.148416 0.145782 0.011271 0.044526
0 0.143808 0.150488 0.01251 0.049265
0 0.132271 0.151183 0.015503 0.055414
0 0.092832 0.169797 0.012006 0.050019
0 0.081107 0.173141 0.012515 0.05082
1 0.267478 0.130966 0.006739 0.023582
1 0.534593 0.331758 0.035316 0.075526
2 0.309458 0.19661 0.042616 0.024694
2 0.228118 0.190019 0.029813 0.024997
2 0.368096 0.290345 0.055731 0.053797
1 0.165199 0.166356 0.007949 0.024864
1 0.173733 0.164484 0.006755 0.023237
2 0.232306 0.336447 0.047684 0.045079
2 0.194432 0.290159 0.028097 0.02925
0 0.120779 0.158042 0.013735 0.053091
0 0.241362 0.09549 0.01908 0.076072
