0 0.380323 0.085098 0.016782 0.083285
0 0.216267 0.113775 0.015298 0.056655
0 0.19974 0.121232 0.014979 0.054618
0 0.178259 0.129018 0.013682 0.054639
0 0.16142 0.136064 0.012533 0.046676
0 0.149751 0.141257 0.011836 0.046687
0 0.143686 0.147408 0.012252 0.049882
0 0.132888 0.151099 0.014562 0.05423
0 0.093254 0.168999 0.01193 0.048946
0 0.082567 0.17285 0.011585 0.04791
2 0.411471 0.183562 0.061391 0.045687
2 0.536146 0.271293 0.107103 0.073177
2 0.650727 0.393185 0.136442 0.155965
2 0.812277 0.509319 0.1921 0.169829
2 0.552054 0.349791 0.126061 0.098315
1 0.149876 0.186997 0.011496 0.031545
1 0.165352 0.182707 0.008144 0.028545
1 0.191153 0.164192 0.009294 0.026901
1 0.172752 0.169234 0.008744 0.026541
1 0.180904 0.166914 0.007457 0.026894
2 0.121085 0.223636 0.021349 0.030929
2 0.284811 0.430491 0.04771 0.126261
0 0.237742 0.09834 0.016885 0.074638
0 0.121589 0.156185 0.011472 0.050807
