0 0.371579 0.085742 0.018887 0.086897
0 0.217465 0.113775 0.015298 0.056655
0 0.203887 0.109349 0.012842 0.067534
0 0.178259 0.129018 0.013682 0.054639
0 0.161854 0.135356 0.013401 0.04526
0 0.149751 0.141257 0.011836 0.046687
0 0.143968 0.145409 0.012252 0.049882
0 0.132888 0.151099 0.014562 0.05423
0 0.091974 0.165269 0.014154 0.04432
0 0.08148 0.167406 0.01408 0.045898
2 0.54082 0.227306 0.080345 0.062265
1 0.220983 0.151928 0.008846 0.032738
1 0.233862 0.148134 0.010066 0.036718
1 0.211015 0.153239 0.008853 0.03295
1 0.251823 0.146015 0.011074 0.042909
1 0.660761 0.614975 0.154049 0.145246
2 0.397086 0.412377 0.087949 0.075387
2 0.380585 0.276026 0.086485 0.068552
2 0.2642 0.277887 0.064764 0.058496
2 0.186903 0.19542 0.033875 0.031695
1 0.092867 0.202373 0.023656 0.025769
1 0.356539 0.480092 0.100633 0.10789
0 0.081616 0.157912 0.012323 0.061697
0 0.11967 0.153301 0.014566 0.049423
