0 0.383034 0.089517 0.024265 0.093898
0 0.216267 0.113775 0.015298 0.056655
0 0.19974 0.121232 0.014979 0.054618
0 0.178259 0.129018 0.013682 0.054639
0 0.16142 0.136064 0.012533 0.046676
0 0.149751 0.141257 0.011836 0.046687
0 0.143968 0.145409 0.012252 0.049882
0 0.132888 0.151099 0.014562 0.05423
0 0.093254 0.168999 0.01193 0.048946
0 0.080707 0.170178 0.015215 0.049527
1 0.740857 0.336853 0.13084 0.114673
1 0.214956 0.1681 0.010246 0.034584
1 0.239635 0.148076 0.010066 0.036718
1 0.227038 0.163952 0.010902 0.040473
1 0.251549 0.146504 0.011074 0.042909
2 0.291969 0.313532 0.057405 0.051082
2 0.225938 0.251489 0.036405 0.041239
1 0.702847 0.555591 0.147041 0.189165
2 0.19733 0.202777 0.026258 0.030245
1 0.167427 0.172551 0.011926 0.032591
1 0.090675 0.204144 0.023656 0.025769
2 0.532185 0.709333 0.090904 0.110847
0 0.200403 0.109223 0.016641 0.075535
0 0.11967 0.153301 0.014566 0.049423
