0 0.376773 0.08549 0.025882 0.088279
0 0.217465 0.113775 0.015298 0.056655
0 0.205586 0.108546 0.013373 0.068283
0 0.178259 0.129018 0.013682 0.054639
0 0.161854 0.135356 0.013401 0.04526
0 0.149751 0.141257 0.011836 0.046687
0 0.143968 0.145409 0.012252 0.049882
0 0.132888 0.151099 0.014562 0.05423
0 0.091974 0.165269 0.014154 0.04432
0 0.08148 0.167406 0.01408 0.045898
2 0.491432 0.201663 0.05434 0.044447
1 0.224498 0.150486 0.008341 0.034568
1 0.232786 0.149107 0.00888 0.037948
1 0.216753 0.148613 0.0079 0.031941
1 0.247984 0.148046 0.009756 0.039711
1 0.623271 0.539037 0.106882 0.1878
2 0.55436 0.573147 0.148898 0.150262
2 0.308542 0.235159 0.05502 0.047452
2 0.332175 0.330627 0.08071 0.076083
2 0.209937 0.215871 0.039813 0.035445
1 0.094063 0.206111 0.024375 0.026667
1 0.318033 0.438832 0.076825 0.08741
0 0.061397 0.175574 0.02017 0.082526
0 0.11967 0.153301 0.014566 0.049423
