0 0.380154 0.09968 0.033792 0.063798
0 0.217119 0.116022 0.016898 0.056825
0 0.198744 0.122999 0.014839 0.052472
0 0.178782 0.128455 0.015503 0.056292
0 0.161704 0.136895 0.015134 0.048882
0 0.148416 0.145782 0.011271 0.044526
0 0.143455 0.148128 0.011779 0.046658
0 0.132271 0.151183 0.015503 0.055414
0 0.119415 0.157925 0.015653 0.055611
0 0.092832 0.169797 0.012006 0.050019
0 0.081107 0.173141 0.012515 0.05082
1 0.292252 0.127236 0.009036 0.0275
1 0.2178 0.155544 0.007801 0.024943
1 0.218831 0.147286 0.008095 0.027955
1 0.236488 0.142046 0.009144 0.028641
2 0.321253 0.188987 0.041286 0.029471
2 0.180591 0.206833 0.028001 0.028318
1 0.148403 0.174705 0.008813 0.028519
1 0.16337 0.168562 0.007719 0.028933
2 0.642812 0.641144 0.196291 0.191903
2 0.125042 0.284075 0.017844 0.029292
1 0.08969 0.210737 0.009167 0.027005
0 0.120779 0.158042 0.013735 0.053091
0 0.288819 0.088888 0.014348 0.068864
