0 0.455275 0.101333 0.026471 0.122828
0 0.803474 0.26754 0.048981 0.133592
0 0.982731 0.415054 0.033758 0.125448
0 0.977463 0.462758 0.045905 0.153651
0 0.872696 0.524637 0.076314 0.245947
1 0.709255 0.677732 0.097945 0.155734
0 0.95334 0.441273 0.032296 0.202318
1 0.446069 0.174238 0.035282 0.042563
2 0.712973 0.460027 0.145375 0.111667
1 0.148992 0.163645 0.011997 0.043588
1 0.154146 0.147981 0.013028 0.034593
2 0.252224 0.117892 0.02487 0.026387
1 0.230362 0.118239 0.019437 0.025694
0 0.965902 0.510597 0.067414 0.16214
0 0.942511 0.467608 0.062963 0.271838
