0 0.565281 0.129726 0.030096 0.143817
0 0.800054 0.263037 0.047887 0.132993
0 0.98305 0.404339 0.034397 0.104019
0 0.977463 0.462758 0.045905 0.153651
0 0.853751 0.518246 0.098128 0.238652
2 0.278625 0.27864 0.063239 0.056503
1 0.876064 0.368083 0.034637 0.09871
1 0.554435 0.215681 0.032762 0.053763
1 0.184968 0.157812 0.030043 0.027765
2 0.12481 0.165596 0.014824 0.035188
2 0.251952 0.20281 0.039191 0.036943
2 0.374588 0.14879 0.044047 0.030215
2 0.314462 0.148328 0.039286 0.032796
0 0.591755 0.191536 0.042164 0.072682
