0 0.542367 0.123346 0.034477 0.140735
0 0.799442 0.260719 0.046663 0.130356
0 0.982558 0.408994 0.033936 0.107938
0 0.982064 0.449779 0.037464 0.129934
0 0.97016 0.498316 0.058899 0.172812
0 0.861716 0.516071 0.104945 0.239273
2 0.318383 0.297083 0.085147 0.078027
1 0.277014 0.14704 0.027433 0.024973
1 0.584956 0.23091 0.035985 0.052427
2 0.606117 0.392126 0.108331 0.092898
1 0.728314 0.425975 0.134855 0.134968
1 0.463062 0.250376 0.080911 0.057936
1 0.840838 0.444045 0.027897 0.077559
1 0.868549 0.445572 0.024545 0.093332
0 0.588234 0.187561 0.048735 0.072693
