0 0.58312 0.139702 0.033673 0.148717
0 0.800781 0.261455 0.046408 0.131173
0 0.977917 0.409379 0.043218 0.107167
0 0.889764 0.291781 0.031761 0.170959
0 0.970031 0.49411 0.057008 0.176364
0 0.856018 0.515017 0.093384 0.243056
1 0.675275 0.690734 0.094763 0.152044
1 0.846636 0.384 0.028422 0.097103
1 0.592478 0.262306 0.036063 0.06132
2 0.208707 0.154455 0.032903 0.029729
2 0.190945 0.15032 0.028925 0.030197
2 0.33699 0.228228 0.081773 0.041504
2 0.287796 0.159894 0.04919 0.024863
2 0.295367 0.147029 0.044168 0.026798
