0 0.542367 0.123346 0.034477 0.140735
0 0.799442 0.261718 0.046663 0.130356
0 0.982558 0.408994 0.033936 0.107938
0 0.98202 0.451459 0.037376 0.133294
0 0.97016 0.498316 0.058899 0.172812
0 0.85676 0.516278 0.091223 0.237428
2 0.696955 0.606986 0.069044 0.198573
1 0.335376 0.16128 0.026037 0.024852
1 0.583723 0.226551 0.032151 0.067866
1 0.814005 0.519867 0.046609 0.11554
2 0.350287 0.238473 0.065341 0.050515
1 0.389397 0.208829 0.05916 0.042807
1 0.85985 0.441898 0.028946 0.086467
2 0.881362 0.422696 0.03649 0.075266
0 0.590839 0.185488 0.045549 0.07067
