0 0.542367 0.123346 0.034477 0.140735
0 0.799442 0.260719 0.046663 0.130356
0 0.982558 0.408994 0.033936 0.107938
0 0.981755 0.452019 0.038107 0.129934
0 0.97016 0.498316 0.058899 0.172812
0 0.85754 0.521937 0.092782 0.248747
1 0.706275 0.589785 0.146169 0.141129
1 0.321276 0.159638 0.026037 0.024852
1 0.580888 0.225431 0.032781 0.049945
2 0.785453 0.49977 0.118926 0.086267
1 0.389685 0.248146 0.071185 0.051557
2 0.391624 0.21039 0.05916 0.042807
2 0.85985 0.441898 0.028946 0.086467
1 0.885788 0.429171 0.028391 0.087205
0 0.590627 0.187356 0.044578 0.067935
