0 0.504841 0.111773 0.02771 0.130241
0 0.809429 0.270522 0.045476 0.129906
0 0.982731 0.415054 0.033758 0.125448
0 0.977463 0.462758 0.045905 0.153651
0 0.872696 0.524637 0.076314 0.245947
1 0.700479 0.616324 0.067792 0.174047
0 0.836487 0.285059 0.024289 0.115759
1 0.496702 0.19159 0.033223 0.034702
1 0.36523 0.247392 0.064868 0.053978
1 0.130747 0.165663 0.021106 0.035615
2 0.163678 0.151039 0.012747 0.042983
1 0.313445 0.135596 0.033392 0.032482
2 0.274336 0.128853 0.033484 0.032526
0 0.767428 0.220085 0.040064 0.158832
0 0.068837 0.808565 0.138108 0.381481
