0 0.564051 0.132344 0.031276 0.142204
0 0.799442 0.261718 0.046663 0.130356
0 0.982709 0.407573 0.03508 0.097553
0 0.977417 0.461282 0.044384 0.156602
0 0.886518 0.651411 0.111339 0.411068
0 0.855026 0.518522 0.091129 0.239204
2 0.124516 0.182714 0.038267 0.039053
1 0.562386 0.256518 0.038913 0.042659
1 0.579563 0.22725 0.044251 0.050786
1 0.352234 0.199801 0.055727 0.037653
2 0.162801 0.157397 0.00938 0.032928
1 0.177342 0.152447 0.011211 0.036832
2 0.708052 0.290661 0.06071 0.058374
1 0.464531 0.185073 0.058394 0.041344
0 0.594501 0.189692 0.040293 0.069991
