0 0.569051 0.132152 0.03627 0.140981
0 0.799442 0.261718 0.046663 0.130356
0 0.986356 0.406501 0.027786 0.099696
0 0.981493 0.449441 0.038429 0.132921
0 0.969815 0.457885 0.052029 0.240233
0 0.855917 0.516956 0.09291 0.236072
2 0.145647 0.194305 0.05549 0.046043
1 0.495142 0.228426 0.04106 0.043008
1 0.583424 0.229509 0.036528 0.052989
2 0.430051 0.241485 0.073617 0.06264
2 0.193791 0.156429 0.035458 0.022131
2 0.211438 0.14905 0.038081 0.028496
2 0.879851 0.398813 0.069934 0.068324
1 0.500585 0.209313 0.069898 0.055298
0 0.593578 0.189692 0.040293 0.069991
