0 0.542367 0.123346 0.034477 0.140735
0 0.799442 0.261718 0.046663 0.130356
0 0.982558 0.408994 0.033936 0.107938
0 0.978554 0.451459 0.044306 0.133294
0 0.97016 0.498316 0.058899 0.172812
0 0.855917 0.516956 0.09291 0.236072
2 0.282854 0.30844 0.11773 0.104359
1 0.397181 0.169097 0.036092 0.035583
1 0.571752 0.232151 0.038451 0.063386
1 0.828847 0.492746 0.04101 0.115061
1 0.261191 0.188641 0.059161 0.045718
1 0.29506 0.18799 0.058566 0.046248
1 0.888751 0.442045 0.02095 0.083105
2 0.705015 0.310327 0.086946 0.075045
0 0.595169 0.18477 0.036888 0.072107
