0 0.441995 0.097189 0.029883 0.124153
0 0.802551 0.265624 0.050826 0.137424
0 0.982731 0.415054 0.033758 0.125448
0 0.977463 0.462758 0.045905 0.153651
0 0.859597 0.526852 0.102511 0.241517
1 0.704454 0.680583 0.093107 0.163387
0 0.977942 0.431542 0.034165 0.120906
1 0.439007 0.174064 0.034284 0.045151
1 0.78566 0.5153 0.094506 0.106407
1 0.158409 0.15624 0.010415 0.038356
1 0.145557 0.157153 0.009389 0.040286
1 0.242522 0.124266 0.012281 0.04153
1 0.210649 0.132404 0.013711 0.045563
0 0.965902 0.510597 0.067414 0.16214
0 0.943313 0.464097 0.053898 0.284978
