0 0.545965 0.130344 0.032629 0.130548
0 0.797779 0.264258 0.048925 0.136779
0 0.978594 0.409886 0.041864 0.106153
0 0.972021 0.455939 0.051402 0.124334
0 0.969421 0.497907 0.055787 0.183959
0 0.856655 0.517891 0.094657 0.248803
2 0.198948 0.251265 0.083454 0.090122
1 0.6062 0.243498 0.049057 0.065254
1 0.557689 0.245177 0.042636 0.068696
1 0.145809 0.156741 0.010009 0.040057
2 0.786409 0.47654 0.131286 0.096091
2 0.394075 0.188798 0.066661 0.04129
2 0.499107 0.230272 0.085095 0.057649
0 0.8581 0.611786 0.105878 0.408507
