0 0.58312 0.139702 0.033673 0.148717
0 0.800781 0.261455 0.046408 0.131173
0 0.979539 0.409326 0.039974 0.107273
0 0.899956 0.293703 0.029725 0.173257
0 0.970031 0.49411 0.057008 0.176364
0 0.856018 0.515017 0.093384 0.243056
1 0.679498 0.688911 0.095136 0.140009
1 0.84625 0.383297 0.026674 0.088816
1 0.593217 0.263307 0.037104 0.061559
2 0.20892 0.154085 0.032009 0.031345
2 0.19222 0.148759 0.028131 0.027076
2 0.333832 0.229401 0.078559 0.036505
2 0.275303 0.152514 0.051269 0.028078
2 0.283729 0.140487 0.044168 0.026798
