0 0.596245 0.158624 0.036608 0.120398
0 0.800781 0.261455 0.046408 0.131173
0 0.977726 0.409326 0.04391 0.107273
0 0.985339 0.449197 0.02854 0.126606
0 0.969908 0.492512 0.057255 0.179559
0 0.856018 0.515017 0.093384 0.243056
2 0.681704 0.697312 0.081905 0.125448
2 0.804976 0.385006 0.025325 0.094213
1 0.590747 0.250534 0.044565 0.053501
2 0.444027 0.232432 0.066424 0.077848
1 0.333085 0.204379 0.057115 0.053967
2 0.212781 0.168524 0.040408 0.028094
2 0.198143 0.135797 0.009993 0.031703
1 0.210396 0.132476 0.009657 0.038932
