0 0.58312 0.139702 0.033673 0.148717
0 0.800781 0.261455 0.046408 0.131173
0 0.977409 0.410215 0.046461 0.101016
0 0.985339 0.449197 0.02854 0.126606
0 0.967388 0.496993 0.062295 0.170598
0 0.856018 0.515017 0.093384 0.243056
1 0.686232 0.695239 0.112123 0.162945
1 0.850714 0.378869 0.028422 0.097103
1 0.581257 0.248551 0.035378 0.056677
1 0.249955 0.155277 0.038145 0.026722
2 0.220988 0.153528 0.034335 0.027981
2 0.283303 0.201716 0.055977 0.036144
2 0.258187 0.144977 0.039822 0.024515
2 0.265553 0.140197 0.040971 0.030001
