0 0.591519 0.141387 0.042715 0.150655
0 0.800781 0.261455 0.046408 0.131173
0 0.978158 0.410665 0.042736 0.104595
0 0.882652 0.283861 0.032694 0.176683
0 0.970031 0.49411 0.057008 0.176364
0 0.856018 0.515017 0.093384 0.243056
1 0.662282 0.692772 0.104835 0.131945
1 0.792394 0.331907 0.026902 0.075212
1 0.600614 0.262878 0.043733 0.057935
1 0.182385 0.153673 0.010347 0.041177
2 0.170774 0.153342 0.012425 0.043111
2 0.398067 0.263686 0.087223 0.050692
1 0.301836 0.161056 0.048404 0.032777
1 0.319755 0.158164 0.05448 0.034906
