0 0.621244 0.181059 0.036447 0.107703
0 0.800781 0.261455 0.046408 0.131173
0 0.977337 0.409902 0.04343 0.103882
0 0.985339 0.451975 0.02854 0.132161
0 0.969849 0.499284 0.057373 0.166016
0 0.856018 0.515017 0.093384 0.243056
2 0.687059 0.720833 0.077495 0.15233
1 0.780415 0.372962 0.022859 0.103447
1 0.602949 0.254323 0.027722 0.057124
1 0.513441 0.302465 0.061946 0.084046
1 0.38919 0.245739 0.060923 0.063971
2 0.190545 0.162128 0.03045 0.024606
1 0.194857 0.132154 0.007811 0.030054
1 0.208359 0.133131 0.009587 0.038856
