0 0.454071 0.115306 0.034128 0.09624
0 0.812754 0.268371 0.050628 0.135255
0 0.982731 0.415054 0.033758 0.125448
0 0.977463 0.462758 0.045905 0.153651
0 0.872696 0.524637 0.076314 0.245947
1 0.689907 0.69024 0.099573 0.153867
0 0.876136 0.306998 0.027058 0.122794
1 0.448025 0.173942 0.041715 0.037489
2 0.566159 0.375545 0.126503 0.083498
1 0.151315 0.154315 0.009421 0.039426
2 0.279658 0.124275 0.031662 0.030481
2 0.241265 0.123451 0.028968 0.029566
0 0.965902 0.510597 0.067414 0.16214
0 0.904221 0.400486 0.045185 0.146355
