0 0.508515 0.114908 0.028946 0.1249
0 0.810537 0.270001 0.046842 0.130194
0 0.982731 0.415054 0.033758 0.125448
0 0.977463 0.462758 0.045905 0.153651
0 0.872093 0.524532 0.077519 0.246155
1 0.701865 0.630668 0.099546 0.196013
0 0.840157 0.287628 0.024289 0.115759
1 0.503017 0.198607 0.038292 0.050977
2 0.349508 0.250415 0.064593 0.05822
1 0.124024 0.174037 0.014 0.046074
2 0.161823 0.154132 0.012352 0.040277
1 0.314782 0.1355 0.029458 0.032674
1 0.270669 0.128573 0.029478 0.028607
0 0.715604 0.194129 0.051111 0.148109
