0 0.570352 0.131244 0.033691 0.13791
0 0.800054 0.263037 0.047887 0.132993
0 0.98305 0.404339 0.034397 0.104019
0 0.977463 0.462758 0.045905 0.153651
0 0.853751 0.518246 0.098128 0.238652
2 0.149992 0.196598 0.036547 0.037283
1 0.785219 0.348266 0.045052 0.050956
1 0.578679 0.222634 0.027066 0.047509
2 0.240084 0.169652 0.039571 0.03494
2 0.14628 0.144162 0.00986 0.037751
2 0.197913 0.170326 0.03528 0.034738
2 0.435465 0.174788 0.051449 0.036984
2 0.36232 0.153217 0.035454 0.033479
0 0.592369 0.188012 0.044556 0.073352
