0 0.542367 0.123346 0.034477 0.140735
0 0.799442 0.260719 0.046663 0.130356
0 0.982558 0.408994 0.033936 0.107938
0 0.98454 0.450339 0.032335 0.135534
0 0.97016 0.498316 0.058899 0.172812
0 0.857943 0.518316 0.093589 0.241504
2 0.533737 0.44143 0.124563 0.12646
1 0.296184 0.154553 0.027433 0.024973
1 0.578368 0.225431 0.035301 0.049945
1 0.660104 0.419446 0.098643 0.096503
1 0.530044 0.289172 0.090365 0.079273
1 0.420132 0.235824 0.070775 0.05828
1 0.856101 0.442747 0.028946 0.086467
1 0.873563 0.44151 0.028391 0.087205
0 0.588234 0.187561 0.048735 0.072693
