0 0.541126 0.151653 0.03554 0.08465
0 0.798101 0.262189 0.045827 0.132641
0 0.978594 0.411007 0.041864 0.103913
0 0.980237 0.448659 0.041321 0.132174
0 0.969612 0.50247 0.055404 0.174833
0 0.855916 0.518107 0.091508 0.244438
2 0.107209 0.184525 0.030037 0.035431
2 0.406146 0.166495 0.035843 0.04271
1 0.593973 0.228102 0.033071 0.042363
1 0.186555 0.155412 0.030632 0.025979
2 0.233652 0.182316 0.046808 0.030888
1 0.80611 0.524584 0.064841 0.07121
1 0.62802 0.304535 0.093027 0.072487
2 0.784064 0.387937 0.11786 0.090076
0 0.615099 0.159114 0.032689 0.124212
