0 0.422127 0.095833 0.032762 0.118728
0 0.801917 0.265305 0.052094 0.138062
0 0.983625 0.412814 0.033758 0.125448
0 0.97803 0.462758 0.045905 0.153651
0 0.855595 0.520341 0.099546 0.255376
1 0.680444 0.681071 0.128528 0.15569
0 0.974276 0.430422 0.034165 0.120906
1 0.420035 0.170435 0.039466 0.041208
1 0.824093 0.537142 0.040323 0.100806
2 0.180486 0.163537 0.034135 0.036613
2 0.237356 0.193779 0.048455 0.034398
1 0.21955 0.125994 0.01379 0.046172
1 0.240721 0.131134 0.029719 0.02669
0 0.967099 0.525102 0.067414 0.19339
0 0.974181 0.480578 0.052923 0.14897
