0 0.564051 0.132344 0.031276 0.142204
0 0.799442 0.261718 0.046663 0.130356
0 0.98305 0.404339 0.034397 0.104019
0 0.977417 0.461282 0.044384 0.156602
0 0.373722 0.848243 0.127555 0.302126
0 0.85647 0.524034 0.094016 0.250229
1 0.105397 0.175601 0.010979 0.044317
1 0.620408 0.294339 0.038913 0.042659
1 0.584362 0.221281 0.033392 0.049283
1 0.307131 0.188606 0.054841 0.04295
1 0.153192 0.156571 0.012192 0.042903
2 0.167649 0.154343 0.01167 0.044908
2 0.61026 0.241218 0.064763 0.047492
1 0.440088 0.167192 0.055252 0.040713
0 0.594501 0.189692 0.040293 0.069991
