0 0.541126 0.151653 0.03554 0.08465
0 0.797779 0.264258 0.048925 0.136779
0 0.977648 0.411567 0.043755 0.102793
0 0.982379 0.449779 0.036911 0.134414
0 0.975283 0.49687 0.044063 0.186034
0 0.858149 0.517118 0.095973 0.24246
1 0.119099 0.20365 0.014491 0.058244
1 0.459636 0.182122 0.040909 0.046957
1 0.588773 0.233602 0.034652 0.044803
1 0.148162 0.154893 0.011516 0.042663
1 0.187677 0.149533 0.026611 0.027008
1 0.808027 0.51978 0.081275 0.086246
2 0.532699 0.255444 0.087576 0.072805
2 0.688949 0.337769 0.100176 0.080645
0 0.871705 0.273332 0.032044 0.162475
