0 0.964241 0.386372 0.039849 0.128635
0 0.973398 0.404353 0.037263 0.112249
0 0.915891 0.38337 0.043379 0.140904
0 0.915761 0.410757 0.043218 0.159574
0 0.903044 0.431333 0.053398 0.156837
0 0.980363 0.445557 0.041029 0.118688
0 0.96565 0.466521 0.066638 0.133102
0 0.965866 0.52117 0.067488 0.128492
0 0.954531 0.5576 0.090109 0.176191
0 0.93905 0.624129 0.089906 0.22511
0 0.18864 0.089933 0.010433 0.070738
2 0.841888 0.432239 0.037209 0.101204
2 0.340254 0.176027 0.047695 0.030158
2 0.542335 0.295669 0.090407 0.055292
2 0.758605 0.500943 0.098825 0.074163
2 0.439534 0.31279 0.108073 0.060184
2 0.3086 0.242053 0.068901 0.042949
2 0.20055 0.179413 0.045164 0.039568
1 0.621036 0.646954 0.187772 0.120149
2 0.309748 0.382136 0.076862 0.063593
2 0.20323 0.283559 0.056049 0.048459
2 0.13833 0.183634 0.026176 0.036512
2 0.06027 0.273879 0.028853 0.057445
0 0.912532 0.666837 0.123591 0.265255
