0 0.964755 0.384088 0.039849 0.128635
0 0.978181 0.407407 0.041787 0.110694
0 0.496649 0.114152 0.024649 0.135918
0 0.920421 0.408522 0.042397 0.162923
0 0.903044 0.431333 0.053398 0.156837
0 0.97859 0.438568 0.040733 0.105344
0 0.96629 0.506366 0.066638 0.133102
0 0.965866 0.52117 0.067488 0.128492
0 0.949391 0.545118 0.077267 0.171718
0 0.941384 0.595033 0.096766 0.221828
0 0.867622 0.286813 0.040662 0.138973
2 0.40577 0.194017 0.059925 0.040813
2 0.531484 0.23926 0.040885 0.06147
2 0.739361 0.503971 0.112572 0.082426
2 0.279619 0.222264 0.044547 0.035739
2 0.212506 0.18189 0.037025 0.031249
2 0.166593 0.153813 0.013796 0.034129
2 0.182634 0.169286 0.031066 0.026624
2 0.719371 0.642113 0.063363 0.157854
2 0.647819 0.731573 0.098236 0.137514
2 0.31326 0.360899 0.084644 0.098464
2 0.210885 0.209898 0.037806 0.065576
2 0.482673 0.817519 0.148515 0.276403
0 0.918948 0.651836 0.124872 0.236794
