0 0.964755 0.384088 0.039849 0.128635
0 0.978647 0.405057 0.040854 0.11084
0 0.496649 0.114152 0.024649 0.135918
0 0.91634 0.407831 0.042397 0.162923
0 0.903044 0.431333 0.053398 0.156837
0 0.976029 0.441983 0.040733 0.105344
0 0.96629 0.506366 0.066638 0.133102
0 0.965866 0.52117 0.067488 0.128492
0 0.954531 0.5576 0.090109 0.176191
0 0.940743 0.601863 0.096766 0.221828
0 0.86137 0.296373 0.04281 0.130358
2 0.446383 0.21158 0.049732 0.038512
2 0.490669 0.218637 0.040382 0.036524
2 0.730364 0.496166 0.077358 0.085503
2 0.327955 0.244437 0.051992 0.047958
2 0.263511 0.202802 0.045251 0.040745
2 0.173547 0.162619 0.033229 0.028942
2 0.19778 0.178514 0.034128 0.027671
1 0.727698 0.602747 0.046541 0.188778
1 0.715513 0.718225 0.063753 0.176887
2 0.447105 0.497393 0.105776 0.084824
2 0.188144 0.194982 0.042239 0.057567
1 0.461899 0.760692 0.083147 0.210097
0 0.918948 0.651836 0.124872 0.236794
