0 0.964241 0.386372 0.039849 0.128635
0 0.973398 0.404353 0.037263 0.112249
0 0.915891 0.38337 0.043379 0.140904
0 0.915761 0.410757 0.043218 0.159574
0 0.903044 0.431333 0.053398 0.156837
0 0.979723 0.447265 0.042309 0.115272
0 0.96629 0.471074 0.066638 0.133102
0 0.965866 0.52117 0.067488 0.128492
0 0.954531 0.5576 0.090109 0.176191
0 0.93905 0.624129 0.089906 0.22511
0 0.182703 0.091323 0.013018 0.071412
1 0.86599 0.386425 0.030872 0.103047
2 0.407799 0.191476 0.049146 0.033531
2 0.334895 0.190689 0.054161 0.04377
2 0.453725 0.264724 0.061393 0.054385
2 0.808362 0.542944 0.046663 0.073343
2 0.560584 0.390687 0.117855 0.081803
2 0.276015 0.22135 0.058066 0.043637
1 0.754577 0.614376 0.056262 0.180867
1 0.725992 0.681885 0.056894 0.171971
2 0.50071 0.520833 0.164644 0.148646
2 0.111057 0.182256 0.022428 0.034778
2 0.075022 0.306172 0.028475 0.041861
0 0.912532 0.666837 0.123591 0.265255
