0 0.964241 0.386372 0.039849 0.128635
0 0.973398 0.404353 0.037263 0.112249
0 0.920712 0.39595 0.03616 0.167366
0 0.915761 0.410757 0.043218 0.159574
0 0.903044 0.431333 0.053398 0.156837
0 0.979082 0.44385 0.04359 0.122103
0 0.96629 0.506366 0.066638 0.133102
0 0.965866 0.52117 0.067488 0.128492
0 0.954531 0.5576 0.090109 0.176191
0 0.941384 0.603002 0.096766 0.221828
0 0.628623 0.150115 0.034648 0.145623
2 0.202114 0.138932 0.01072 0.034554
2 0.752904 0.353675 0.029729 0.044862
2 0.206405 0.150292 0.030273 0.022934
2 0.355665 0.198328 0.05127 0.04503
2 0.394721 0.221632 0.048096 0.051042
2 0.74783 0.451931 0.103929 0.097821
2 0.507257 0.342567 0.079852 0.071926
2 0.14801 0.178565 0.033188 0.031522
2 0.177202 0.193966 0.032544 0.03527
2 0.205158 0.212444 0.040909 0.037222
2 0.142287 0.226617 0.032535 0.041399
2 0.44256 0.905666 0.169567 0.187279
0 0.918948 0.651836 0.124872 0.236794
