0 0.964241 0.386372 0.039849 0.128635
0 0.973398 0.404353 0.037263 0.112249
0 0.919989 0.3829 0.035184 0.141844
0 0.91783 0.410757 0.043218 0.159574
0 0.903044 0.431333 0.053398 0.156837
0 0.980511 0.452229 0.040733 0.105344
0 0.96629 0.479043 0.066638 0.133102
0 0.965866 0.52117 0.067488 0.128492
0 0.954531 0.5576 0.090109 0.176191
0 0.93905 0.624129 0.089906 0.22511
0 0.164119 0.098363 0.014212 0.074087
2 0.66989 0.31978 0.0797 0.047043
2 0.257192 0.136238 0.034236 0.025476
2 0.274299 0.213913 0.050029 0.032364
2 0.193124 0.171429 0.03125 0.028274
2 0.161413 0.155289 0.016612 0.029144
2 0.170915 0.145379 0.015866 0.020307
2 0.218909 0.158276 0.02609 0.021904
2 0.12252 0.177522 0.016513 0.023359
2 0.131458 0.160338 0.01598 0.024105
2 0.148194 0.174209 0.018724 0.024392
2 0.422457 0.343771 0.108581 0.100954
1 0.058966 0.197745 0.012277 0.029048
0 0.080842 0.767614 0.160973 0.463384
