0 0.96048 0.384299 0.04737 0.132782
0 0.973398 0.404353 0.037263 0.112249
0 0.920712 0.39595 0.03616 0.167366
0 0.915761 0.410757 0.043218 0.159574
0 0.903044 0.431333 0.053398 0.156837
0 0.980511 0.452229 0.040733 0.105344
0 0.96629 0.506366 0.066638 0.133102
0 0.965866 0.52117 0.067488 0.128492
0 0.954531 0.5576 0.090109 0.176191
0 0.941384 0.60414 0.096766 0.221828
0 0.615333 0.145202 0.026436 0.143098
1 0.203756 0.131196 0.012603 0.032861
2 0.775103 0.338578 0.041236 0.048223
2 0.231971 0.155794 0.03171 0.02733
2 0.424554 0.235871 0.052881 0.055118
2 0.503981 0.273605 0.077394 0.053111
1 0.831155 0.515179 0.043781 0.14652
2 0.661027 0.433083 0.109587 0.081751
2 0.17226 0.201094 0.036776 0.036245
2 0.203578 0.211226 0.042572 0.041316
2 0.243883 0.220536 0.037306 0.071417
2 0.127355 0.219754 0.028814 0.034684
1 0.405762 0.854688 0.118164 0.289236
0 0.918948 0.651836 0.124872 0.236794
