0 0.964241 0.386372 0.039849 0.128635
0 0.973398 0.404353 0.037263 0.112249
0 0.919989 0.3829 0.035184 0.141844
0 0.91783 0.410757 0.043218 0.159574
0 0.903044 0.431333 0.053398 0.156837
0 0.980043 0.446127 0.041669 0.117549
0 0.964369 0.482459 0.066638 0.133102
0 0.965866 0.52117 0.067488 0.128492
0 0.954531 0.5576 0.090109 0.176191
0 0.93905 0.624129 0.089906 0.22511
0 0.168298 0.09854 0.014212 0.074087
2 0.303307 0.158356 0.051007 0.02972
1 0.224266 0.133322 0.022717 0.025457
2 0.196649 0.146762 0.035794 0.026823
2 0.251064 0.166488 0.050884 0.035504
2 0.301992 0.187831 0.057728 0.040318
2 0.387358 0.220347 0.067074 0.051749
2 0.498259 0.310128 0.082091 0.084956
2 0.284432 0.265291 0.059179 0.067361
2 0.385849 0.321776 0.079919 0.10113
2 0.497877 0.47701 0.104348 0.090469
2 0.211298 0.297177 0.05391 0.056874
2 0.0882 0.237906 0.031022 0.054788
