0 0.964241 0.386372 0.039849 0.128635
0 0.978501 0.406269 0.042427 0.108417
0 0.600216 0.151022 0.046393 0.149628
0 0.920421 0.408522 0.042397 0.162923
0 0.903044 0.431333 0.053398 0.156837
0 0.980511 0.452229 0.040733 0.105344
0 0.96629 0.506366 0.066638 0.133102
0 0.965866 0.52117 0.067488 0.128492
0 0.951953 0.529749 0.084952 0.179687
0 0.941384 0.620078 0.096766 0.221828
0 0.935384 0.32611 0.031337 0.165543
2 0.258437 0.144332 0.034947 0.031802
2 0.519319 0.24419 0.050866 0.04604
2 0.304844 0.229278 0.040689 0.035744
2 0.17081 0.167199 0.026564 0.026123
2 0.160685 0.151524 0.013071 0.028813
2 0.211215 0.150784 0.029794 0.026957
2 0.172036 0.148461 0.011761 0.028176
2 0.268737 0.328911 0.04705 0.0494
2 0.184687 0.265713 0.038351 0.047756
2 0.12933 0.210557 0.026677 0.03421
2 0.47142 0.394519 0.088974 0.115617
1 0.451596 0.906099 0.085938 0.185386
0 0.918948 0.651836 0.124872 0.236794
