0 0.964241 0.386372 0.039849 0.128635
0 0.973398 0.404353 0.037263 0.112249
0 0.915891 0.38337 0.043379 0.140904
0 0.915761 0.410757 0.043218 0.159574
0 0.903044 0.431333 0.053398 0.156837
0 0.980363 0.448404 0.041029 0.112996
0 0.965009 0.476766 0.066638 0.133102
0 0.965866 0.52117 0.067488 0.128492
0 0.954531 0.5576 0.090109 0.176191
0 0.93905 0.624129 0.089906 0.22511
0 0.179684 0.092385 0.013018 0.071412
1 0.869338 0.383373 0.025772 0.102536
2 0.402374 0.190933 0.041827 0.030092
2 0.32615 0.191085 0.050824 0.039529
2 0.438388 0.252874 0.052797 0.048801
2 0.787011 0.512771 0.085606 0.106841
2 0.583555 0.405481 0.117486 0.080508
2 0.276015 0.218834 0.058066 0.043637
1 0.762319 0.616879 0.056262 0.180867
1 0.718224 0.685174 0.061167 0.169146
2 0.526577 0.558903 0.199739 0.141195
2 0.111057 0.182256 0.022428 0.034778
2 0.075059 0.31024 0.027269 0.04379
0 0.912532 0.666837 0.123591 0.265255
