0 0.964241 0.386372 0.039849 0.128635
0 0.976694 0.404083 0.030673 0.112789
0 0.919989 0.3829 0.035184 0.141844
0 0.91783 0.410757 0.043218 0.159574
0 0.903044 0.431333 0.053398 0.156837
0 0.980762 0.427619 0.037695 0.107263
0 0.966862 0.467485 0.065449 0.111755
0 0.954973 0.518978 0.089272 0.132878
0 0.953978 0.557507 0.091216 0.176376
0 0.9375 0.623148 0.093006 0.227072
0 0.168298 0.09854 0.014212 0.074087
2 0.224599 0.137885 0.027557 0.011518
1 0.205062 0.134579 0.007945 0.034866
2 0.286309 0.171795 0.040068 0.030052
2 0.413319 0.229795 0.054758 0.046285
2 0.559828 0.303599 0.082602 0.065641
1 0.823524 0.499575 0.040456 0.116127
1 0.822496 0.535739 0.042125 0.119251
1 0.730516 0.631775 0.109089 0.152439
1 0.721227 0.674119 0.068598 0.184621
1 0.566686 0.631278 0.203327 0.151739
2 0.125081 0.208883 0.027608 0.037747
2 0.092185 0.240436 0.039469 0.049281
