0 0.964241 0.386372 0.039849 0.128635
0 0.973398 0.404353 0.037263 0.112249
0 0.918738 0.36751 0.044317 0.193724
0 0.915356 0.385972 0.044027 0.209143
0 0.903044 0.431333 0.053398 0.156837
0 0.980511 0.452229 0.040733 0.105344
0 0.96629 0.506366 0.066638 0.133102
0 0.965866 0.52117 0.067488 0.128492
0 0.954531 0.5576 0.090109 0.176191
0 0.941384 0.620078 0.096766 0.221828
0 0.154256 0.102829 0.014673 0.074641
2 0.568594 0.233518 0.064912 0.056007
1 0.795219 0.418811 0.051448 0.089797
2 0.422042 0.296784 0.071894 0.058126
2 0.27917 0.211253 0.058397 0.042968
2 0.19517 0.170808 0.033888 0.035164
2 0.160191 0.15451 0.018768 0.035038
1 0.825557 0.538202 0.039715 0.14415
2 0.146483 0.229801 0.041373 0.037739
2 0.107701 0.202326 0.031358 0.035678
2 0.11724 0.175971 0.021569 0.03906
2 0.303028 0.290877 0.048843 0.07411
1 0.385639 0.908031 0.13341 0.182549
0 0.919387 0.653396 0.124872 0.236794
