0 0.964241 0.386372 0.039849 0.128635
0 0.97596 0.403215 0.037263 0.112249
0 0.919989 0.3829 0.035184 0.141844
0 0.91783 0.410757 0.043218 0.159574
0 0.903044 0.431333 0.053398 0.156837
0 0.978762 0.441004 0.04423 0.127795
0 0.96565 0.468797 0.066638 0.133102
0 0.965866 0.52117 0.067488 0.128492
0 0.954531 0.5576 0.090109 0.176191
0 0.93905 0.624129 0.089906 0.22511
0 0.158468 0.103387 0.014212 0.074087
2 0.461415 0.216805 0.055493 0.031289
2 0.226573 0.135144 0.020875 0.017763
2 0.181713 0.171175 0.027428 0.025004
2 0.159782 0.151058 0.014461 0.026789
2 0.201524 0.147212 0.030485 0.02121
2 0.240946 0.16074 0.036366 0.026506
2 0.295269 0.18191 0.0409 0.02919
2 0.154162 0.193709 0.02757 0.034051
2 0.183194 0.206451 0.027061 0.038906
2 0.222128 0.223012 0.043095 0.042292
2 0.644082 0.639442 0.212487 0.131705
2 0.068424 0.201811 0.015924 0.033749
