0 0.962722 0.384299 0.042887 0.132782
0 0.973398 0.404353 0.037263 0.112249
0 0.920712 0.39595 0.03616 0.167366
0 0.915761 0.410757 0.043218 0.159574
0 0.903044 0.431333 0.053398 0.156837
0 0.980043 0.445557 0.041669 0.118688
0 0.96629 0.506366 0.066638 0.133102
0 0.965866 0.52117 0.067488 0.128492
0 0.954531 0.5576 0.090109 0.176191
0 0.941384 0.620078 0.096766 0.221828
0 0.628623 0.150115 0.034648 0.145623
2 0.20674 0.136686 0.015872 0.032838
2 0.749588 0.360594 0.021594 0.079365
2 0.194369 0.145149 0.031787 0.02606
2 0.315501 0.186641 0.045599 0.040329
2 0.360965 0.213102 0.045953 0.045711
2 0.604369 0.35039 0.090361 0.076087
2 0.450057 0.309929 0.078832 0.064391
2 0.125521 0.178358 0.030325 0.029666
2 0.163234 0.185401 0.034325 0.035382
2 0.179454 0.211108 0.0336 0.035449
2 0.180875 0.254466 0.033869 0.051747
2 0.45022 0.898252 0.162673 0.194237
0 0.918948 0.651836 0.124872 0.236794
