0 0.964755 0.384088 0.039849 0.128635
0 0.978181 0.404561 0.043068 0.111832
0 0.583716 0.146882 0.036181 0.150029
0 0.920421 0.408522 0.042397 0.162923
0 0.903044 0.431333 0.053398 0.156837
0 0.979871 0.436291 0.040733 0.105344
0 0.96629 0.506366 0.066638 0.133102
0 0.965866 0.52117 0.067488 0.128492
0 0.951312 0.557641 0.083671 0.176272
0 0.941384 0.620078 0.096766 0.221828
0 0.951458 0.349293 0.031992 0.157523
2 0.270107 0.141159 0.036558 0.039016
2 0.519914 0.253933 0.028287 0.074816
2 0.320013 0.234738 0.042995 0.044803
2 0.176082 0.168935 0.026564 0.026123
2 0.163017 0.157743 0.013071 0.028813
2 0.21023 0.151148 0.031151 0.022958
2 0.170287 0.149515 0.011761 0.028176
2 0.293384 0.344438 0.052171 0.054379
2 0.19919 0.27831 0.035219 0.046274
2 0.141908 0.224333 0.025135 0.034078
2 0.455476 0.363403 0.100121 0.138889
1 0.454183 0.892448 0.099447 0.213715
0 0.918948 0.651836 0.124872 0.236794
