0 0.964755 0.384088 0.039849 0.128635
0 0.981383 0.387485 0.037945 0.141431
0 0.501977 0.116689 0.024649 0.135918
0 0.920421 0.408522 0.042397 0.162923
0 0.903044 0.431333 0.053398 0.156837
0 0.980511 0.452229 0.040733 0.105344
0 0.96629 0.506366 0.066638 0.133102
0 0.965866 0.52117 0.067488 0.128492
0 0.949071 0.540564 0.077908 0.183102
0 0.941384 0.620078 0.096766 0.221828
0 0.908844 0.325803 0.038981 0.126196
2 0.327074 0.168783 0.050743 0.025742
2 0.54887 0.245563 0.035609 0.052062
2 0.495449 0.335501 0.098865 0.074463
2 0.222103 0.191999 0.037327 0.027236
2 0.181853 0.169106 0.029001 0.02516
2 0.167589 0.153408 0.013796 0.034129
2 0.152408 0.159691 0.015282 0.034327
2 0.646996 0.663768 0.124393 0.171926
2 0.408034 0.474833 0.104173 0.104994
2 0.204914 0.288062 0.03786 0.042334
2 0.273729 0.25938 0.05597 0.062707
2 0.481013 0.88362 0.12313 0.231371
0 0.918948 0.651836 0.124872 0.236794
