0 0.964241 0.386372 0.039849 0.128635
0 0.97754 0.4057 0.041787 0.109555
0 0.74264 0.211187 0.057171 0.173742
0 0.920421 0.408522 0.042397 0.162923
0 0.903044 0.431333 0.053398 0.156837
0 0.980683 0.443281 0.040388 0.123242
0 0.96629 0.506366 0.066638 0.133102
0 0.965866 0.52117 0.067488 0.128492
0 0.955172 0.5428 0.090109 0.176191
0 0.941384 0.605279 0.096766 0.221828
0 0.886092 0.278527 0.03515 0.165505
2 0.243701 0.138526 0.033867 0.035823
2 0.558425 0.262639 0.050561 0.04615
2 0.262159 0.210062 0.042837 0.03638
2 0.164473 0.160522 0.012931 0.03077
2 0.171021 0.147439 0.013071 0.028813
2 0.232265 0.162585 0.036304 0.029326
2 0.18346 0.146897 0.011761 0.028176
2 0.198127 0.267603 0.041339 0.049266
2 0.145184 0.231657 0.035352 0.049598
2 0.117521 0.201631 0.024467 0.038105
2 0.699377 0.620441 0.102983 0.143799
1 0.42769 0.869634 0.067915 0.25726
0 0.918948 0.651836 0.124872 0.236794
