0 0.961761 0.386006 0.044808 0.129367
0 0.978181 0.404561 0.041787 0.111832
0 0.920712 0.39595 0.03616 0.167366
0 0.915761 0.410757 0.043218 0.159574
0 0.903044 0.431333 0.053398 0.156837
0 0.980363 0.444988 0.041029 0.119826
0 0.96629 0.506366 0.066638 0.133102
0 0.965866 0.52117 0.067488 0.128492
0 0.954531 0.5576 0.090109 0.176191
0 0.941384 0.620078 0.096766 0.221828
0 0.340534 0.079844 0.022549 0.090244
2 0.298397 0.138246 0.036398 0.027225
2 0.849499 0.395994 0.032965 0.080153
2 0.698939 0.400609 0.096386 0.095407
1 0.824837 0.536101 0.046406 0.121359
1 0.806682 0.556403 0.042772 0.132089
2 0.363081 0.263236 0.071782 0.056387
1 0.857275 0.493799 0.037057 0.108228
1 0.745185 0.623397 0.061253 0.196596
1 0.716539 0.693555 0.070056 0.188155
1 0.599288 0.650492 0.138449 0.158228
2 0.129193 0.168075 0.023511 0.031741
1 0.39202 0.876932 0.113549 0.241909
0 0.918948 0.651836 0.124872 0.236794
