0 0.964241 0.386372 0.039849 0.128635
0 0.973398 0.404353 0.037263 0.112249
0 0.920712 0.39595 0.03616 0.167366
0 0.915761 0.410757 0.043218 0.159574
0 0.903044 0.431333 0.053398 0.156837
0 0.981964 0.445557 0.037827 0.118688
0 0.96629 0.506366 0.066638 0.133102
0 0.965866 0.52117 0.067488 0.128492
0 0.954531 0.5576 0.090109 0.176191
0 0.941384 0.620078 0.096766 0.221828
0 0.22739 0.077591 0.012408 0.071208
2 0.422443 0.178452 0.049567 0.040399
2 0.839709 0.40566 0.029801 0.063815
1 0.809071 0.554318 0.040825 0.125664
2 0.584974 0.396881 0.102239 0.08055
2 0.341567 0.241491 0.058775 0.050377
2 0.201445 0.177636 0.047642 0.036876
1 0.845818 0.524858 0.037498 0.127454
2 0.413007 0.458586 0.124376 0.128813
2 0.241836 0.332752 0.071275 0.064411
2 0.168779 0.240432 0.045649 0.047947
2 0.203823 0.210565 0.055525 0.047123
1 0.377193 0.905494 0.152363 0.185171
0 0.919387 0.653396 0.124872 0.236794
