0 0.964755 0.384088 0.039849 0.128635
0 0.973398 0.404353 0.037263 0.112249
0 0.547817 0.132529 0.03278 0.14517
0 0.91634 0.407831 0.042397 0.162923
0 0.907654 0.439444 0.062107 0.167937
0 0.977309 0.435153 0.040733 0.105344
0 0.96629 0.506366 0.066638 0.133102
0 0.965866 0.52117 0.067488 0.128492
0 0.954531 0.541662 0.090109 0.176191
0 0.941384 0.603002 0.096766 0.221828
0 0.860529 0.292574 0.037872 0.130162
2 0.462318 0.245366 0.030474 0.066647
2 0.481312 0.233441 0.026649 0.069373
2 0.473826 0.260974 0.058717 0.053034
2 0.584266 0.396072 0.098008 0.063165
2 0.433187 0.293861 0.06482 0.050215
2 0.227912 0.194673 0.041246 0.032993
2 0.270234 0.218083 0.050668 0.040761
1 0.714909 0.610898 0.044404 0.192988
1 0.733812 0.681225 0.055152 0.182591
1 0.676798 0.670099 0.054862 0.178163
2 0.155008 0.190975 0.03689 0.030115
1 0.522882 0.89649 0.095136 0.204067
0 0.918948 0.651836 0.124872 0.236794
