0 0.961121 0.38316 0.046089 0.135059
0 0.97754 0.406269 0.041787 0.110694
0 0.920712 0.39595 0.03616 0.167366
0 0.915761 0.410757 0.043218 0.159574
0 0.903044 0.431333 0.053398 0.156837
0 0.980511 0.452229 0.040733 0.105344
0 0.96629 0.506366 0.066638 0.133102
0 0.965866 0.52117 0.067488 0.128492
0 0.954531 0.5576 0.090109 0.176191
0 0.941384 0.605279 0.096766 0.221828
0 0.628623 0.150115 0.034648 0.145623
1 0.223524 0.145105 0.015432 0.036437
2 0.685052 0.314957 0.03685 0.049516
2 0.168689 0.157375 0.016709 0.030119
2 0.254548 0.165809 0.045599 0.040329
2 0.278645 0.182325 0.04411 0.041818
2 0.413329 0.22831 0.06744 0.05264
2 0.32844 0.199148 0.052978 0.048578
2 0.107519 0.187019 0.017017 0.030253
2 0.114257 0.176177 0.01712 0.034369
2 0.145068 0.175493 0.029297 0.02992
2 0.219817 0.296432 0.052971 0.06247
2 0.476562 0.874653 0.134375 0.227083
0 0.918948 0.651836 0.124872 0.236794
