0 0.964241 0.386372 0.039849 0.128635
0 0.973398 0.404353 0.037263 0.112249
0 0.923989 0.3829 0.035184 0.141844
0 0.91783 0.410757 0.043218 0.159574
0 0.903044 0.431333 0.053398 0.156837
0 0.980043 0.446696 0.041669 0.116411
0 0.963729 0.468797 0.066638 0.133102
0 0.965866 0.52117 0.067488 0.128492
0 0.954531 0.5576 0.090109 0.176191
0 0.93905 0.624129 0.089906 0.22511
0 0.168298 0.09854 0.014212 0.074087
2 0.346822 0.174104 0.048685 0.03866
2 0.222743 0.137548 0.024231 0.016441
2 0.171741 0.14995 0.022023 0.025404
2 0.207501 0.152778 0.035773 0.026712
2 0.255814 0.165773 0.037696 0.028985
2 0.309603 0.183851 0.046988 0.035834
2 0.404729 0.220523 0.062586 0.059813
2 0.208231 0.214658 0.035081 0.046047
2 0.275357 0.250864 0.055552 0.062225
2 0.329585 0.310657 0.074419 0.074005
2 0.289699 0.355838 0.07754 0.115543
2 0.08552 0.240546 0.031359 0.059045
