0 0.964755 0.384088 0.039849 0.128635
0 0.977861 0.4057 0.041146 0.109555
0 0.496649 0.114152 0.024649 0.135918
0 0.920421 0.408522 0.042397 0.162923
0 0.903044 0.431333 0.053398 0.156837
0 0.980511 0.452229 0.040733 0.105344
0 0.96629 0.506366 0.066638 0.133102
0 0.965866 0.52117 0.067488 0.128492
0 0.950032 0.545118 0.08111 0.176272
0 0.941384 0.620078 0.096766 0.221828
0 0.876162 0.301867 0.042842 0.110953
2 0.374399 0.182952 0.04791 0.032938
2 0.542972 0.250371 0.03274 0.076485
2 0.675176 0.459295 0.110912 0.088563
2 0.268867 0.216897 0.044547 0.035739
2 0.208855 0.180267 0.037025 0.031249
2 0.166593 0.153813 0.013796 0.034129
2 0.173448 0.165411 0.015282 0.034327
1 0.716438 0.651721 0.064844 0.202448
1 0.610473 0.680249 0.150402 0.158629
2 0.295033 0.351959 0.059908 0.068512
2 0.215863 0.216384 0.03588 0.043519
2 0.476098 0.822332 0.12763 0.287404
0 0.918948 0.651836 0.124872 0.236794
