0 0.964241 0.386372 0.039849 0.128635
0 0.973398 0.404353 0.037263 0.112249
0 0.917379 0.371435 0.045676 0.195536
0 0.914337 0.393219 0.046065 0.19465
0 0.903044 0.431333 0.053398 0.156837
0 0.980511 0.452229 0.040733 0.105344
0 0.96629 0.49612 0.066638 0.133102
0 0.965866 0.52117 0.067488 0.128492
0 0.954531 0.5576 0.090109 0.176191
0 0.941384 0.620078 0.096766 0.221828
0 0.154256 0.102829 0.014673 0.074641
2 0.588609 0.246277 0.064912 0.056007
1 0.797058 0.425209 0.052145 0.106773
2 0.391009 0.283617 0.071894 0.058126
2 0.274183 0.20879 0.058397 0.042968
2 0.188265 0.169282 0.033888 0.035164
2 0.164193 0.152139 0.018768 0.035038
1 0.825557 0.538202 0.039715 0.14415
2 0.143049 0.227511 0.041373 0.037739
2 0.104325 0.195458 0.031307 0.043694
2 0.114299 0.173871 0.019295 0.037917
2 0.329061 0.310651 0.064113 0.082136
1 0.384467 0.908031 0.131066 0.182549
0 0.919387 0.653396 0.124872 0.236794
