0 0.960801 0.383729 0.046729 0.133921
0 0.973398 0.404353 0.037263 0.112249
0 0.920712 0.39595 0.03616 0.167366
0 0.915761 0.410757 0.043218 0.159574
0 0.903044 0.431333 0.053398 0.156837
0 0.980511 0.452229 0.040733 0.105344
0 0.96629 0.506366 0.066638 0.133102
0 0.965866 0.52117 0.067488 0.128492
0 0.954531 0.5576 0.090109 0.176191
0 0.941384 0.620078 0.096766 0.221828
0 0.349436 0.080165 0.019472 0.094605
2 0.290642 0.135692 0.036398 0.027225
2 0.84862 0.394564 0.043058 0.059186
2 0.621332 0.338241 0.075789 0.092037
1 0.820558 0.530037 0.047146 0.133467
1 0.809287 0.550071 0.043012 0.139696
2 0.39781 0.271705 0.069885 0.053711
1 0.848355 0.492124 0.037547 0.103834
1 0.746516 0.615505 0.061253 0.196596
1 0.723889 0.69163 0.070056 0.188155
1 0.655191 0.681432 0.106814 0.190171
2 0.124393 0.171149 0.020497 0.032998
1 0.389748 0.898033 0.109799 0.197137
0 0.918948 0.651836 0.124872 0.236794
