0 0.964241 0.386372 0.039849 0.128635
0 0.973398 0.404353 0.037263 0.112249
0 0.920712 0.39595 0.03616 0.167366
0 0.915761 0.410757 0.043218 0.159574
0 0.903044 0.431333 0.053398 0.156837
0 0.981644 0.444419 0.038467 0.120965
0 0.96629 0.506366 0.066638 0.133102
0 0.965866 0.52117 0.067488 0.128492
0 0.954531 0.5576 0.090109 0.176191
0 0.940743 0.600725 0.096766 0.221828
0 0.628623 0.150115 0.034648 0.145623
2 0.20674 0.136686 0.015872 0.032838
1 0.752365 0.332494 0.026633 0.117018
2 0.200122 0.146587 0.030273 0.022934
2 0.327991 0.191107 0.048401 0.036979
2 0.368914 0.214241 0.045953 0.045711
2 0.645324 0.383531 0.101526 0.091296
2 0.461369 0.321662 0.078832 0.064391
2 0.139846 0.18057 0.032819 0.034238
2 0.167055 0.186533 0.034325 0.035382
2 0.176994 0.201106 0.034326 0.052259
2 0.162451 0.243683 0.031601 0.043844
2 0.44256 0.905666 0.169567 0.187279
0 0.918948 0.651836 0.124872 0.236794
