0 0.964241 0.386372 0.039849 0.128635
0 0.973398 0.404353 0.037263 0.112249
0 0.919989 0.3829 0.035184 0.141844
0 0.91783 0.410757 0.043218 0.159574
0 0.903044 0.431333 0.053398 0.156837
0 0.981324 0.442711 0.039108 0.12438
0 0.964369 0.463105 0.066638 0.133102
0 0.965866 0.52117 0.067488 0.128492
0 0.954531 0.5576 0.090109 0.176191
0 0.93905 0.624129 0.089906 0.22511
0 0.168298 0.09854 0.014212 0.074087
2 0.306994 0.167824 0.051007 0.02972
1 0.227184 0.137311 0.018643 0.036616
2 0.182977 0.145184 0.035794 0.026823
2 0.225691 0.159847 0.046775 0.032476
2 0.279325 0.174538 0.047387 0.03725
2 0.343713 0.204156 0.055706 0.052682
2 0.458023 0.259392 0.073872 0.065445
2 0.250272 0.242724 0.0527 0.066333
2 0.345609 0.289898 0.063076 0.056169
2 0.397853 0.37258 0.076918 0.087361
2 0.240606 0.342944 0.061715 0.072211
2 0.080736 0.228584 0.022706 0.051254
