0 0.964241 0.386372 0.039849 0.128635
0 0.973398 0.404353 0.037263 0.112249
0 0.920712 0.39595 0.03616 0.167366
0 0.915761 0.410757 0.043218 0.159574
0 0.903044 0.431333 0.053398 0.156837
0 0.980511 0.452229 0.040733 0.105344
0 0.96629 0.506366 0.066638 0.133102
0 0.965866 0.52117 0.067488 0.128492
0 0.954531 0.5576 0.090109 0.176191
0 0.941384 0.620078 0.096766 0.221828
0 0.233277 0.078288 0.018109 0.071655
2 0.415855 0.174835 0.049567 0.040399
2 0.843512 0.397558 0.047216 0.070545
1 0.815372 0.538605 0.041899 0.135221
2 0.599373 0.404764 0.100897 0.082775
2 0.347293 0.244385 0.058775 0.050377
2 0.201445 0.177636 0.047642 0.036876
1 0.84934 0.522012 0.037498 0.127454
2 0.463976 0.518215 0.135074 0.12774
2 0.255382 0.333424 0.070225 0.082357
2 0.170813 0.244772 0.045649 0.047947
2 0.194706 0.211172 0.048413 0.053158
1 0.38131 0.902065 0.14413 0.192028
0 0.919387 0.653396 0.124872 0.236794
