0 0.964241 0.386372 0.039849 0.128635
0 0.978821 0.4057 0.040506 0.109555
0 0.920712 0.39595 0.03616 0.167366
0 0.915761 0.410757 0.043218 0.159574
0 0.903044 0.431333 0.053398 0.156837
0 0.980683 0.444419 0.040388 0.120965
0 0.96629 0.506366 0.066638 0.133102
0 0.965866 0.52117 0.067488 0.128492
0 0.954531 0.5576 0.090109 0.176191
0 0.941384 0.600725 0.096766 0.221828
0 0.333363 0.079683 0.019387 0.09265
2 0.301632 0.138688 0.036398 0.027225
2 0.856073 0.400132 0.036923 0.07209
2 0.739445 0.430396 0.099235 0.105392
1 0.824837 0.536101 0.046406 0.121359
1 0.80516 0.570272 0.046047 0.143488
2 0.344794 0.245485 0.069014 0.055581
1 0.857275 0.493799 0.037057 0.108228
1 0.746089 0.621093 0.062011 0.173299
1 0.715055 0.688281 0.070056 0.188155
2 0.579427 0.645978 0.155436 0.164931
2 0.133119 0.168424 0.023511 0.031741
1 0.392422 0.885503 0.119806 0.227604
0 0.918948 0.651836 0.124872 0.236794
