0 0.964241 0.386372 0.039849 0.128635
0 0.973398 0.404353 0.037263 0.112249
0 0.919989 0.3829 0.035184 0.141844
0 0.91783 0.410757 0.043218 0.159574
0 0.903044 0.431333 0.053398 0.156837
0 0.978442 0.446127 0.044871 0.117549
0 0.965009 0.476766 0.066638 0.133102
0 0.965866 0.52117 0.067488 0.128492
0 0.954531 0.5576 0.090109 0.176191
0 0.93905 0.624129 0.089906 0.22511
0 0.164119 0.098363 0.014212 0.074087
2 0.793908 0.392339 0.101511 0.066228
2 0.252315 0.142991 0.033994 0.017806
2 0.293013 0.225214 0.05366 0.047692
2 0.219317 0.179129 0.039302 0.026786
2 0.170147 0.16212 0.020197 0.021659
2 0.146628 0.154208 0.016946 0.019404
1 0.193869 0.156591 0.016673 0.028934
2 0.10831 0.195564 0.025504 0.026687
2 0.104727 0.174749 0.022782 0.020664
2 0.127012 0.166929 0.020497 0.025294
2 0.347352 0.291197 0.081714 0.061936
1 0.055875 0.202701 0.014918 0.035595
0 0.080834 0.770486 0.160988 0.457639
