0 0.222081 0.115943 0.01645 0.04782
0 0.196889 0.125183 0.02088 0.056423
0 0.16748 0.136388 0.014455 0.044075
0 0.148393 0.142825 0.015216 0.05006
0 0.125341 0.154472 0.015319 0.050785
0 0.12831 0.152742 0.008981 0.051333
0 0.077271 0.18875 0.01849 0.058393
0 0.076455 0.217769 0.018555 0.123658
1 0.237176 0.143049 0.00837 0.030592
1 0.128919 0.187915 0.009158 0.031856
2 0.188326 0.1675 0.01721 0.022372
2 0.210775 0.18804 0.023105 0.026189
1 0.171674 0.171108 0.007288 0.028415
1 0.126478 0.276347 0.024725 0.043955
1 0.106795 0.19904 0.010214 0.034193
