0 0.221997 0.11499 0.016281 0.045914
0 0.197717 0.127391 0.02088 0.056423
0 0.167649 0.136249 0.014118 0.044353
0 0.14786 0.141261 0.015074 0.055841
0 0.12489 0.153989 0.015617 0.053537
0 0.127758 0.153331 0.008981 0.051333
0 0.076872 0.188651 0.019287 0.058589
0 0.112194 0.310023 0.035639 0.227799
2 0.489519 0.274698 0.089098 0.060804
2 0.17036 0.230073 0.019191 0.042858
2 0.184056 0.300501 0.032582 0.055703
2 0.476997 0.465564 0.138616 0.115102
2 0.365782 0.371754 0.065224 0.062543
1 0.633023 0.568963 0.143983 0.091912
1 0.274656 0.415493 0.043183 0.086491
