0 0.22178 0.115209 0.015848 0.046353
0 0.197109 0.126555 0.019664 0.05475
0 0.167814 0.136843 0.013789 0.043163
0 0.148548 0.141261 0.015074 0.055841
0 0.1255 0.153408 0.018465 0.055708
0 0.12474 0.154341 0.01057 0.050604
0 0.076752 0.187946 0.019047 0.057179
0 0.092863 0.316212 0.030471 0.233307
2 0.368947 0.226921 0.079591 0.039351
2 0.301332 0.379223 0.060877 0.096183
2 0.342072 0.714712 0.127835 0.194651
2 0.154261 0.186489 0.019531 0.032376
1 0.17245 0.171302 0.011277 0.031717
2 0.198163 0.208488 0.032908 0.032206
1 0.325781 0.588252 0.090625 0.124421
