0 0.222081 0.115943 0.01645 0.04782
0 0.196889 0.125183 0.02088 0.056423
0 0.16748 0.136388 0.014455 0.044075
0 0.148546 0.143698 0.01491 0.048314
0 0.125341 0.154472 0.015319 0.050785
0 0.12831 0.152742 0.008981 0.051333
0 0.077271 0.18875 0.01849 0.058393
0 0.07858 0.224138 0.027193 0.12027
1 0.237176 0.143049 0.00837 0.030592
1 0.128772 0.187915 0.009158 0.031856
2 0.188473 0.170361 0.01721 0.022372
2 0.211799 0.18908 0.023105 0.026189
1 0.170942 0.171108 0.007288 0.028415
1 0.12403 0.281239 0.017927 0.045204
1 0.103869 0.201641 0.010214 0.034193
