0 0.222081 0.115943 0.01645 0.04782
0 0.196889 0.125183 0.02088 0.056423
0 0.16748 0.136388 0.014455 0.044075
0 0.173499 0.123712 0.014701 0.073342
0 0.125341 0.154472 0.015319 0.050785
0 0.12831 0.152742 0.008981 0.051333
0 0.077271 0.18875 0.01849 0.058393
0 0.086267 0.233189 0.031378 0.117259
1 0.237162 0.143677 0.00837 0.030592
1 0.130083 0.188368 0.010776 0.034487
2 0.199601 0.183753 0.020949 0.022583
2 0.221655 0.199111 0.027672 0.032334
1 0.169855 0.174328 0.012029 0.034075
1 0.125563 0.291138 0.01862 0.046525
