0 0.221997 0.11499 0.016281 0.045914
0 0.197717 0.127391 0.02088 0.056423
0 0.167649 0.136249 0.014118 0.044353
0 0.14786 0.141261 0.015074 0.055841
0 0.12504 0.155365 0.015319 0.050785
0 0.127758 0.153331 0.008981 0.051333
0 0.076872 0.188651 0.019287 0.058589
0 0.105045 0.285209 0.047856 0.207839
2 0.231989 0.157813 0.034656 0.026663
2 0.150022 0.20749 0.015304 0.028921
2 0.141255 0.23162 0.018014 0.032382
1 0.831347 0.688039 0.061772 0.148312
1 0.725926 0.747464 0.062058 0.192065
1 0.526649 0.440735 0.09274 0.094034
2 0.204064 0.388396 0.046533 0.08007
