0 0.221997 0.11499 0.016281 0.045914
0 0.196889 0.125183 0.02088 0.056423
0 0.16748 0.136388 0.014455 0.044075
0 0.14786 0.141261 0.015074 0.055841
0 0.125341 0.154472 0.015319 0.050785
0 0.127758 0.153331 0.008981 0.051333
0 0.076872 0.188651 0.019287 0.058589
0 0.092269 0.247249 0.025663 0.160085
1 0.232667 0.147219 0.008209 0.031337
1 0.133912 0.189306 0.010854 0.028823
1 0.117796 0.194732 0.00974 0.027204
1 0.810618 0.662513 0.086737 0.152465
2 0.645687 0.625631 0.167205 0.117973
2 0.272098 0.236099 0.022828 0.02554
1 0.15801 0.353526 0.046724 0.069424
