0 0.221887 0.115676 0.016939 0.046166
0 0.197958 0.123505 0.01938 0.052175
0 0.167497 0.136676 0.014423 0.043498
0 0.148689 0.141899 0.014791 0.054564
0 0.124929 0.154044 0.016996 0.053179
0 0.127143 0.14768 0.01234 0.039399
0 0.076744 0.189825 0.01903 0.060937
0 0.812814 0.762625 0.165819 0.477874
2 0.343208 0.214804 0.044067 0.035523
1 0.538893 0.953818 0.112217 0.094595
2 0.114433 0.272522 0.023274 0.040659
1 0.161215 0.175932 0.011233 0.032419
1 0.170057 0.182911 0.011203 0.034905
1 0.183057 0.169306 0.009188 0.031164
1 0.495604 0.714799 0.078684 0.165544
