0 0.221887 0.115676 0.016939 0.046166
0 0.197958 0.123505 0.01938 0.052175
0 0.167408 0.136397 0.0146 0.044056
0 0.148689 0.141899 0.014791 0.054564
0 0.124755 0.154495 0.017344 0.052277
0 0.127143 0.14768 0.01234 0.039399
0 0.076744 0.189825 0.01903 0.060937
0 0.751689 0.806306 0.172555 0.390479
2 0.317586 0.197313 0.050997 0.037909
1 0.541319 0.946614 0.138986 0.108451
2 0.122677 0.28533 0.028293 0.036724
2 0.161882 0.184367 0.011233 0.032419
2 0.173029 0.198883 0.011203 0.034905
1 0.179688 0.166329 0.009188 0.031164
1 0.483736 0.69804 0.083832 0.151382
