0 0.222524 0.11542 0.016513 0.046943
0 0.196723 0.126119 0.018398 0.055833
0 0.168496 0.136156 0.014195 0.043844
0 0.149661 0.145315 0.015812 0.05113
0 0.125944 0.1548 0.018245 0.055242
0 0.123686 0.148529 0.011508 0.037165
0 0.07737 0.189747 0.01995 0.059171
0 0.55209 0.89857 0.158504 0.206377
2 0.228726 0.149827 0.025792 0.017088
1 0.465897 0.920028 0.070603 0.162085
2 0.117046 0.293634 0.017596 0.040004
2 0.136659 0.20244 0.018555 0.02512
2 0.264038 0.21671 0.030213 0.037808
2 0.37539 0.268416 0.061719 0.047343
2 0.498809 0.433289 0.088864 0.100798
