0 0.222386 0.113869 0.016323 0.048424
0 0.198571 0.12548 0.022487 0.05759
0 0.167709 0.135596 0.014195 0.043844
0 0.148466 0.142632 0.015567 0.053099
0 0.12532 0.153888 0.015073 0.054748
0 0.121919 0.149475 0.010529 0.036815
0 0.077266 0.191302 0.020157 0.056061
0 0.270793 0.818371 0.196032 0.367155
2 0.324101 0.186309 0.061531 0.04405
1 0.174132 0.452379 0.029555 0.100858
1 0.087807 0.204136 0.012935 0.029002
1 0.185461 0.162247 0.01035 0.030045
2 0.174093 0.177773 0.009541 0.029739
2 0.231419 0.201509 0.025347 0.035759
1 0.53028 0.891248 0.126064 0.195958
