0 0.221997 0.11499 0.016281 0.045914
0 0.196889 0.125183 0.02088 0.056423
0 0.16748 0.136388 0.014455 0.044075
0 0.14786 0.141261 0.015074 0.055841
0 0.125341 0.154472 0.015319 0.050785
0 0.12831 0.152742 0.008981 0.051333
0 0.076872 0.188651 0.019287 0.058589
0 0.091079 0.24564 0.018138 0.162583
1 0.231975 0.147569 0.009968 0.028576
1 0.131297 0.19097 0.012639 0.033929
1 0.11683 0.191844 0.009298 0.028243
1 0.671926 0.525582 0.148266 0.15254
2 0.786819 0.700471 0.078249 0.158118
2 0.24506 0.214541 0.026717 0.022785
1 0.17606 0.333232 0.042806 0.056538
