0 0.22178 0.115209 0.015848 0.046353
0 0.197109 0.126555 0.019664 0.05475
0 0.167814 0.136843 0.013789 0.043163
0 0.148548 0.141261 0.015074 0.055841
0 0.1255 0.153408 0.018465 0.055708
0 0.125661 0.155207 0.011198 0.049749
0 0.076752 0.187946 0.019047 0.057179
0 0.095735 0.322285 0.039994 0.237935
2 0.245558 0.161673 0.041634 0.024662
2 0.459648 0.561428 0.119252 0.167065
1 0.207398 0.447872 0.060935 0.087799
2 0.155275 0.188004 0.008693 0.028228
1 0.168704 0.177093 0.011277 0.031717
2 0.191603 0.186688 0.023272 0.020079
1 0.391224 0.579231 0.060033 0.086763
