0 0.221997 0.11499 0.016281 0.045914
0 0.197717 0.127391 0.02088 0.056423
0 0.167649 0.136249 0.014118 0.044353
0 0.14786 0.141261 0.015074 0.055841
0 0.12489 0.153989 0.015617 0.053537
0 0.127211 0.153921 0.008981 0.051333
0 0.076872 0.188651 0.019287 0.058589
0 0.119667 0.310472 0.049128 0.2281
2 0.7329 0.415731 0.140446 0.110983
2 0.181971 0.246525 0.025459 0.047668
2 0.202102 0.363479 0.034239 0.071652
1 0.347266 0.355745 0.072635 0.056179
2 0.308461 0.301124 0.054504 0.036511
2 0.482964 0.452168 0.118571 0.085248
1 0.283374 0.41299 0.03648 0.089321
