0 0.222081 0.115943 0.01645 0.04782
0 0.196889 0.125183 0.02088 0.056423
0 0.16748 0.136388 0.014455 0.044075
0 0.148787 0.144642 0.014427 0.046426
0 0.125341 0.154472 0.015319 0.050785
0 0.12831 0.152742 0.008981 0.051333
0 0.077271 0.18875 0.01849 0.058393
0 0.076232 0.21595 0.019694 0.126799
1 0.238944 0.141478 0.00837 0.030592
1 0.128919 0.187915 0.009158 0.031856
2 0.186068 0.168576 0.017782 0.021068
2 0.210241 0.187067 0.023876 0.021793
2 0.173222 0.17517 0.010598 0.027363
1 0.1285 0.273704 0.01909 0.043047
1 0.108544 0.198695 0.010214 0.034193
