0 0.221997 0.11499 0.016281 0.045914
0 0.197717 0.127391 0.02088 0.056423
0 0.167649 0.136249 0.014118 0.044353
0 0.14786 0.141261 0.015074 0.055841
0 0.12489 0.153989 0.015617 0.053537
0 0.126877 0.154218 0.008981 0.051333
0 0.076872 0.188651 0.019287 0.058589
0 0.103412 0.318361 0.047596 0.235903
2 0.872432 0.527896 0.091073 0.092934
2 0.181236 0.247957 0.025459 0.047668
1 0.206092 0.389515 0.036104 0.081861
1 0.321415 0.3292 0.060998 0.07108
2 0.276432 0.280193 0.03499 0.042013
1 0.443484 0.417203 0.106135 0.082762
1 0.275868 0.421641 0.041641 0.085951
