0 0.221997 0.11499 0.016281 0.045914
0 0.197717 0.127391 0.02088 0.056423
0 0.167649 0.136249 0.014118 0.044353
0 0.148548 0.141261 0.015074 0.055841
0 0.124612 0.153349 0.016174 0.054816
0 0.127232 0.15536 0.01029 0.051816
0 0.076752 0.187946 0.019047 0.057179
0 0.115017 0.359311 0.04022 0.274177
2 0.56885 0.318572 0.089312 0.063668
2 0.242784 0.316189 0.040157 0.062066
1 0.525635 0.933663 0.097091 0.135117
2 0.178431 0.208382 0.027736 0.022325
2 0.167725 0.173894 0.023006 0.023001
2 0.22901 0.241389 0.039646 0.04035
1 0.330596 0.558402 0.053629 0.114899
