0 0.221997 0.11499 0.016281 0.045914
0 0.196889 0.125183 0.02088 0.056423
0 0.16748 0.136388 0.014455 0.044075
0 0.141756 0.137946 0.012019 0.068502
0 0.125341 0.154472 0.015319 0.050785
0 0.12831 0.152742 0.008981 0.051333
0 0.076872 0.188651 0.019287 0.058589
0 0.081747 0.241428 0.02113 0.154927
1 0.231054 0.14707 0.008974 0.027861
1 0.126432 0.191772 0.011581 0.036293
1 0.36116 0.276116 0.057797 0.061025
2 0.414338 0.341787 0.068125 0.066593
2 0.193218 0.190276 0.021109 0.021002
1 0.216429 0.303402 0.02381 0.055051
1 0.088387 0.20853 0.010814 0.034918
