0 0.221997 0.11499 0.016281 0.045914
0 0.197717 0.127391 0.02088 0.056423
0 0.167649 0.136249 0.014118 0.044353
0 0.14786 0.141261 0.015074 0.055841
0 0.12504 0.155365 0.015319 0.050785
0 0.127758 0.153331 0.008981 0.051333
0 0.076872 0.188651 0.019287 0.058589
0 0.103915 0.28413 0.036615 0.207666
2 0.232502 0.161 0.036512 0.028739
2 0.153662 0.210062 0.017315 0.031854
2 0.143462 0.233156 0.017892 0.027767
1 0.826267 0.689446 0.057943 0.147253
1 0.722513 0.739485 0.063353 0.181937
2 0.519438 0.452114 0.116048 0.09289
1 0.20769 0.389809 0.051236 0.083314
