0 0.221997 0.11499 0.016281 0.045914
0 0.196889 0.125183 0.02088 0.056423
0 0.16748 0.136388 0.014455 0.044075
0 0.14786 0.141261 0.015074 0.055841
0 0.125341 0.154472 0.015319 0.050785
0 0.127758 0.153331 0.008981 0.051333
0 0.076872 0.188651 0.019287 0.058589
0 0.080967 0.264425 0.021813 0.172579
1 0.22169 0.14861 0.009544 0.029236
2 0.140214 0.193877 0.013837 0.023091
2 0.119674 0.210593 0.017521 0.027971
1 0.821334 0.664654 0.055498 0.136927
1 0.691494 0.738454 0.139002 0.225768
2 0.339453 0.289663 0.047218 0.061607
1 0.184318 0.370985 0.02941 0.060114
