0 0.222386 0.113869 0.016323 0.048424
0 0.196711 0.126092 0.018422 0.055887
0 0.167709 0.135596 0.014195 0.043844
0 0.148466 0.142632 0.015567 0.053099
0 0.124934 0.150911 0.017008 0.055145
0 0.122397 0.150729 0.010529 0.036815
0 0.077287 0.189345 0.020116 0.059976
0 0.472711 0.815799 0.248505 0.370418
2 0.585543 0.33923 0.094106 0.072568
1 0.241564 0.603299 0.073563 0.173327
1 0.10096 0.205712 0.012455 0.033528
1 0.177284 0.172388 0.008864 0.02859
2 0.172892 0.18129 0.009541 0.029739
2 0.192762 0.188633 0.020892 0.030237
1 0.523322 0.838895 0.127575 0.113443
