0 0.221997 0.11499 0.016281 0.045914
0 0.197717 0.127391 0.02088 0.056423
0 0.167649 0.136249 0.014118 0.044353
0 0.14786 0.141261 0.015074 0.055841
0 0.12489 0.153989 0.015617 0.053537
0 0.126943 0.153921 0.008981 0.051333
0 0.076872 0.188651 0.019287 0.058589
0 0.100759 0.328489 0.043651 0.24854
1 0.884152 0.519445 0.049512 0.116609
2 0.183017 0.251313 0.023425 0.040492
1 0.202604 0.417728 0.039128 0.08642
2 0.29802 0.318195 0.073866 0.035089
2 0.254487 0.257204 0.052424 0.035461
2 0.403522 0.396617 0.105849 0.05869
1 0.271785 0.414769 0.030373 0.088005
