0 0.22178 0.115209 0.015848 0.046353
0 0.198101 0.124792 0.019664 0.05475
0 0.167814 0.136843 0.013789 0.043163
0 0.148689 0.141899 0.014791 0.054564
0 0.124564 0.155443 0.01733 0.052144
0 0.126936 0.148111 0.012755 0.038537
0 0.076744 0.189825 0.01903 0.060937
0 0.189777 0.76688 0.168913 0.468359
2 0.249072 0.171599 0.03193 0.033643
1 0.591653 0.917452 0.106539 0.163708
2 0.130805 0.316761 0.030571 0.048561
1 0.155645 0.17415 0.009987 0.031748
1 0.170511 0.178701 0.011203 0.034905
1 0.17982 0.167148 0.009188 0.031164
1 0.451903 0.644192 0.049594 0.137472
