0 0.221997 0.11499 0.016281 0.045914
0 0.196889 0.125183 0.02088 0.056423
0 0.16748 0.136388 0.014455 0.044075
0 0.128755 0.145808 0.014566 0.064935
0 0.125341 0.154472 0.015319 0.050785
0 0.12831 0.152742 0.008981 0.051333
0 0.076872 0.188651 0.019287 0.058589
0 0.084748 0.238297 0.022744 0.152306
1 0.23874 0.142076 0.008974 0.027861
1 0.12788 0.19152 0.011581 0.036293
2 0.346473 0.25346 0.056018 0.062099
2 0.376702 0.312736 0.058252 0.064956
2 0.192396 0.190895 0.023041 0.02601
1 0.201575 0.300201 0.029323 0.053206
1 0.09217 0.208231 0.010769 0.040916
