0 0.222524 0.11542 0.016513 0.046943
0 0.196723 0.126119 0.018398 0.055833
0 0.168496 0.136156 0.014195 0.043844
0 0.149661 0.145315 0.015812 0.05113
0 0.126151 0.154857 0.01628 0.054379
0 0.123686 0.148529 0.011508 0.037165
0 0.07737 0.189747 0.01995 0.059171
0 0.554185 0.897698 0.154313 0.20812
2 0.230006 0.150497 0.030115 0.018243
1 0.458329 0.917358 0.064844 0.16581
1 0.115587 0.299029 0.015155 0.029599
2 0.135475 0.20244 0.018555 0.02512
2 0.2648 0.223824 0.030213 0.037808
2 0.377002 0.27234 0.064469 0.048457
1 0.509304 0.438961 0.091686 0.100836
