0 0.221997 0.11499 0.016281 0.045914
0 0.197717 0.127391 0.02088 0.056423
0 0.167649 0.136249 0.014118 0.044353
0 0.14786 0.141261 0.015074 0.055841
0 0.12489 0.153989 0.015617 0.053537
0 0.127758 0.153331 0.008981 0.051333
0 0.076872 0.188651 0.019287 0.058589
0 0.110524 0.310376 0.030743 0.228505
2 0.566486 0.318433 0.095521 0.073965
2 0.177777 0.241712 0.025459 0.047668
2 0.184742 0.322799 0.027822 0.055242
1 0.418871 0.41561 0.094903 0.087643
2 0.32598 0.338233 0.058826 0.048725
1 0.566829 0.516928 0.129183 0.098523
1 0.287571 0.412199 0.038551 0.079293
