0 0.221997 0.11499 0.016281 0.045914
0 0.196889 0.125183 0.02088 0.056423
0 0.16748 0.136388 0.014455 0.044075
0 0.14786 0.141261 0.015074 0.055841
0 0.125341 0.154472 0.015319 0.050785
0 0.127758 0.153331 0.008981 0.051333
0 0.076872 0.188651 0.019287 0.058589
0 0.089141 0.262795 0.031678 0.172939
1 0.226592 0.146792 0.009544 0.029236
2 0.135336 0.190844 0.014898 0.01981
2 0.120523 0.200675 0.014799 0.022008
1 0.817292 0.677262 0.066447 0.157503
2 0.657802 0.665516 0.111586 0.150926
2 0.308258 0.26051 0.038219 0.038162
1 0.165964 0.35444 0.047494 0.054498
