0 0.221887 0.115676 0.016939 0.046166
0 0.19745 0.123848 0.020396 0.051489
0 0.167452 0.136033 0.015046 0.045394
0 0.148689 0.141899 0.014791 0.054564
0 0.125584 0.152873 0.016586 0.054787
0 0.126891 0.152277 0.010928 0.043776
0 0.076744 0.189825 0.01903 0.060937
0 0.77032 0.700418 0.142935 0.553093
2 0.419767 0.254855 0.071225 0.050505
1 0.485798 0.951538 0.140123 0.095536
2 0.119363 0.246902 0.019246 0.037687
1 0.159725 0.175988 0.009513 0.030634
2 0.17483 0.18146 0.011203 0.034905
2 0.187544 0.173644 0.010349 0.031016
1 0.552032 0.827825 0.072525 0.195403
