0 0.221997 0.11499 0.016281 0.045914
0 0.196889 0.125183 0.02088 0.056423
0 0.16748 0.136388 0.014455 0.044075
0 0.122397 0.164055 0.015083 0.039276
0 0.125341 0.154472 0.015319 0.050785
0 0.12831 0.152742 0.008981 0.051333
0 0.077271 0.18875 0.01849 0.058393
0 0.080506 0.231703 0.024226 0.131115
1 0.241479 0.144064 0.011776 0.030671
1 0.127409 0.190142 0.010776 0.034487
2 0.256785 0.209739 0.024455 0.028112
2 0.291626 0.2481 0.038696 0.039823
2 0.181914 0.174021 0.021494 0.020234
1 0.156957 0.299774 0.018736 0.047134
1 0.088622 0.209076 0.012156 0.037308
