0 0.221997 0.11499 0.016281 0.045914
0 0.197717 0.127391 0.02088 0.056423
0 0.167649 0.136249 0.014118 0.044353
0 0.14786 0.141261 0.015074 0.055841
0 0.12489 0.153989 0.015617 0.053537
0 0.127758 0.153331 0.008981 0.051333
0 0.076872 0.188651 0.019287 0.058589
0 0.113124 0.310636 0.039587 0.232569
1 0.47489 0.26378 0.082632 0.063579
2 0.169866 0.229606 0.019191 0.042858
1 0.185101 0.294242 0.032582 0.055703
2 0.520833 0.490461 0.13645 0.113154
2 0.373857 0.376377 0.077403 0.077608
2 0.656633 0.585808 0.130991 0.114671
1 0.277296 0.413379 0.045829 0.078361
