0 0.221997 0.11499 0.016281 0.045914
0 0.197717 0.127391 0.02088 0.056423
0 0.167649 0.136249 0.014118 0.044353
0 0.14786 0.141261 0.015074 0.055841
0 0.12489 0.153989 0.015617 0.053537
0 0.125612 0.153496 0.008981 0.051333
0 0.076872 0.188651 0.019287 0.058589
0 0.114874 0.359265 0.039348 0.272755
2 0.85622 0.488124 0.149166 0.082409
2 0.210054 0.277482 0.027724 0.044612
1 0.421876 0.749475 0.151382 0.209839
1 0.206319 0.240719 0.030052 0.026478
2 0.192864 0.193905 0.024719 0.024224
2 0.286555 0.295648 0.051891 0.036275
1 0.275359 0.514769 0.072185 0.125383
