0 0.221344 0.11216 0.017066 0.049609
0 0.196947 0.126779 0.017949 0.054513
0 0.167709 0.135596 0.014195 0.043844
0 0.149133 0.14448 0.014897 0.050416
0 0.123329 0.153742 0.01758 0.053247
0 0.120763 0.148323 0.01098 0.038962
0 0.077207 0.188938 0.020275 0.060789
0 0.574722 0.888364 0.180266 0.225294
1 0.223203 0.150528 0.009193 0.029806
1 0.525529 0.960764 0.060459 0.081116
2 0.119004 0.317149 0.020347 0.046956
2 0.134369 0.191786 0.018555 0.02512
2 0.209009 0.188047 0.020293 0.02531
2 0.276458 0.221994 0.04143 0.031177
2 0.3726 0.324486 0.068342 0.058695
