0 0.221983 0.114195 0.017129 0.047774
0 0.196752 0.127445 0.018339 0.053181
0 0.167709 0.135596 0.014195 0.043844
0 0.148628 0.144017 0.015906 0.051342
0 0.126386 0.153086 0.017205 0.053145
0 0.121919 0.149475 0.010529 0.036815
0 0.077207 0.188938 0.020275 0.060789
0 0.644421 0.809657 0.121216 0.382769
1 0.22442 0.151664 0.009439 0.024282
1 0.484943 0.87021 0.076604 0.181733
2 0.138823 0.37441 0.025966 0.072037
1 0.119254 0.189094 0.014517 0.020058
1 0.17885 0.165169 0.01035 0.030045
2 0.197676 0.163484 0.020474 0.021745
2 0.279886 0.232933 0.030329 0.042317
