0 0.221997 0.11499 0.016281 0.045914
0 0.196889 0.125183 0.02088 0.056423
0 0.16748 0.136388 0.014455 0.044075
0 0.14786 0.141261 0.015074 0.055841
0 0.125341 0.154472 0.015319 0.050785
0 0.127758 0.153331 0.008981 0.051333
0 0.076872 0.188651 0.019287 0.058589
0 0.088538 0.25158 0.026989 0.167757
1 0.231065 0.144515 0.006927 0.02593
2 0.135608 0.188356 0.013294 0.025737
2 0.121007 0.195798 0.014814 0.021243
1 0.822848 0.650415 0.070415 0.134981
1 0.634827 0.598637 0.088229 0.151043
2 0.279884 0.241416 0.032786 0.036294
1 0.155356 0.357448 0.028256 0.051648
