0 0.221339 0.114869 0.018037 0.04778
0 0.196846 0.12427 0.019117 0.054958
0 0.167649 0.135301 0.015441 0.04393
0 0.148689 0.141899 0.014791 0.054564
0 0.125502 0.152982 0.017713 0.055004
0 0.123316 0.151017 0.01104 0.038226
0 0.076744 0.189825 0.01903 0.060937
0 0.76503 0.708462 0.134305 0.567007
2 0.539034 0.302393 0.096248 0.086766
1 0.481179 0.95131 0.098544 0.095486
2 0.112662 0.236086 0.015722 0.030433
1 0.157623 0.178351 0.012455 0.031685
1 0.173695 0.177766 0.011185 0.037393
2 0.190062 0.172067 0.010724 0.02955
1 0.588063 0.867034 0.092985 0.182284
