0 0.221997 0.11499 0.016281 0.045914
0 0.196889 0.125183 0.02088 0.056423
0 0.16748 0.136388 0.014455 0.044075
0 0.14786 0.141261 0.015074 0.055841
0 0.125341 0.154472 0.015319 0.050785
0 0.12831 0.152742 0.008981 0.051333
0 0.076872 0.188651 0.019287 0.058589
0 0.087486 0.244126 0.041135 0.16266
1 0.230725 0.147137 0.008315 0.027996
1 0.128671 0.188442 0.011581 0.036293
2 0.410707 0.303281 0.074451 0.077902
2 0.52168 0.441923 0.099979 0.104178
2 0.202075 0.196418 0.025666 0.022463
1 0.216511 0.324604 0.028353 0.061921
