0 0.057643 0.460644 0.101333 0.236834
0 0.929825 0.675075 0.10314 0.18765
0 0.947354 0.575888 0.073902 0.167042
0 0.981387 0.521817 0.039062 0.114548
0 0.976764 0.490049 0.032619 0.119559
0 0.965569 0.456171 0.042571 0.103959
0 0.906894 0.414877 0.052352 0.129582
0 0.916358 0.399842 0.055976 0.12815
0 0.92119 0.364404 0.028592 0.118843
0 0.979915 0.397492 0.028277 0.09743
0 0.966797 0.379612 0.035856 0.134225
1 0.429938 0.946783 0.121374 0.105045
1 0.653741 0.507565 0.054306 0.12421
1 0.722129 0.626605 0.064547 0.126592
1 0.649496 0.601818 0.063773 0.119739
1 0.258 0.288382 0.043039 0.040336
2 0.427783 0.217586 0.050741 0.05799
2 0.84808 0.479611 0.024944 0.061914
1 0.828969 0.489676 0.027631 0.075264
2 0.356798 0.252005 0.071682 0.040092
2 0.179407 0.145486 0.030901 0.028653
2 0.412306 0.169535 0.051677 0.023187
1 0.861689 0.374907 0.028712 0.051028
0 0.615406 0.807219 0.195751 0.384174
0 0.991416 0.431637 0.01614 0.092315
