0 0.095691 0.576524 0.113812 0.452869
0 0.918637 0.653069 0.122858 0.260977
0 0.946947 0.608433 0.075058 0.191199
0 0.981463 0.525949 0.039062 0.114548
0 0.976764 0.490049 0.032619 0.119559
0 0.975161 0.441108 0.030553 0.055854
0 0.906137 0.440743 0.050837 0.181315
0 0.919856 0.398547 0.048981 0.13074
0 0.979915 0.397492 0.028277 0.09743
0 0.966797 0.379612 0.035856 0.134225
1 0.406225 0.87519 0.092238 0.24823
2 0.123671 0.167608 0.022973 0.030815
2 0.142142 0.177896 0.019795 0.020124
2 0.10131 0.174507 0.022177 0.024642
2 0.190678 0.203824 0.037372 0.047988
2 0.603195 0.337834 0.097156 0.074955
2 0.624342 0.405353 0.110165 0.046036
2 0.288788 0.166974 0.038095 0.040856
2 0.298585 0.219394 0.068948 0.043298
2 0.345665 0.165986 0.050542 0.032431
2 0.5459 0.220535 0.06603 0.044261
0 0.569368 0.12722 0.035459 0.143419
2 0.227091 0.182288 0.035555 0.024712
0 0.988943 0.426533 0.019638 0.078931
