0 0.057643 0.460644 0.101333 0.236834
0 0.929825 0.675075 0.10314 0.18765
0 0.947354 0.575888 0.073902 0.167042
0 0.97947 0.523002 0.037463 0.097082
0 0.976764 0.490049 0.032619 0.119559
0 0.96345 0.460753 0.036724 0.112153
0 0.906894 0.414877 0.052352 0.129582
0 0.916358 0.399842 0.055976 0.12815
0 0.92119 0.364404 0.028592 0.118843
0 0.979915 0.397492 0.028277 0.09743
0 0.966797 0.379612 0.035856 0.134225
1 0.429938 0.946783 0.121374 0.105045
1 0.653741 0.507565 0.054306 0.12421
1 0.722129 0.626605 0.064547 0.126592
1 0.649496 0.601818 0.063773 0.119739
1 0.257442 0.292146 0.044114 0.053879
2 0.414926 0.218696 0.051443 0.053216
2 0.8455 0.476335 0.024944 0.061914
1 0.829397 0.491997 0.026775 0.070623
2 0.36405 0.235656 0.058274 0.075137
2 0.181241 0.145145 0.030901 0.028653
2 0.407228 0.166062 0.051677 0.023187
2 0.861689 0.374907 0.028712 0.051028
0 0.635641 0.776624 0.198248 0.445363
0 0.991176 0.430156 0.016862 0.08793
