0 0.038378 0.390049 0.052478 0.314347
0 0.924307 0.652509 0.130418 0.262097
0 0.937811 0.618513 0.103409 0.224802
0 0.981463 0.525949 0.039062 0.114548
0 0.976764 0.490049 0.032619 0.119559
0 0.975161 0.441108 0.030553 0.055854
0 0.906137 0.440743 0.050837 0.181315
0 0.919856 0.398547 0.048981 0.13074
0 0.979915 0.397492 0.028277 0.09743
0 0.966797 0.379612 0.035856 0.134225
2 0.207622 0.651503 0.100855 0.196026
2 0.262909 0.235025 0.04992 0.056086
2 0.31567 0.293929 0.069765 0.08743
2 0.187644 0.201453 0.045313 0.04537
1 0.485532 0.428595 0.099787 0.104256
2 0.463417 0.316486 0.083238 0.066104
2 0.294115 0.212677 0.04612 0.042128
2 0.527382 0.295873 0.05454 0.058307
2 0.194524 0.167768 0.023798 0.024856
2 0.293964 0.148415 0.050542 0.032431
2 0.81373 0.362958 0.072338 0.06773
0 0.56305 0.127488 0.03514 0.145025
2 0.15381 0.146974 0.018332 0.01767
0 0.988943 0.426533 0.019638 0.078931
