0 0.046507 0.464886 0.079062 0.245318
0 0.931237 0.66147 0.103957 0.208333
0 0.947354 0.575888 0.073902 0.167042
0 0.981274 0.523709 0.039062 0.114548
0 0.976764 0.490049 0.032619 0.119559
0 0.971272 0.462584 0.056489 0.111488
0 0.906894 0.414877 0.052352 0.129582
0 0.920308 0.397483 0.048076 0.132869
0 0.920289 0.369037 0.030396 0.109579
0 0.979915 0.397492 0.028277 0.09743
0 0.966797 0.379612 0.035856 0.134225
1 0.428418 0.953013 0.132549 0.097534
1 0.661519 0.503192 0.061465 0.114751
1 0.720371 0.62755 0.058397 0.126133
2 0.628472 0.669367 0.186632 0.127315
2 0.197245 0.250245 0.03653 0.039486
2 0.526902 0.259589 0.060537 0.09021
1 0.8455 0.476335 0.024944 0.061914
1 0.837927 0.499744 0.023246 0.06987
2 0.298766 0.220088 0.036251 0.032375
2 0.203704 0.146407 0.030901 0.028653
2 0.450526 0.183932 0.045816 0.030658
1 0.86408 0.377741 0.028712 0.051028
0 0.137788 0.808437 0.147862 0.381737
