0 0.028277 0.456043 0.056553 0.364863
0 0.922102 0.656429 0.131048 0.267697
0 0.947354 0.575888 0.073902 0.167042
0 0.983813 0.521207 0.033791 0.111917
0 0.976764 0.490049 0.032619 0.119559
0 0.962319 0.455923 0.036136 0.09966
0 0.906894 0.414877 0.052352 0.129582
0 0.919856 0.398547 0.048981 0.13074
0 0.979915 0.397492 0.028277 0.09743
0 0.966797 0.379612 0.035856 0.134225
2 0.214441 0.388418 0.085145 0.105423
2 0.097933 0.186388 0.025992 0.027015
2 0.129624 0.16535 0.033054 0.0277
2 0.150532 0.192684 0.025819 0.030639
1 0.186778 0.197486 0.04256 0.041664
1 0.854954 0.458868 0.030943 0.057227
1 0.831306 0.495329 0.019602 0.047208
2 0.472351 0.300257 0.087103 0.081174
1 0.793829 0.525346 0.040595 0.079414
2 0.288103 0.153107 0.033948 0.023346
2 0.401419 0.163246 0.058312 0.041247
0 0.437834 0.805746 0.151676 0.387119
1 0.809527 0.493367 0.020794 0.055279
0 0.98672 0.422295 0.02578 0.090132
