0 0.027898 0.469937 0.055796 0.331541
0 0.929825 0.675075 0.10314 0.18765
0 0.947354 0.575888 0.073902 0.167042
0 0.984008 0.521207 0.031931 0.114203
0 0.976764 0.490049 0.032619 0.119559
0 0.963204 0.449636 0.038226 0.105376
0 0.906894 0.414877 0.052352 0.129582
0 0.917158 0.394683 0.054376 0.138469
0 0.979915 0.397492 0.028277 0.09743
0 0.966797 0.379612 0.035856 0.134225
2 0.50596 0.805399 0.15688 0.216174
2 0.117193 0.171026 0.029106 0.02931
2 0.177906 0.196048 0.029755 0.039559
2 0.215616 0.22891 0.035832 0.053771
2 0.273811 0.253143 0.037711 0.059091
1 0.815588 0.4709 0.040313 0.072691
2 0.761976 0.512153 0.075041 0.061221
2 0.312353 0.201605 0.04786 0.047548
2 0.776287 0.55472 0.030125 0.068569
1 0.313465 0.142747 0.016075 0.055727
1 0.343455 0.152383 0.02412 0.02284
0 0.84138 0.73853 0.142205 0.442416
1 0.826019 0.525705 0.037659 0.071524
0 0.987202 0.424704 0.024815 0.088092
