0 0.144947 0.660909 0.110257 0.514113
0 0.912336 0.652509 0.124118 0.259857
0 0.948207 0.623554 0.080098 0.221441
0 0.981463 0.525949 0.039062 0.114548
0 0.976764 0.490049 0.032619 0.119559
0 0.975161 0.441108 0.030553 0.055854
0 0.906137 0.440743 0.050837 0.181315
0 0.919856 0.398547 0.048981 0.13074
0 0.979915 0.397492 0.028277 0.09743
0 0.966797 0.379612 0.035856 0.134225
1 0.462437 0.894232 0.106376 0.210148
1 0.095641 0.176709 0.012334 0.031534
2 0.122762 0.168626 0.018879 0.02083
2 0.12309 0.201538 0.019568 0.027808
2 0.15006 0.173738 0.028957 0.036747
2 0.459755 0.26375 0.060661 0.060593
2 0.758525 0.468914 0.09404 0.078211
2 0.239712 0.158403 0.038572 0.027638
2 0.393458 0.263787 0.066955 0.035986
2 0.380522 0.174498 0.053397 0.034993
2 0.471202 0.195351 0.06603 0.044261
0 0.569998 0.12722 0.034199 0.145659
2 0.268747 0.198533 0.054692 0.030915
0 0.988943 0.426533 0.019638 0.078931
