0 0.044048 0.390049 0.052478 0.314347
0 0.916746 0.654749 0.132939 0.253136
0 0.9208 0.608433 0.102149 0.215841
0 0.981463 0.525949 0.039062 0.114548
0 0.976764 0.490049 0.032619 0.119559
0 0.975161 0.441108 0.030553 0.055854
0 0.906137 0.440743 0.050837 0.181315
0 0.919856 0.398547 0.048981 0.13074
0 0.979915 0.397492 0.028277 0.09743
0 0.966797 0.379612 0.035856 0.134225
2 0.119541 0.393047 0.074566 0.110556
1 0.723448 0.584493 0.060546 0.099804
1 0.725637 0.637823 0.056079 0.13571
1 0.424198 0.379617 0.111427 0.103795
1 0.644569 0.680511 0.093876 0.181452
2 0.273994 0.202037 0.032676 0.031877
2 0.199858 0.175 0.025059 0.025916
2 0.636141 0.431801 0.134674 0.085232
2 0.213749 0.149486 0.023071 0.024393
2 0.272288 0.145563 0.034863 0.022879
1 0.872361 0.40529 0.040746 0.071839
0 0.578511 0.132987 0.042404 0.154952
1 0.148147 0.14604 0.01527 0.017301
0 0.988943 0.426533 0.019638 0.078931
