0 0.038552 0.435551 0.077331 0.344309
0 0.918204 0.637048 0.135854 0.260296
0 0.898458 0.544078 0.078886 0.380592
0 0.981223 0.521468 0.039062 0.114548
0 0.976764 0.490049 0.032619 0.119559
0 0.990053 0.46177 0.018927 0.113116
0 0.906137 0.440743 0.050837 0.181315
0 0.919856 0.398547 0.048981 0.13074
0 0.979915 0.397492 0.028277 0.09743
0 0.966797 0.379612 0.035856 0.134225
2 0.101969 0.257498 0.051118 0.056296
1 0.712208 0.622335 0.113226 0.103183
1 0.703941 0.664178 0.054517 0.11107
1 0.715055 0.556628 0.054958 0.078808
1 0.579263 0.667316 0.076672 0.213306
2 0.168307 0.15341 0.019105 0.021646
2 0.194043 0.141391 0.018928 0.025225
2 0.243261 0.19833 0.049742 0.032009
2 0.403026 0.22917 0.059111 0.045775
2 0.234545 0.13901 0.02936 0.021094
1 0.876717 0.366379 0.040746 0.071839
0 0.874053 0.270323 0.032829 0.176017
2 0.239198 0.165038 0.031829 0.023148
