0 0.046507 0.464886 0.079062 0.245318
0 0.930957 0.654141 0.100876 0.229519
0 0.947354 0.575888 0.073902 0.167042
0 0.981097 0.522588 0.039062 0.114548
0 0.976764 0.490049 0.032619 0.119559
0 0.973115 0.462584 0.052804 0.111488
0 0.906894 0.414877 0.052352 0.129582
0 0.918103 0.395803 0.052486 0.136229
0 0.920289 0.367356 0.030396 0.112939
0 0.979915 0.397492 0.028277 0.09743
0 0.966797 0.379612 0.035856 0.134225
1 0.428418 0.953013 0.132549 0.097534
1 0.6591 0.501348 0.061465 0.114751
1 0.720716 0.620176 0.058397 0.126133
1 0.666137 0.663102 0.094718 0.130285
2 0.197245 0.250245 0.03653 0.039486
2 0.512149 0.269754 0.061128 0.055894
1 0.8455 0.476335 0.024944 0.061914
1 0.837927 0.499744 0.023246 0.06987
2 0.348785 0.23503 0.040931 0.035706
2 0.19896 0.145943 0.030355 0.021868
2 0.450526 0.183932 0.045816 0.030658
1 0.86408 0.377741 0.028712 0.051028
0 0.137788 0.808437 0.147862 0.381737
