0 0.051626 0.452247 0.088985 0.384843
0 0.928402 0.649709 0.110887 0.249776
0 0.947354 0.575888 0.073902 0.167042
0 0.984739 0.521525 0.03226 0.111677
0 0.976764 0.490049 0.032619 0.119559
0 0.963559 0.461055 0.039039 0.103232
0 0.906894 0.414877 0.052352 0.129582
0 0.919856 0.398547 0.048981 0.13074
0 0.979915 0.397492 0.028277 0.09743
0 0.966797 0.379612 0.035856 0.134225
2 0.069574 0.197795 0.037483 0.033154
2 0.632913 0.633468 0.165071 0.165771
2 0.339551 0.395875 0.094033 0.103321
2 0.21319 0.261473 0.044601 0.058044
2 0.140386 0.208509 0.025223 0.046679
1 0.808536 0.51438 0.033031 0.071024
1 0.826374 0.493594 0.024246 0.062859
1 0.840487 0.463863 0.02399 0.057866
1 0.735515 0.49543 0.039668 0.089158
2 0.207172 0.13284 0.034835 0.018537
2 0.865123 0.399487 0.051833 0.051675
0 0.866576 0.633418 0.128827 0.46156
1 0.77537 0.484942 0.030429 0.076851
0 0.991798 0.424103 0.015623 0.086516
