0 0.040184 0.462959 0.080368 0.363418
0 0.929825 0.675075 0.10314 0.18765
0 0.947354 0.575888 0.073902 0.167042
0 0.983852 0.518533 0.030965 0.109579
0 0.976764 0.490049 0.032619 0.119559
0 0.964192 0.453582 0.038462 0.09984
0 0.906894 0.414877 0.052352 0.129582
0 0.917158 0.394683 0.054376 0.138469
0 0.979915 0.397492 0.028277 0.09743
0 0.966797 0.379612 0.035856 0.134225
1 0.492011 0.779181 0.176866 0.170458
2 0.195862 0.214214 0.056662 0.047931
2 0.608849 0.509947 0.130776 0.131595
1 0.700843 0.626406 0.058995 0.158368
1 0.631435 0.682558 0.073935 0.181524
2 0.353344 0.254685 0.052566 0.05487
2 0.229592 0.178226 0.038257 0.042239
2 0.164643 0.147838 0.028612 0.029024
2 0.490772 0.331516 0.07725 0.094413
2 0.23952 0.124577 0.036254 0.025442
2 0.469727 0.211523 0.06178 0.037481
0 0.873505 0.701269 0.143481 0.525388
1 0.83003 0.504503 0.047638 0.083137
0 0.987023 0.431492 0.02414 0.087391
