0 0.057643 0.460644 0.101333 0.236834
0 0.929825 0.675075 0.10314 0.18765
0 0.947354 0.575888 0.073902 0.167042
0 0.982126 0.520935 0.034553 0.107948
0 0.976764 0.490049 0.032619 0.119559
0 0.965235 0.456477 0.039305 0.089627
0 0.906894 0.414877 0.052352 0.129582
0 0.931843 0.397503 0.032232 0.136233
0 0.92119 0.364404 0.028592 0.118843
0 0.979915 0.397492 0.028277 0.09743
0 0.966797 0.379612 0.035856 0.134225
1 0.359168 0.89371 0.155883 0.211191
1 0.678131 0.522366 0.041526 0.101977
1 0.635742 0.540625 0.045703 0.079861
1 0.583838 0.49886 0.055492 0.119131
1 0.647215 0.656729 0.114513 0.132902
2 0.235926 0.155576 0.045309 0.020898
2 0.356094 0.199496 0.042702 0.038876
1 0.476077 0.241307 0.048701 0.061887
1 0.681444 0.415026 0.045994 0.064143
1 0.149635 0.142048 0.013049 0.020484
2 0.303388 0.136196 0.043542 0.01919
2 0.839344 0.376362 0.043137 0.057643
0 0.787109 0.736458 0.175 0.525694
0 0.987019 0.425123 0.025181 0.092809
