0 0.044048 0.390049 0.052478 0.314347
0 0.915171 0.648589 0.122228 0.252016
0 0.928676 0.614593 0.1179 0.228162
0 0.981463 0.525949 0.039062 0.114548
0 0.976764 0.490049 0.032619 0.119559
0 0.975161 0.441108 0.030553 0.055854
0 0.906137 0.440743 0.050837 0.181315
0 0.919856 0.398547 0.048981 0.13074
0 0.979915 0.397492 0.028277 0.09743
0 0.966797 0.379612 0.035856 0.134225
2 0.117086 0.400231 0.072175 0.124925
2 0.709568 0.58992 0.099871 0.105956
1 0.7253 0.624653 0.056079 0.13571
2 0.381058 0.351975 0.106411 0.121719
1 0.677961 0.66931 0.093876 0.181452
2 0.280701 0.205597 0.037333 0.041391
2 0.208919 0.178925 0.025059 0.025916
2 0.730014 0.49765 0.136429 0.086856
2 0.200491 0.149417 0.023071 0.024393
2 0.272288 0.141368 0.034863 0.022879
1 0.872361 0.40529 0.040746 0.071839
0 0.559199 0.126075 0.026462 0.143369
1 0.148147 0.14604 0.01527 0.017301
0 0.988943 0.426533 0.019638 0.078931
