0 0.051626 0.452247 0.088985 0.384843
0 0.926827 0.656429 0.115297 0.265457
0 0.947354 0.575888 0.073902 0.167042
0 0.9854 0.519911 0.03089 0.113896
0 0.976764 0.490049 0.032619 0.119559
0 0.963067 0.459896 0.038696 0.10788
0 0.906894 0.414877 0.052352 0.129582
0 0.919856 0.398547 0.048981 0.13074
0 0.979915 0.397492 0.028277 0.09743
0 0.966797 0.379612 0.035856 0.134225
2 0.069574 0.197795 0.037483 0.033154
1 0.553385 0.511738 0.159057 0.174016
2 0.315924 0.374034 0.090883 0.102201
2 0.189879 0.242432 0.044601 0.058044
2 0.130936 0.205149 0.025223 0.046679
1 0.807305 0.522123 0.033031 0.071024
1 0.826374 0.493594 0.024246 0.062859
1 0.846229 0.461765 0.035475 0.053671
1 0.738246 0.523678 0.04513 0.145654
2 0.207172 0.13284 0.034835 0.018537
2 0.866208 0.403345 0.051833 0.051675
0 0.857239 0.614285 0.135065 0.473989
1 0.771214 0.491345 0.030429 0.076851
0 0.991098 0.426994 0.017022 0.08768
