0 0.060423 0.327175 0.044959 0.249927
0 0.920246 0.64462 0.122297 0.24856
0 0.947354 0.575888 0.073902 0.167042
0 0.988949 0.521856 0.023066 0.112474
0 0.976764 0.490049 0.032619 0.119559
0 0.961251 0.458959 0.037256 0.111907
0 0.906894 0.414877 0.052352 0.129582
0 0.919856 0.398547 0.048981 0.13074
0 0.979915 0.397492 0.028277 0.09743
0 0.966797 0.379612 0.035856 0.134225
1 0.070408 0.187616 0.022188 0.025931
1 0.745208 0.565221 0.042284 0.110968
1 0.677738 0.624094 0.046385 0.162549
1 0.63532 0.658101 0.064508 0.186608
2 0.350939 0.416493 0.084678 0.092725
2 0.530319 0.283204 0.109216 0.083735
2 0.764774 0.445181 0.085035 0.092149
2 0.25568 0.165509 0.044023 0.034768
1 0.805971 0.516982 0.042007 0.076071
2 0.195798 0.131308 0.028569 0.022365
1 0.872502 0.366444 0.022512 0.073373
0 0.866576 0.63278 0.128827 0.46156
1 0.817924 0.489599 0.025504 0.070499
0 0.98905 0.419323 0.020278 0.102459
