0 0.092018 0.555672 0.108101 0.460251
0 0.914541 0.651949 0.119708 0.247536
0 0.947577 0.612913 0.076318 0.19568
0 0.981463 0.525949 0.039062 0.114548
0 0.976764 0.490049 0.032619 0.119559
0 0.975161 0.441108 0.030553 0.055854
0 0.906137 0.440743 0.050837 0.181315
0 0.919856 0.398547 0.048981 0.13074
0 0.979915 0.397492 0.028277 0.09743
0 0.966797 0.379612 0.035856 0.134225
1 0.38515 0.87183 0.099231 0.254951
2 0.132543 0.162623 0.025819 0.037458
2 0.146655 0.192372 0.023314 0.037164
2 0.103828 0.171124 0.029388 0.03578
2 0.204509 0.219532 0.040541 0.059569
2 0.651702 0.384368 0.073001 0.094247
2 0.571284 0.377863 0.105657 0.068037
2 0.306875 0.182303 0.033137 0.039484
2 0.275694 0.207335 0.044234 0.028061
2 0.340093 0.158153 0.050542 0.032431
2 0.563701 0.235161 0.071007 0.049855
0 0.570313 0.128901 0.034829 0.144539
2 0.211612 0.172091 0.035555 0.024712
0 0.988943 0.426533 0.019638 0.078931
