0 0.034199 0.45746 0.068397 0.367697
0 0.929825 0.675075 0.10314 0.18765
0 0.947354 0.575888 0.073902 0.167042
0 0.983532 0.518519 0.034471 0.113641
0 0.976764 0.490049 0.032619 0.119559
0 0.963376 0.449366 0.039486 0.087677
0 0.906894 0.414877 0.052352 0.129582
0 0.917158 0.394683 0.054376 0.138469
0 0.979915 0.397492 0.028277 0.09743
0 0.966797 0.379612 0.035856 0.134225
1 0.571169 0.82108 0.090726 0.14897
2 0.153681 0.182656 0.034072 0.037958
2 0.310671 0.294447 0.054936 0.0631
2 0.425403 0.403484 0.110807 0.110384
2 0.683761 0.608654 0.117968 0.197375
1 0.671031 0.445856 0.098916 0.092966
2 0.330089 0.231606 0.054572 0.048087
2 0.191829 0.164517 0.027907 0.037518
1 0.787634 0.499535 0.066246 0.061435
2 0.265533 0.141063 0.037497 0.029738
2 0.372379 0.17521 0.044716 0.026042
0 0.873505 0.701269 0.143481 0.525388
1 0.83003 0.504503 0.047638 0.083137
0 0.986761 0.428162 0.025464 0.093146
