0 0.039062 0.453512 0.078125 0.350294
0 0.929825 0.675075 0.10314 0.18765
0 0.947354 0.575888 0.073902 0.167042
0 0.982532 0.522312 0.033537 0.114115
0 0.976764 0.490049 0.032619 0.119559
0 0.964242 0.450314 0.039619 0.09621
0 0.906894 0.414877 0.052352 0.129582
0 0.917158 0.394683 0.054376 0.138469
0 0.979915 0.397492 0.028277 0.09743
0 0.966797 0.379612 0.035856 0.134225
1 0.382324 0.579934 0.140796 0.140669
1 0.310564 0.269659 0.037586 0.06214
1 0.713852 0.604507 0.081319 0.131847
1 0.564572 0.565674 0.070891 0.140604
1 0.673046 0.708909 0.073785 0.165466
2 0.253978 0.194603 0.048584 0.043212
2 0.172101 0.158961 0.026288 0.032879
2 0.195681 0.141917 0.026193 0.02301
2 0.353782 0.242959 0.042578 0.060291
2 0.237591 0.116861 0.036254 0.025442
2 0.593571 0.262648 0.060609 0.040252
0 0.873505 0.701269 0.143481 0.525388
1 0.82231 0.494365 0.042754 0.077877
0 0.988695 0.433969 0.021331 0.100967
