0 0.135471 0.627675 0.117766 0.505888
0 0.921984 0.648248 0.128293 0.237895
0 0.946632 0.625794 0.078208 0.212481
0 0.981463 0.525949 0.039062 0.114548
0 0.976764 0.490049 0.032619 0.119559
0 0.975161 0.441108 0.030553 0.055854
0 0.906137 0.440743 0.050837 0.181315
0 0.919856 0.398547 0.048981 0.13074
0 0.979915 0.397492 0.028277 0.09743
0 0.966797 0.379612 0.035856 0.134225
1 0.436593 0.877991 0.125252 0.24263
2 0.105133 0.173505 0.022973 0.030815
2 0.130135 0.166036 0.019204 0.029617
2 0.122794 0.203768 0.022177 0.024642
2 0.163616 0.186325 0.033196 0.040088
2 0.526293 0.298482 0.091598 0.076798
2 0.757078 0.470993 0.130892 0.085267
2 0.26331 0.159055 0.039701 0.031719
2 0.344752 0.240631 0.068948 0.043298
2 0.371194 0.170381 0.053397 0.034993
2 0.509414 0.209142 0.06603 0.044261
0 0.569683 0.128901 0.033569 0.140059
2 0.256176 0.194512 0.034667 0.027142
0 0.988943 0.426533 0.019638 0.078931
