0 0.034199 0.45746 0.068397 0.367697
0 0.929825 0.675075 0.10314 0.18765
0 0.947354 0.575888 0.073902 0.167042
0 0.984234 0.518874 0.031279 0.114587
0 0.976764 0.490049 0.032619 0.119559
0 0.963844 0.451086 0.040251 0.102006
0 0.906894 0.414877 0.052352 0.129582
0 0.917158 0.394683 0.054376 0.138469
0 0.979915 0.397492 0.028277 0.09743
0 0.966797 0.379612 0.035856 0.134225
2 0.517759 0.805769 0.134543 0.215434
2 0.120916 0.169535 0.029106 0.02931
2 0.178049 0.197952 0.030042 0.043368
2 0.223252 0.227327 0.043798 0.056601
2 0.266679 0.253518 0.03502 0.056208
1 0.813104 0.467698 0.040313 0.072691
2 0.761719 0.515146 0.077452 0.073635
2 0.313842 0.220329 0.04786 0.047548
2 0.769579 0.560369 0.030095 0.069294
2 0.313247 0.156155 0.016009 0.029979
1 0.34895 0.151536 0.013132 0.024534
0 0.829373 0.734536 0.124436 0.432417
1 0.82097 0.523787 0.037659 0.071524
0 0.986726 0.425092 0.025768 0.090095
