0 0.04036 0.424574 0.077495 0.323701
0 0.929825 0.675075 0.10314 0.18765
0 0.947354 0.575888 0.073902 0.167042
0 0.980541 0.523193 0.036332 0.114241
0 0.976764 0.490049 0.032619 0.119559
0 0.961415 0.450741 0.036169 0.106152
0 0.906894 0.414877 0.052352 0.129582
0 0.916358 0.399842 0.055976 0.12815
0 0.950643 0.401037 0.047505 0.243088
0 0.979915 0.397492 0.028277 0.09743
0 0.966797 0.379612 0.035856 0.134225
1 0.2121 0.636451 0.08706 0.162964
1 0.695168 0.524263 0.05353 0.091735
1 0.637468 0.564908 0.050709 0.084569
1 0.499393 0.451636 0.056382 0.112118
1 0.691045 0.655418 0.126931 0.12635
2 0.166046 0.152417 0.01351 0.019571
2 0.224558 0.150747 0.02752 0.021783
2 0.295924 0.168814 0.041375 0.062591
1 0.830207 0.489216 0.037769 0.071251
2 0.196144 0.173224 0.029417 0.026638
2 0.240089 0.115453 0.028951 0.028146
2 0.837383 0.372649 0.045214 0.043198
0 0.78527 0.741253 0.171312 0.510284
0 0.987543 0.436533 0.023127 0.103994
