0 0.026399 0.450069 0.052799 0.352915
0 0.923362 0.656429 0.120968 0.260977
0 0.947354 0.575888 0.073902 0.167042
0 0.985112 0.520126 0.03207 0.113772
0 0.976764 0.490049 0.032619 0.119559
0 0.960088 0.46022 0.037223 0.10374
0 0.906894 0.414877 0.052352 0.129582
0 0.919856 0.398547 0.048981 0.13074
0 0.979915 0.397492 0.028277 0.09743
0 0.966797 0.379612 0.035856 0.134225
2 0.115731 0.258737 0.067643 0.068131
2 0.129417 0.200933 0.042554 0.035328
2 0.105594 0.188109 0.021264 0.023009
2 0.125258 0.163555 0.01412 0.017004
2 0.147342 0.165162 0.025898 0.025279
1 0.835368 0.453559 0.024414 0.052083
1 0.829148 0.498644 0.018821 0.066309
1 0.811741 0.521833 0.03288 0.067446
1 0.756401 0.543862 0.056704 0.15681
2 0.247668 0.142701 0.031045 0.023816
2 0.582474 0.252433 0.06315 0.056224
0 0.866973 0.654749 0.132939 0.479391
1 0.814931 0.512952 0.021836 0.05568
0 0.987322 0.42727 0.023859 0.097721
