0 0.057643 0.460644 0.101333 0.236834
0 0.929825 0.675075 0.10314 0.18765
0 0.947354 0.575888 0.073902 0.167042
0 0.98296 0.520338 0.033713 0.113992
0 0.976764 0.490049 0.032619 0.119559
0 0.961891 0.454215 0.036402 0.101661
0 0.906894 0.414877 0.052352 0.129582
0 0.93202 0.377698 0.03007 0.179856
0 0.92119 0.364404 0.028592 0.118843
0 0.979915 0.397492 0.028277 0.09743
0 0.966797 0.379612 0.035856 0.134225
1 0.317812 0.83761 0.122065 0.302998
1 0.678131 0.522366 0.041526 0.101977
1 0.637305 0.542477 0.045703 0.079861
1 0.564295 0.483165 0.055492 0.119131
1 0.638753 0.645019 0.078125 0.155651
2 0.20673 0.143921 0.029887 0.023168
2 0.314102 0.176749 0.048193 0.037585
1 0.41078 0.228337 0.053234 0.03766
1 0.739591 0.427091 0.04339 0.096032
2 0.161846 0.14998 0.013049 0.020484
2 0.274324 0.129686 0.043542 0.01919
1 0.838323 0.369885 0.02573 0.046989
0 0.785267 0.735003 0.171316 0.522784
0 0.987129 0.437538 0.024121 0.110049
