0 0.049811 0.475538 0.072455 0.224014
0 0.924342 0.657501 0.114107 0.222798
0 0.947354 0.575888 0.073902 0.167042
0 0.981337 0.519228 0.039062 0.114548
0 0.976764 0.490049 0.032619 0.119559
0 0.986641 0.45325 0.025752 0.130156
0 0.906894 0.414877 0.052352 0.129582
0 0.918722 0.396327 0.051248 0.135181
0 0.921458 0.367788 0.028056 0.112075
0 0.979915 0.397492 0.028277 0.09743
0 0.966797 0.379612 0.035856 0.134225
1 0.414765 0.949204 0.132549 0.097534
1 0.687892 0.497739 0.055433 0.107042
1 0.712282 0.651512 0.077794 0.143597
2 0.383024 0.434637 0.122524 0.088919
2 0.171861 0.223539 0.03653 0.039486
2 0.628519 0.348256 0.063717 0.066066
1 0.842272 0.492997 0.02608 0.068451
1 0.820845 0.504846 0.039205 0.089964
1 0.289671 0.200045 0.039283 0.04277
2 0.207042 0.146078 0.037115 0.032925
2 0.504141 0.203634 0.054335 0.035505
2 0.854346 0.380489 0.046548 0.040752
0 0.080985 0.764303 0.108342 0.470004
