0 0.046695 0.440301 0.064409 0.340368
0 0.916781 0.63734 0.129228 0.263121
0 0.863508 0.51866 0.081905 0.370744
0 0.981312 0.529309 0.039062 0.114548
0 0.976764 0.490049 0.032619 0.119559
0 0.990053 0.46177 0.018927 0.113116
0 0.906137 0.440743 0.050837 0.181315
0 0.919856 0.398547 0.048981 0.13074
0 0.979915 0.397492 0.028277 0.09743
0 0.966797 0.379612 0.035856 0.134225
2 0.08508 0.227333 0.03058 0.037453
1 0.670649 0.606056 0.058694 0.103404
1 0.694116 0.670961 0.039404 0.12357
1 0.717962 0.522318 0.040006 0.096505
1 0.547386 0.652003 0.088763 0.223771
2 0.193066 0.144008 0.042633 0.02257
2 0.246559 0.164109 0.048126 0.034095
2 0.185171 0.174275 0.050854 0.028866
2 0.539816 0.313431 0.085013 0.083027
2 0.225748 0.131951 0.026726 0.021761
1 0.871869 0.364227 0.029376 0.069902
0 0.955528 0.374814 0.04669 0.2309
2 0.307851 0.18765 0.057129 0.04727
