0 0.086983 0.432975 0.072455 0.360663
0 0.915999 0.640968 0.140264 0.252456
0 0.898458 0.544078 0.078886 0.380592
0 0.981097 0.524829 0.039062 0.114548
0 0.976764 0.490049 0.032619 0.119559
0 0.990053 0.46177 0.018927 0.113116
0 0.906137 0.440743 0.050837 0.181315
0 0.919856 0.398547 0.048981 0.13074
0 0.979915 0.397492 0.028277 0.09743
0 0.966797 0.379612 0.035856 0.134225
2 0.110925 0.277845 0.052293 0.066084
1 0.686832 0.604165 0.057233 0.098927
1 0.702996 0.676499 0.075309 0.10211
1 0.752546 0.572546 0.055594 0.115123
1 0.618737 0.682751 0.082535 0.194892
2 0.198657 0.170323 0.024405 0.019359
2 0.166172 0.152994 0.018928 0.025225
2 0.338215 0.243991 0.059489 0.050428
2 0.316579 0.185545 0.041053 0.042074
2 0.249422 0.137593 0.034863 0.022879
1 0.873789 0.372058 0.027891 0.064641
0 0.74065 0.19776 0.041583 0.174731
2 0.195604 0.148044 0.022738 0.014856
