0 0.028277 0.456043 0.056553 0.364863
0 0.923362 0.650829 0.124748 0.272177
0 0.947354 0.575888 0.073902 0.167042
0 0.983173 0.517113 0.032859 0.115889
0 0.976764 0.490049 0.032619 0.119559
0 0.961464 0.461425 0.036402 0.099384
0 0.906894 0.414877 0.052352 0.129582
0 0.919856 0.398547 0.048981 0.13074
0 0.979915 0.397492 0.028277 0.09743
0 0.966797 0.379612 0.035856 0.134225
2 0.157517 0.299248 0.082108 0.09382
2 0.113628 0.194156 0.03745 0.037342
2 0.116792 0.170338 0.021872 0.015364
2 0.127416 0.162148 0.02169 0.022013
2 0.160826 0.185074 0.035989 0.03702
1 0.83947 0.45263 0.022974 0.063371
1 0.829148 0.498644 0.018821 0.066309
1 0.803138 0.530016 0.020472 0.047425
1 0.781346 0.520308 0.032076 0.070912
2 0.25209 0.143357 0.031045 0.023816
2 0.526468 0.216021 0.064586 0.04273
0 0.858111 0.647218 0.125683 0.481051
1 0.817041 0.505913 0.017615 0.069757
0 0.988196 0.427292 0.022413 0.093352
