0 0.049811 0.475538 0.072455 0.224014
0 0.915836 0.673182 0.131118 0.191436
0 0.947354 0.575888 0.073902 0.167042
0 0.981097 0.524829 0.039062 0.114548
0 0.976764 0.490049 0.032619 0.119559
0 0.967548 0.466169 0.063938 0.104317
0 0.906894 0.414877 0.052352 0.129582
0 0.916358 0.399842 0.055976 0.12815
0 0.92119 0.364404 0.028592 0.118843
0 0.979915 0.397492 0.028277 0.09743
0 0.966797 0.379612 0.035856 0.134225
1 0.466464 0.904606 0.118634 0.189399
2 0.456183 0.482881 0.134145 0.088286
2 0.301927 0.361059 0.086349 0.05378
2 0.16068 0.225873 0.036244 0.039376
1 0.115417 0.174556 0.026767 0.03302
1 0.842299 0.455781 0.033516 0.062918
1 0.835656 0.502743 0.043604 0.071541
2 0.590815 0.363272 0.085439 0.063604
2 0.216051 0.163468 0.044988 0.042135
2 0.269327 0.167504 0.039587 0.02843
1 0.740127 0.315459 0.048838 0.038856
2 0.736685 0.350076 0.031565 0.04729
