0 0.050299 0.312877 0.051784 0.230957
0 0.919931 0.64518 0.122927 0.24744
0 0.947354 0.575888 0.073902 0.167042
0 0.988226 0.520528 0.025034 0.114371
0 0.976764 0.490049 0.032619 0.119559
0 0.961998 0.457251 0.037469 0.112286
0 0.906894 0.414877 0.052352 0.129582
0 0.919856 0.398547 0.048981 0.13074
0 0.979915 0.397492 0.028277 0.09743
0 0.966797 0.379612 0.035856 0.134225
1 0.070078 0.185151 0.021529 0.021002
1 0.717476 0.57671 0.051178 0.12311
1 0.637943 0.599087 0.062773 0.123611
1 0.709178 0.648531 0.123955 0.163612
1 0.521131 0.56304 0.059755 0.125174
2 0.358213 0.207195 0.060343 0.051296
2 0.495075 0.254378 0.085768 0.080012
2 0.188012 0.141075 0.02809 0.023605
1 0.828731 0.501433 0.041099 0.078595
1 0.194877 0.127509 0.026726 0.021761
1 0.873087 0.364157 0.023681 0.072126
0 0.865946 0.63166 0.128827 0.46156
2 0.719924 0.457581 0.094166 0.072465
0 0.989046 0.418236 0.021126 0.092695
