0 0.035209 0.456019 0.070417 0.355308
0 0.929825 0.675075 0.10314 0.18765
0 0.947354 0.575888 0.073902 0.167042
0 0.98393 0.51965 0.030404 0.113767
0 0.976764 0.490049 0.032619 0.119559
0 0.964149 0.448152 0.03829 0.086904
0 0.906894 0.414877 0.052352 0.129582
0 0.917158 0.394683 0.054376 0.138469
0 0.066016 0.756944 0.132031 0.484722
0 0.979915 0.397492 0.028277 0.09743
0 0.966797 0.379612 0.035856 0.134225
1 0.363188 0.534799 0.088342 0.183897
1 0.33496 0.290501 0.056388 0.074041
1 0.652445 0.586425 0.084425 0.143369
1 0.527004 0.542687 0.06472 0.146353
1 0.660446 0.696588 0.073785 0.165466
2 0.224543 0.18503 0.041826 0.036953
2 0.163824 0.156636 0.027096 0.026797
2 0.212698 0.145752 0.026193 0.02301
2 0.313946 0.221179 0.040204 0.048452
1 0.230637 0.114072 0.019877 0.025384
2 0.649262 0.285681 0.058513 0.042154
0 0.873505 0.701269 0.143481 0.525388
1 0.82258 0.498581 0.042213 0.069444
0 0.987597 0.432949 0.023173 0.086707
