0 0.240264 0.185825 0.036511 0.160176
0 0.161354 0.2195 0.027481 0.14866
0 0.102465 0.265913 0.029444 0.097711
0 0.069783 0.295052 0.026892 0.085497
0 0.064973 0.283187 0.029837 0.169249
0 0.031211 0.356121 0.036118 0.116904
0 0.060353 0.492055 0.067919 0.31469
0 0.043989 0.499562 0.064048 0.169545
0 0.1976 0.431682 0.072142 0.208959
0 0.162584 0.438564 0.043637 0.141391
0 0.568461 0.901009 0.088078 0.196593
0 0.708447 0.911545 0.162793 0.175521
0 0.970117 0.41452 0.058984 0.161237
0 0.983612 0.306723 0.031996 0.092109
1 0.130281 0.354981 0.02095 0.062073
1 0.131918 0.385436 0.022041 0.05315
1 0.179382 0.330152 0.028369 0.071384
1 0.227719 0.471175 0.031643 0.081859
1 0.266782 0.604244 0.049974 0.110568
1 0.30268 0.668451 0.068523 0.100093
1 0.774642 0.238356 0.029077 0.070489
1 0.861725 0.431025 0.053454 0.070489
1 0.833886 0.315111 0.02144 0.052736
1 0.907689 0.267074 0.024965 0.059002
1 0.907849 0.158679 0.009108 0.023028
1 0.889127 0.151662 0.010525 0.028425
2 0.794001 0.140328 0.015382 0.033103
2 0.791063 0.105352 0.015816 0.017615
