0 0.100069 0.266748 0.025965 0.094771
0 0.064108 0.296977 0.030331 0.102941
0 0.038004 0.390102 0.040239 0.099983
0 0.033415 0.410601 0.056476 0.111697
0 0.036356 0.497825 0.059064 0.153949
0 0.089538 0.617679 0.087773 0.242219
0 0.13832 0.836598 0.137333 0.312755
0 0.141658 0.568327 0.095636 0.429438
0 0.308724 0.91466 0.11224 0.16929
0 0.893229 0.636227 0.113281 0.501157
0 0.877279 0.600926 0.078776 0.335648
0 0.873698 0.663426 0.074219 0.30787
1 0.719076 0.471296 0.070964 0.178241
2 0.691406 0.447569 0.106771 0.126157
1 0.361003 0.350347 0.037109 0.100694
1 0.288086 0.637384 0.070964 0.128472
1 0.243164 0.560995 0.038411 0.123843
1 0.13151 0.38912 0.028646 0.087963
2 0.598307 0.33125 0.102865 0.083333
2 0.69043 0.282639 0.068359 0.050926
2 0.790039 0.285532 0.055339 0.040509
2 0.838867 0.215509 0.042318 0.032407
2 0.551332 0.165688 0.049287 0.040548
1 0.651479 0.180369 0.041422 0.032625
1 0.684511 0.174776 0.020449 0.045675
1 0.711121 0.115818 0.023333 0.027498
2 0.883625 0.154036 0.020187 0.021905
1 0.950608 0.202274 0.012584 0.032625
1 0.918362 0.214625 0.012584 0.03682
1 0.970354 0.225579 0.010348 0.032653
1 0.976951 0.199365 0.011124 0.031733
