0 0.034512 0.392732 0.031857 0.103155
0 0.047785 0.396103 0.03034 0.11664
0 0.043803 0.433522 0.048164 0.130798
0 0.077177 0.475998 0.076987 0.338457
0 0.046458 0.482403 0.058783 0.177319
0 0.985193 0.179264 0.020894 0.056525
0 0.908884 0.119509 0.014535 0.062984
1 0.1359 0.381113 0.060348 0.062791
1 0.212271 0.465735 0.032513 0.110612
2 0.217885 0.40939 0.033917 0.088573
2 0.354252 0.461577 0.032981 0.10978
1 0.372497 0.485487 0.046548 0.130156
2 0.463997 0.495467 0.149552 0.120176
1 0.456352 0.7507 0.156493 0.189077
1 0.674177 0.865179 0.126256 0.252183
2 0.499822 0.282513 0.086115 0.063131
2 0.707682 0.333018 0.074692 0.083965
1 0.793013 0.371686 0.073242 0.099432
2 0.933949 0.23398 0.035511 0.043403
1 0.931556 0.19374 0.016418 0.032206
1 0.964447 0.213904 0.012533 0.034165
0 0.980218 0.229315 0.021933 0.063503
2 0.840784 0.184752 0.012116 0.033794
2 0.853108 0.134618 0.01504 0.038993
2 0.896453 0.175097 0.025276 0.024881
2 0.826601 0.132453 0.016387 0.031843
