0 0.063261 0.281158 0.029038 0.129671
0 0.122027 0.225541 0.024889 0.152409
0 0.041482 0.407756 0.045631 0.132129
0 0.046668 0.493178 0.076051 0.154253
0 0.164357 0.442217 0.072229 0.201782
0 0.159217 0.871443 0.138598 0.255726
0 0.160206 0.942894 0.090525 0.112823
0 0.362491 0.762936 0.115371 0.408592
0 0.965194 0.353441 0.049557 0.257048
0 0.987695 0.286497 0.023828 0.106173
1 0.261719 0.574074 0.071354 0.122222
1 0.313281 0.654167 0.059896 0.113889
1 0.509635 0.685648 0.109896 0.24537
1 0.601042 0.787037 0.114583 0.233333
1 0.607357 0.94456 0.10013 0.109491
2 0.485446 0.40961 0.102697 0.089606
1 0.624364 0.382996 0.108378 0.093551
2 0.530179 0.274082 0.058594 0.078405
2 0.661542 0.220878 0.057964 0.054884
1 0.724594 0.176255 0.037802 0.038082
1 0.756411 0.161609 0.025832 0.035842
2 0.749558 0.18049 0.029481 0.030791
2 0.841333 0.231874 0.028138 0.047081
2 0.863347 0.160664 0.020524 0.021186
2 0.881555 0.156544 0.010593 0.027072
2 0.916976 0.266596 0.019862 0.047081
2 0.947597 0.230108 0.016221 0.042373
