0 0.098575 0.244077 0.032169 0.131127
0 0.060202 0.296569 0.024816 0.083333
0 0.037304 0.398407 0.042898 0.112174
0 0.040015 0.444614 0.062881 0.145099
0 0.050019 0.50079 0.091781 0.163731
0 0.156885 0.447719 0.050178 0.199864
0 0.147358 0.495709 0.07622 0.202123
0 0.158949 0.572493 0.084794 0.381662
0 0.170382 0.62133 0.087335 0.246725
0 0.938879 0.14951 0.013327 0.046569
1 0.264025 0.537985 0.066359 0.148092
2 0.50746 0.873494 0.118364 0.199967
2 0.67627 0.360243 0.070801 0.066551
2 0.771484 0.303819 0.058594 0.056424
2 0.796875 0.16093 0.030571 0.036836
2 0.846274 0.138189 0.025746 0.025568
1 0.861239 0.131471 0.009055 0.026199
1 0.796888 0.106669 0.008523 0.022096
2 0.905096 0.172822 0.015447 0.024937
2 0.961737 0.192551 0.010476 0.025884
2 0.942383 0.266256 0.018643 0.048295
1 0.884233 0.324811 0.047585 0.092803
