0 0.130376 0.230627 0.035315 0.146576
0 0.104215 0.249462 0.034882 0.154008
0 0.071999 0.264068 0.02609 0.159645
0 0.036972 0.323903 0.028684 0.161952
0 0.044944 0.398714 0.062811 0.125079
0 0.032626 0.438171 0.04794 0.121922
0 0.047385 0.495975 0.08101 0.164141
0 0.145375 0.436198 0.071467 0.17953
0 0.158691 0.495186 0.083896 0.225694
0 0.163879 0.842166 0.151978 0.313585
0 0.983777 0.290026 0.033831 0.097481
1 0.396149 0.589927 0.164141 0.15853
1 0.503867 0.791246 0.100221 0.248316
1 0.788322 0.423551 0.05792 0.157447
1 0.814083 0.352909 0.052196 0.0892
1 0.881095 0.394516 0.055563 0.089799
1 0.708008 0.239763 0.029297 0.05807
2 0.570279 0.243654 0.077115 0.052682
2 0.779566 0.275982 0.04445 0.055077
1 0.792361 0.224135 0.036723 0.07984
1 0.812944 0.194819 0.021286 0.046158
2 0.661373 0.193987 0.057775 0.045326
2 0.728205 0.180319 0.046165 0.044981
2 0.80522 0.156053 0.045277 0.039062
2 0.899991 0.178346 0.017312 0.042614
1 0.939708 0.180761 0.013095 0.036695
2 0.416023 0.318175 0.096263 0.078518
