0 0.039587 0.397558 0.044568 0.131432
0 0.0388 0.447893 0.05086 0.124907
0 0.047381 0.494149 0.085359 0.16268
0 0.166016 0.45814 0.086082 0.198688
0 0.171441 0.737847 0.130208 0.307999
0 0.149327 0.846875 0.138064 0.304861
0 0.221094 0.962153 0.10625 0.074306
0 0.986364 0.290512 0.028688 0.091683
1 0.131524 0.369755 0.021193 0.065751
1 0.151679 0.377881 0.02992 0.070183
1 0.216506 0.458038 0.093085 0.069444
2 0.273988 0.585844 0.094385 0.093744
2 0.436684 0.265858 0.069963 0.05908
2 0.506063 0.248756 0.069963 0.058043
2 0.631996 0.183458 0.067631 0.053897
2 0.785623 0.262231 0.049557 0.062189
2 0.806028 0.340485 0.064715 0.052861
2 0.858865 0.213466 0.03159 0.029589
2 0.888247 0.205314 0.032609 0.030193
1 0.866371 0.351109 0.033815 0.048197
1 0.896397 0.353959 0.031483 0.067371
1 0.907766 0.316387 0.022155 0.073072
1 0.928317 0.341781 0.026528 0.06789
1 0.878356 0.169373 0.014121 0.035537
1 0.876797 0.161874 0.010637 0.030321
1 0.91531 0.179317 0.010637 0.029343
1 0.971794 0.20165 0.012104 0.03945
