0 0.178015 0.244721 0.034306 0.113776
0 0.034366 0.434502 0.05806 0.119156
0 0.042478 0.496547 0.06916 0.159001
0 0.084849 0.576996 0.085169 0.227307
0 0.122951 0.793298 0.159665 0.240209
0 0.171215 0.93017 0.152882 0.13827
0 0.273806 0.553263 0.067807 0.383255
0 0.235481 0.559159 0.12161 0.271882
2 0.297944 0.337723 0.099867 0.064858
1 0.401128 0.333464 0.091023 0.070755
2 0.577646 0.349188 0.113871 0.09696
1 0.674697 0.309006 0.04359 0.085604
1 0.736577 0.438085 0.052145 0.086131
2 0.823494 0.370751 0.039062 0.079952
2 0.557412 0.154194 0.044716 0.038834
2 0.606625 0.164017 0.046001 0.038377
1 0.805536 0.111705 0.010537 0.032438
1 0.857062 0.164017 0.012336 0.032895
2 0.848127 0.178174 0.013106 0.03792
1 0.872138 0.19983 0.014391 0.044317
2 0.92992 0.196325 0.013704 0.035232
1 0.94644 0.191577 0.012438 0.039041
1 0.938569 0.255493 0.012632 0.042496
