0 0.072841 0.299457 0.032065 0.09553
0 0.033699 0.433578 0.04473 0.119459
0 0.045134 0.492228 0.075291 0.145366
0 0.081465 0.56725 0.080756 0.218408
0 0.134611 0.827088 0.177608 0.298261
0 0.164502 0.921315 0.145214 0.15598
0 0.716033 0.726052 0.135902 0.546507
0 0.980933 0.305777 0.039628 0.110909
2 0.12836 0.382516 0.028131 0.068873
2 0.276693 0.585172 0.110677 0.100082
2 0.398224 0.596986 0.087464 0.092583
1 0.59069 0.948997 0.077214 0.100617
1 0.864583 0.475309 0.067708 0.141975
1 0.804905 0.43017 0.048177 0.138117
1 0.589914 0.238803 0.065932 0.046727
2 0.717185 0.262956 0.063287 0.05168
2 0.707364 0.195683 0.049661 0.046835
2 0.67027 0.162575 0.055414 0.036606
2 0.737645 0.124623 0.035126 0.033915
2 0.877392 0.16096 0.026344 0.024763
1 0.891927 0.309808 0.028767 0.059755
2 0.968689 0.212102 0.012112 0.03553
1 0.814516 0.114471 0.009577 0.03181
2 0.808932 0.20806 0.029528 0.027887
0 0.070501 0.292447 0.035302 0.105838
