0 0.44065 0.10103 0.032006 0.131272
0 0.09194 0.270664 0.032203 0.145664
0 0.079459 0.280488 0.026677 0.143631
0 0.051517 0.427738 0.066236 0.25161
0 0.047271 0.455666 0.063972 0.155495
0 0.038921 0.40308 0.048404 0.108696
0 0.088881 0.555304 0.089447 0.188708
0 0.084918 0.610407 0.086617 0.231481
0 0.108271 0.632297 0.091429 0.210849
0 0.161133 0.641493 0.107422 0.4375
0 0.370845 0.725284 0.123935 0.548043
0 0.956516 0.429167 0.048828 0.306187
0 0.978285 0.391067 0.042649 0.163699
0 0.985831 0.342677 0.027557 0.117424
0 0.962287 0.329735 0.03196 0.20202
0 0.837537 0.082568 0.012918 0.06671
1 0.64379 0.844232 0.152264 0.296202
1 0.437715 0.749277 0.09088 0.171485
2 0.469204 0.63519 0.133131 0.104875
1 0.602734 0.601176 0.082908 0.204082
2 0.642594 0.667078 0.157844 0.228175
1 0.896701 0.398148 0.028646 0.058642
1 0.78776 0.37963 0.026042 0.063272
1 0.763672 0.359568 0.032552 0.044753
1 0.794705 0.33912 0.042535 0.090278
1 0.820964 0.232639 0.022135 0.034722
1 0.594835 0.341821 0.055122 0.103395
1 0.503689 0.347994 0.073351 0.066358
1 0.282552 0.626543 0.047743 0.111111
1 0.213108 0.50463 0.040799 0.092593
1 0.245443 0.56713 0.03776 0.084877
2 0.382756 0.254546 0.08487 0.032474
2 0.563699 0.141639 0.032101 0.04538
