0 0.102031 0.360833 0.040938 0.256111
0 0.05599 0.483375 0.066525 0.162037
0 0.178741 0.498948 0.080019 0.174663
0 0.069602 0.582071 0.059659 0.159091
0 0.096236 0.632365 0.075994 0.198232
0 0.171283 0.760522 0.135653 0.298822
0 0.169271 0.779672 0.068182 0.235269
0 0.964176 0.383825 0.039876 0.261863
0 0.983317 0.389439 0.032585 0.189178
1 0.804197 0.308136 0.02284 0.053127
1 0.96565 0.229982 0.013284 0.030364
1 0.931253 0.236308 0.014391 0.03177
1 0.921685 0.233215 0.012019 0.028396
1 0.911959 0.217892 0.015973 0.035987
2 0.641447 0.271382 0.045916 0.04325
1 0.497692 0.349432 0.085582 0.065025
1 0.312113 0.655253 0.075804 0.177393
1 0.275565 0.606436 0.075418 0.125138
1 0.242304 0.5669 0.035195 0.081821
2 0.628455 0.182351 0.033482 0.022676
