0 0.086604 0.343185 0.03876 0.138351
0 0.089026 0.36714 0.029675 0.153962
0 0.105378 0.436047 0.064196 0.290698
0 0.027688 0.410948 0.039292 0.115196
0 0.038603 0.432394 0.047794 0.118873
0 0.050437 0.457925 0.056756 0.167484
0 0.079044 0.670139 0.091912 0.269199
0 0.216962 0.916796 0.112952 0.165019
0 0.251072 0.967858 0.089262 0.062895
0 0.586079 0.819438 0.143467 0.359736
0 0.981778 0.332156 0.035662 0.123189
0 0.981947 0.21201 0.017616 0.122549
0 0.990204 0.259395 0.018811 0.078431
0 0.897164 0.124295 0.012172 0.048309
1 0.598019 0.701633 0.068531 0.141326
1 0.722403 0.538986 0.115817 0.115741
1 0.338288 0.673002 0.056195 0.091374
1 0.234464 0.551779 0.051398 0.136452
1 0.24817 0.470151 0.044545 0.075536
2 0.74536 0.298367 0.061678 0.056043
2 0.886191 0.302022 0.034951 0.038986
1 0.886191 0.156433 0.021245 0.040205
2 0.689165 0.130239 0.039748 0.026803
