0 0.047542 0.378388 0.036014 0.094173
0 0.038205 0.439024 0.047066 0.115176
0 0.049352 0.507961 0.070884 0.15481
0 0.077077 0.549966 0.064977 0.185298
0 0.083079 0.614329 0.083079 0.254404
0 0.113567 0.634146 0.090701 0.229675
0 0.149192 0.779937 0.129661 0.280696
0 0.403453 0.772525 0.135282 0.453562
0 0.978729 0.400316 0.041761 0.163258
0 0.985831 0.29375 0.027557 0.111111
0 0.93127 0.132004 0.015827 0.073635
0 0.830616 0.088036 0.011996 0.044838
0 0.307894 0.149371 0.031324 0.146751
1 0.562956 0.881134 0.224609 0.210262
1 0.45625 0.673611 0.122656 0.083333
1 0.834345 0.54342 0.057646 0.091694
1 0.821631 0.302914 0.028518 0.047716
1 0.955652 0.191424 0.011908 0.02246
1 0.93583 0.171546 0.01002 0.019878
1 0.869104 0.19478 0.022653 0.033302
2 0.869706 0.164428 0.014527 0.021235
2 0.576487 0.208333 0.049647 0.021505
2 0.695782 0.165779 0.030545 0.030806
1 0.466797 0.509259 0.070747 0.203704
1 0.424262 0.554012 0.102865 0.16358
1 0.340278 0.455633 0.047743 0.081019
1 0.294705 0.609568 0.051215 0.118827
1 0.254123 0.578318 0.053385 0.11034
1 0.187934 0.375386 0.034722 0.054784
2 0.286892 0.351466 0.053819 0.039352
