0 0.047 0.305258 0.042614 0.163399
0 0.032169 0.39847 0.058072 0.114379
0 0.092956 0.422051 0.056818 0.157086
0 0.127459 0.44213 0.068576 0.218621
0 0.059896 0.502315 0.06713 0.198045
0 0.121962 0.779578 0.121238 0.251543
0 0.972266 0.385417 0.054688 0.176389
1 0.57603 0.667866 0.109375 0.193182
1 0.709093 0.614873 0.058594 0.16686
1 0.748445 0.483414 0.066368 0.106526
1 0.840792 0.362055 0.034132 0.084951
1 0.926943 0.235012 0.017495 0.042096
2 0.864748 0.205881 0.030495 0.020394
1 0.8662 0.177483 0.016554 0.028656
2 0.82696 0.172444 0.020188 0.021592
2 0.79676 0.166754 0.021173 0.015465
2 0.608865 0.24381 0.059443 0.054851
2 0.534249 0.460157 0.041824 0.119248
2 0.474866 0.25498 0.075363 0.051207
2 0.144461 0.368493 0.029209 0.052553
2 0.762868 0.17881 0.031751 0.033794
2 0.707721 0.194407 0.049716 0.041221
