0 0.152278 0.218927 0.028469 0.157721
0 0.120498 0.251883 0.025159 0.160075
0 0.138705 0.263359 0.030456 0.119468
0 0.042059 0.364583 0.036177 0.099432
0 0.038841 0.396741 0.044389 0.119555
0 0.044167 0.441722 0.050604 0.133759
0 0.053822 0.458688 0.045943 0.12429
0 0.0536 0.506432 0.062367 0.156645
0 0.072132 0.527738 0.057706 0.16059
0 0.072576 0.605271 0.073242 0.208333
0 0.093661 0.659722 0.076349 0.242266
0 0.107422 0.745344 0.146484 0.44113
0 0.212691 0.917477 0.070711 0.163657
0 0.269114 0.949476 0.100835 0.09966
0 0.973736 0.385927 0.051746 0.151757
0 0.97029 0.360103 0.05864 0.143682
0 0.986374 0.295983 0.026471 0.108034
0 0.992884 0.221078 0.01345 0.116176
0 0.97745 0.170612 0.01456 0.053977
0 0.92516 0.142361 0.013317 0.039141
0 0.889648 0.108586 0.014382 0.065025
2 0.958252 0.241609 0.024685 0.034722
1 0.907661 0.22256 0.028212 0.039062
1 0.849881 0.169271 0.020616 0.025077
1 0.751004 0.313223 0.032823 0.057388
2 0.808977 0.254836 0.031041 0.049603
1 0.388387 0.452474 0.109456 0.068721
1 0.361328 0.546152 0.048014 0.166377
1 0.285441 0.641999 0.047607 0.099103
1 0.242106 0.561343 0.038249 0.118634
1 0.198975 0.452836 0.035807 0.094039
1 0.157471 0.436921 0.03418 0.082465
1 0.171712 0.401837 0.026855 0.049913
1 0.161947 0.358435 0.024414 0.054253
1 0.126343 0.37037 0.051676 0.070891
