0 0.165128 0.22587 0.033539 0.164141
0 0.047669 0.370567 0.036635 0.112602
0 0.043256 0.394107 0.037959 0.126726
0 0.047007 0.45904 0.066649 0.161645
0 0.071504 0.555359 0.060028 0.207549
0 0.08298 0.579685 0.085187 0.220888
0 0.114899 0.640462 0.089417 0.236003
0 0.15976 0.775825 0.125427 0.264757
0 0.142879 0.936859 0.076743 0.124893
0 0.21534 0.982265 0.104477 0.034081
0 0.892879 0.789957 0.13143 0.418697
0 0.991887 0.307986 0.015445 0.146528
0 0.994516 0.242254 0.010186 0.108547
0 0.995267 0.174306 0.008684 0.0875
1 0.68138 0.864149 0.071615 0.230035
1 0.926321 0.343796 0.023386 0.055281
1 0.891627 0.299936 0.026984 0.068074
2 0.881348 0.274351 0.015676 0.027869
1 0.923183 0.248712 0.010959 0.027338
1 0.915229 0.240385 0.010605 0.023253
1 0.879239 0.178044 0.013132 0.025118
1 0.866024 0.156915 0.011636 0.026596
1 0.78462 0.163126 0.013174 0.03268
2 0.725684 0.127604 0.027148 0.017014
2 0.734961 0.181424 0.046094 0.027431
2 0.676382 0.253561 0.026242 0.031339
1 0.651643 0.30057 0.038862 0.08547
1 0.679067 0.371367 0.046565 0.081402
1 0.244981 0.549807 0.03363 0.078642
1 0.206905 0.457213 0.031754 0.075717
0 0.80028 0.067219 0.010684 0.063806
