0 0.040097 0.31924 0.025965 0.129493
0 0.039177 0.362337 0.028263 0.096405
0 0.04653 0.385825 0.035156 0.113971
0 0.044462 0.451185 0.057215 0.142565
0 0.037157 0.405093 0.042556 0.106707
0 0.062215 0.460167 0.03621 0.249298
0 0.086684 0.457436 0.028968 0.225109
0 0.103033 0.520443 0.082733 0.329276
0 0.093487 0.387992 0.033357 0.183755
0 0.130464 0.465434 0.048938 0.269195
0 0.157896 0.449438 0.061227 0.25671
0 0.098348 0.657264 0.090224 0.251352
0 0.124274 0.792773 0.152447 0.23353
0 0.2551 0.915818 0.137457 0.166975
0 0.240061 0.962114 0.076128 0.074383
0 0.352344 0.759954 0.121875 0.478704
0 0.481641 0.775386 0.161719 0.44784
0 0.928494 0.700154 0.142231 0.50108
0 0.980577 0.448611 0.038064 0.309722
0 0.957205 0.44267 0.048611 0.285494
0 0.944184 0.391744 0.046875 0.300926
0 0.974826 0.403935 0.029514 0.198302
0 0.993294 0.279437 0.01263 0.075849
0 0.977847 0.170413 0.016447 0.055738
0 0.733578 0.05688 0.013106 0.072643
0 0.412224 0.122549 0.036765 0.129085
0 0.303768 0.156046 0.029412 0.145425
1 0.587934 0.896952 0.115538 0.204707
1 0.763455 0.476312 0.060041 0.145319
1 0.912471 0.357999 0.036892 0.065586
1 0.923562 0.246153 0.018339 0.042384
1 0.935391 0.229688 0.013388 0.025104
1 0.940343 0.1979 0.010087 0.018258
1 0.977846 0.196433 0.011004 0.034885
2 0.837508 0.141531 0.019107 0.012832
2 0.795368 0.150589 0.021017 0.02038
2 0.754713 0.150023 0.020805 0.016984
2 0.723293 0.181537 0.030146 0.033213
1 0.690281 0.245509 0.016771 0.044912
1 0.578719 0.33873 0.0259 0.035854
2 0.432201 0.26437 0.06923 0.054318
1 0.264155 0.53596 0.051825 0.145077
1 0.276145 0.478892 0.035582 0.063944
1 0.21291 0.494706 0.053759 0.091447
2 0.532657 0.152165 0.030733 0.023489
