0 0.074723 0.3181 0.027974 0.15233
0 0.018397 0.388217 0.030746 0.178763
0 0.045615 0.459677 0.055948 0.177419
0 0.196549 0.950157 0.208464 0.098298
0 0.818804 0.769608 0.066636 0.322712
0 0.927566 0.626634 0.095741 0.428922
0 0.926417 0.40128 0.056679 0.329521
0 0.921055 0.362473 0.052083 0.287309
0 0.988457 0.205202 0.01685 0.084423
0 0.995976 0.19774 0.007267 0.08091
0 0.895204 0.123252 0.013711 0.04507
2 0.960136 0.22466 0.016815 0.019776
2 0.932714 0.22282 0.017332 0.017936
1 0.859634 0.194306 0.017074 0.025294
1 0.643911 0.800617 0.108507 0.222663
1 0.552145 0.740542 0.120908 0.188492
1 0.433098 0.779674 0.132068 0.163139
1 0.376984 0.56142 0.083085 0.207231
1 0.239645 0.569136 0.045263 0.110229
