0 0.035503 0.419444 0.044618 0.144444
0 0.05 0.463272 0.057986 0.178395
0 0.050275 0.491684 0.06631 0.167181
0 0.050154 0.567558 0.062693 0.173182
0 0.079933 0.662294 0.112606 0.234053
0 0.11767 0.811257 0.149016 0.264489
0 0.246311 0.617713 0.069686 0.246056
0 0.234082 0.887963 0.137305 0.222685
0 0.273844 0.966811 0.127311 0.064988
0 0.973958 0.480932 0.051302 0.320081
0 0.974365 0.424277 0.050488 0.282002
0 0.985341 0.187266 0.019312 0.093633
0 0.980074 0.17049 0.016678 0.05696
0 0.905679 0.115091 0.020629 0.071005
0 0.627778 0.652546 0.065104 0.20216
1 0.685069 0.719676 0.084201 0.179012
1 0.954733 0.278892 0.016085 0.037879
1 0.940947 0.207962 0.011489 0.021539
1 0.952958 0.202206 0.012116 0.020425
1 0.582795 0.246248 0.038614 0.027937
1 0.32271 0.606455 0.062145 0.116004
1 0.291193 0.591461 0.070135 0.201231
1 0.201305 0.460859 0.039506 0.082071
2 0.239258 0.412326 0.050604 0.043403
2 0.242587 0.380761 0.05815 0.044981
