0 0.099776 0.343992 0.051781 0.246555
0 0.066618 0.447351 0.055717 0.296081
0 0.095537 0.505491 0.066921 0.37683
0 0.03452 0.400248 0.036943 0.109281
0 0.031038 0.428779 0.055414 0.121124
0 0.0377 0.473999 0.066315 0.166344
0 0.067981 0.60239 0.046936 0.141042
0 0.090994 0.663491 0.126272 0.226637
0 0.114916 0.810724 0.131117 0.279931
0 0.219508 0.916125 0.069578 0.166361
0 0.27737 0.941431 0.09526 0.115749
0 0.980685 0.374025 0.037849 0.133895
0 0.992239 0.273605 0.014741 0.100013
0 0.990765 0.231971 0.017689 0.13467
1 0.551453 0.59477 0.095825 0.137804
1 0.8731 0.251189 0.020411 0.056932
1 0.893159 0.265578 0.016892 0.039414
1 0.947354 0.269645 0.012669 0.033784
1 0.9375 0.217718 0.012669 0.027528
2 0.908995 0.206456 0.014077 0.02002
2 0.958615 0.191754 0.01478 0.020646
1 0.855504 0.157345 0.01478 0.030656
1 0.468503 0.28525 0.038074 0.05538
1 0.359968 0.341508 0.029668 0.072961
2 0.399278 0.534019 0.074664 0.087025
1 0.306814 0.525229 0.060819 0.1468
1 0.306566 0.576653 0.05538 0.130098
1 0.244759 0.557753 0.035601 0.099332
1 0.208416 0.470288 0.034118 0.066807
1 0.17677 0.457542 0.03214 0.067686
