0 0.079488 0.421781 0.046936 0.166344
0 0.12173 0.421781 0.065407 0.184647
0 0.038608 0.466193 0.047541 0.141042
0 0.0539 0.515181 0.088421 0.175495
0 0.127634 0.778693 0.128089 0.25786
0 0.24026 0.946226 0.136667 0.106158
0 0.972708 0.388378 0.053803 0.180189
2 0.735874 0.438412 0.068655 0.064534
1 0.960748 0.232372 0.014866 0.02446
1 0.970869 0.220704 0.009489 0.017994
1 0.955924 0.193573 0.011228 0.022773
1 0.886497 0.143668 0.008066 0.012371
1 0.892902 0.148729 0.00601 0.013495
1 0.731276 0.309202 0.041463 0.068281
1 0.612234 0.406774 0.045173 0.119879
2 0.542329 0.47773 0.146484 0.162835
2 0.43979 0.404394 0.061288 0.078424
1 0.122623 0.371298 0.014925 0.038981
2 0.409674 0.207047 0.01929 0.035151
2 0.559655 0.224408 0.033275 0.025291
