0 0.043634 0.373079 0.039062 0.113771
0 0.044049 0.390071 0.040448 0.117218
0 0.037954 0.416667 0.045434 0.133964
0 0.043634 0.462224 0.055685 0.163022
0 0.051252 0.495715 0.05984 0.193558
0 0.121343 0.425039 0.063165 0.319149
0 0.142517 0.79605 0.120239 0.297309
0 0.234988 0.913392 0.121431 0.171827
0 0.242065 0.961731 0.066651 0.07515
0 0.437929 0.873904 0.178048 0.250803
0 0.847959 0.708463 0.15252 0.581686
0 0.916843 0.460512 0.055913 0.178377
0 0.962416 0.440768 0.042892 0.185185
0 0.979481 0.395779 0.040257 0.266776
0 0.965097 0.367919 0.034467 0.134804
0 0.995565 0.177519 0.008088 0.067184
0 0.980032 0.168437 0.013787 0.054466
0 0.871016 0.095429 0.012417 0.070364
0 0.80699 0.070594 0.011641 0.060247
1 0.829225 0.499595 0.042096 0.098436
1 0.909815 0.387338 0.03034 0.058657
1 0.927734 0.264502 0.021255 0.039828
1 0.909065 0.270884 0.018957 0.029105
1 0.919261 0.206801 0.014074 0.030637
2 0.935633 0.183824 0.012925 0.018382
1 0.879337 0.15191 0.007755 0.014808
2 0.848317 0.170803 0.015223 0.019914
1 0.613621 0.455012 0.058084 0.145531
1 0.541101 0.395833 0.029891 0.059783
1 0.469939 0.367452 0.060122 0.070652
1 0.59392 0.308877 0.04178 0.077899
1 0.572011 0.334239 0.049592 0.09843
2 0.30235 0.429243 0.062746 0.060149
1 0.248985 0.439086 0.026759 0.064523
1 0.200388 0.466699 0.02799 0.057415
1 0.171937 0.453029 0.028297 0.072725
