0 0.274169 0.164327 0.041151 0.156343
0 0.035825 0.447675 0.041151 0.132576
0 0.062354 0.525847 0.073321 0.204991
0 0.233984 0.93879 0.147656 0.121032
0 0.986328 0.268403 0.026562 0.095139
1 0.810755 0.636082 0.066489 0.130024
1 0.909798 0.235615 0.015147 0.027636
1 0.94597 0.242524 0.015745 0.037911
1 0.893031 0.148109 0.009931 0.020794
1 0.914879 0.160272 0.009048 0.022363
1 0.878355 0.184204 0.009269 0.021579
1 0.426713 0.456678 0.06338 0.13429
1 0.322446 0.559735 0.071976 0.167824
1 0.33167 0.574846 0.037616 0.100309
1 0.22262 0.516332 0.035084 0.072016
1 0.18016 0.460484 0.019888 0.054032
1 0.166276 0.426736 0.022917 0.046991
2 0.402437 0.302312 0.11672 0.054059
