0 0.128472 0.255787 0.037326 0.155093
0 0.05984 0.311515 0.018839 0.116726
0 0.063996 0.332939 0.023271 0.143814
0 0.072446 0.327522 0.028535 0.167455
0 0.031305 0.401645 0.034907 0.203408
0 0.034993 0.481771 0.054796 0.139853
0 0.059136 0.509259 0.069444 0.21412
0 0.114746 0.489005 0.076497 0.341435
0 0.096029 0.730613 0.122613 0.265239
0 0.158395 0.826511 0.129523 0.325292
0 0.159163 0.932097 0.065269 0.134418
0 0.222488 0.938188 0.120648 0.122234
0 0.967439 0.164474 0.011565 0.049342
0 0.885203 0.104852 0.012593 0.068074
1 0.941387 0.184667 0.00894 0.023148
1 0.933905 0.185876 0.008745 0.023494
1 0.909612 0.199696 0.011855 0.023494
1 0.897271 0.214898 0.013993 0.022803
1 0.932933 0.246511 0.014187 0.034895
1 0.91826 0.23891 0.01477 0.034204
2 0.902324 0.241501 0.017879 0.026258
2 0.869597 0.195515 0.015333 0.019795
1 0.834915 0.165823 0.013508 0.027908
2 0.72868 0.162091 0.02519 0.021093
2 0.636223 0.27415 0.042852 0.03524
1 0.751239 0.553015 0.060976 0.098238
1 0.664301 0.537771 0.099562 0.125339
1 0.314882 0.647866 0.064787 0.096545
1 0.357755 0.543699 0.09718 0.181233
1 0.212938 0.483147 0.034299 0.075373
2 0.175543 0.476372 0.024295 0.053354
1 0.172685 0.333672 0.0262 0.055894
