0 0.031901 0.422454 0.058594 0.128858
0 0.048177 0.515046 0.073785 0.179784
0 0.249154 0.952855 0.097786 0.092901
0 0.990191 0.182639 0.015625 0.098765
0 0.883908 0.112212 0.017626 0.056741
1 0.805003 0.499145 0.071364 0.08547
1 0.888385 0.359988 0.02585 0.045956
1 0.877064 0.253538 0.025796 0.035377
2 0.938062 0.193595 0.015737 0.023481
2 0.863871 0.176609 0.017424 0.021483
2 0.726591 0.185851 0.028384 0.033973
2 0.678395 0.127898 0.026978 0.025979
2 0.414453 0.221875 0.044531 0.053472
2 0.621094 0.296181 0.057031 0.042361
1 0.57746 0.501218 0.060307 0.120614
2 0.516811 0.48538 0.150082 0.15229
1 0.457189 0.608431 0.048657 0.169347
2 0.26156 0.316723 0.062817 0.057245
