0 0.039062 0.404742 0.046559 0.143098
0 0.053267 0.509961 0.059975 0.204826
0 0.152588 0.538889 0.085449 0.392795
0 0.100098 0.71033 0.059814 0.16059
0 0.110168 0.780859 0.144653 0.292969
0 0.159473 0.818056 0.133789 0.326389
0 0.23877 0.921701 0.157617 0.155208
0 0.884105 0.106165 0.012927 0.068445
0 0.678395 0.054706 0.01911 0.091427
1 0.771414 0.103667 0.011241 0.02548
2 0.713101 0.114908 0.028946 0.020983
1 0.832537 0.116157 0.014894 0.021483
2 0.819329 0.13714 0.017705 0.016487
2 0.873843 0.193673 0.015625 0.021091
1 0.890191 0.201132 0.015336 0.029835
1 0.853154 0.237654 0.026331 0.039095
2 0.837384 0.174126 0.015046 0.014918
1 0.932726 0.217593 0.018229 0.039095
1 0.815972 0.336934 0.050926 0.080247
1 0.886719 0.372942 0.04485 0.075103
1 0.838108 0.448817 0.0489 0.119856
1 0.483817 0.797669 0.078125 0.181052
1 0.326172 0.649479 0.07115 0.132688
1 0.265137 0.597396 0.087193 0.137649
2 0.308036 0.557093 0.047433 0.128968
1 0.231655 0.467808 0.03976 0.084325
2 0.273507 0.389683 0.046735 0.034722
