0 0.098716 0.263512 0.030887 0.168497
0 0.072523 0.276163 0.023922 0.158269
0 0.055717 0.282354 0.016957 0.15127
0 0.052689 0.305233 0.021802 0.165805
0 0.068132 0.324882 0.022408 0.117894
0 0.055111 0.341839 0.02483 0.136736
0 0.092811 0.358527 0.029373 0.199182
0 0.035883 0.404554 0.045119 0.132967
0 0.031189 0.452735 0.052689 0.132429
0 0.046179 0.513028 0.068738 0.180879
0 0.132177 0.497147 0.048752 0.229866
0 0.11025 0.65765 0.087264 0.415214
0 0.263672 0.514352 0.069247 0.354588
0 0.159292 0.83419 0.13376 0.33023
0 0.139989 0.952394 0.066897 0.093824
0 0.9468 0.601108 0.074801 0.316194
0 0.915305 0.122948 0.013849 0.06976
0 0.885298 0.105587 0.011719 0.061553
1 0.937234 0.183712 0.011896 0.024621
1 0.909091 0.222064 0.019176 0.027462
1 0.848455 0.19697 0.020064 0.040404
2 0.823975 0.239149 0.026855 0.036458
1 0.866455 0.370443 0.037109 0.083767
1 0.874512 0.409505 0.032715 0.101997
1 0.633585 0.306013 0.054945 0.065629
2 0.576477 0.9051 0.186157 0.163845
1 0.436096 0.791168 0.098267 0.148655
1 0.388794 0.695681 0.061035 0.124783
1 0.298157 0.603451 0.084839 0.152995
2 0.645812 0.223702 0.042264 0.05806
1 0.232885 0.295433 0.079118 0.065913
1 0.168498 0.365466 0.025159 0.038842
