0 0.036531 0.407665 0.042679 0.131173
0 0.050456 0.466178 0.061849 0.190329
0 0.118634 0.392233 0.056424 0.171039
0 0.050998 0.516011 0.079572 0.193544
0 0.096013 0.760155 0.104658 0.271226
0 0.10412 0.771292 0.081073 0.186059
0 0.144756 0.846646 0.115175 0.30532
0 0.236107 0.938365 0.09888 0.121882
0 0.97455 0.166601 0.020637 0.056342
0 0.884264 0.102398 0.018426 0.069444
1 0.564763 0.854494 0.106132 0.195231
1 0.588348 0.815841 0.09434 0.309224
1 0.178191 0.438483 0.037588 0.073375
2 0.25779 0.440448 0.056751 0.058962
1 0.276216 0.35266 0.043485 0.056342
2 0.200302 0.342833 0.028744 0.039308
2 0.191458 0.32711 0.086232 0.055031
1 0.409987 0.354625 0.060436 0.073375
2 0.494745 0.385417 0.095814 0.066824
2 0.62483 0.437172 0.047907 0.104822
2 0.724698 0.226874 0.057488 0.053721
1 0.521647 0.239976 0.061173 0.053721
1 0.843359 0.281905 0.029481 0.064203
2 0.48971 0.192243 0.043826 0.033875
2 0.300386 0.300633 0.04104 0.038678
1 0.934355 0.295139 0.020193 0.037076
1 0.892975 0.234816 0.018869 0.035311
1 0.94859 0.243938 0.015559 0.031191
1 0.932369 0.176554 0.010262 0.020009
2 0.902575 0.182145 0.022842 0.026483
2 0.857058 0.191266 0.031118 0.024718
2 0.812533 0.144185 0.024166 0.035311
