0 0.077716 0.287949 0.032664 0.095738
0 0.028249 0.39604 0.052877 0.100394
0 0.033054 0.404617 0.046371 0.120072
0 0.031456 0.453616 0.053082 0.119888
0 0.051697 0.514951 0.093629 0.176313
0 0.093246 0.701837 0.092238 0.257616
0 0.163074 0.826572 0.143688 0.339525
0 0.211046 0.941966 0.107964 0.118885
0 0.163235 0.930869 0.094537 0.132861
0 0.137665 0.397247 0.067463 0.304334
0 0.96715 0.293783 0.028649 0.185887
1 0.82737 0.371806 0.042487 0.137199
1 0.447769 0.769746 0.134573 0.160288
2 0.478899 0.650297 0.202696 0.201429
1 0.327146 0.547404 0.088754 0.108641
1 0.79203 0.105874 0.010459 0.037189
1 0.809448 0.11787 0.01063 0.042037
1 0.770406 0.171784 0.049864 0.038945
0 0.07737 0.286011 0.024666 0.043313
1 0.83805 0.337656 0.02551 0.083617
2 0.900777 0.310213 0.040232 0.056554
2 0.890251 0.251164 0.037425 0.042415
2 0.823119 0.240353 0.045378 0.046574
2 0.854679 0.180252 0.039703 0.03643
