0 0.066623 0.294753 0.027344 0.162037
0 0.037842 0.400543 0.046387 0.109592
0 0.047607 0.518273 0.079346 0.190972
0 0.081482 0.544314 0.08606 0.31684
0 0.115967 0.39783 0.059814 0.167101
0 0.094604 0.768381 0.125732 0.285373
0 0.102844 0.736914 0.075073 0.152995
0 0.259399 0.620812 0.091553 0.268012
0 0.251465 0.93125 0.108789 0.136111
0 0.975624 0.169225 0.015077 0.05117
0 0.890646 0.105872 0.017818 0.073099
1 0.856513 0.135297 0.01246 0.032328
1 0.80398 0.106861 0.007745 0.018558
1 0.7895 0.099677 0.008419 0.017361
2 0.77603 0.116739 0.021888 0.01796
2 0.771148 0.159842 0.034348 0.03592
2 0.660062 0.220884 0.054123 0.040161
2 0.560994 0.267738 0.068712 0.053548
2 0.916363 0.166476 0.013913 0.023782
2 0.936296 0.218322 0.012575 0.027588
1 0.861917 0.270881 0.030233 0.046138
2 0.853221 0.333428 0.066353 0.045662
2 0.629427 0.321759 0.083854 0.047222
1 0.520052 0.331944 0.048438 0.076852
2 0.491927 0.436111 0.103646 0.111111
1 0.409635 0.591204 0.053646 0.171296
1 0.504427 0.630556 0.084896 0.144444
1 0.321094 0.66713 0.054688 0.139815
2 0.278385 0.581019 0.038021 0.09537
1 0.647396 0.880556 0.084375 0.17037
1 0.68125 0.80787 0.084375 0.20463
