0 0.321238 0.1415 0.027755 0.143588
0 0.171218 0.242893 0.030666 0.144406
0 0.131517 0.224883 0.033404 0.155763
0 0.079719 0.263605 0.033881 0.150227
0 0.081114 0.323129 0.038265 0.186366
0 0.128846 0.388676 0.052814 0.264314
0 0.142199 0.359092 0.050821 0.133574
0 0.031544 0.44002 0.054446 0.141962
0 0.076742 0.573378 0.072248 0.212021
0 0.212481 0.528394 0.08474 0.429547
0 0.18399 0.943035 0.083786 0.108696
0 0.143795 0.949577 0.092844 0.095612
1 0.470448 0.87963 0.122283 0.231481
1 0.261686 0.313677 0.052635 0.090631
2 0.413778 0.217531 0.043202 0.04599
2 0.832465 0.37963 0.042824 0.053498
