0 0.113184 0.413021 0.053711 0.137847
0 0.124902 0.449826 0.064648 0.198264
0 0.04772 0.506194 0.060389 0.158033
0 0.058488 0.585398 0.081081 0.176051
0 0.17343 0.857124 0.108145 0.28035
1 0.774836 0.096607 0.009658 0.036388
1 0.815195 0.11557 0.010811 0.033825
1 0.797311 0.109762 0.009846 0.028983
1 0.43736 0.456349 0.062779 0.097553
1 0.253227 0.548309 0.054687 0.097826
1 0.31233 0.549215 0.056046 0.1407
1 0.317935 0.645229 0.116168 0.170894
1 0.54097 0.757429 0.088118 0.191645
1 0.640566 0.699144 0.081649 0.227652
1 0.647762 0.845865 0.113663 0.260025
1 0.844612 0.297177 0.038696 0.096179
1 0.813527 0.300111 0.038146 0.038798
1 0.882228 0.242347 0.034014 0.030234
1 0.952189 0.246643 0.01259 0.047348
