0 0.489569 0.09043 0.039921 0.130495
0 0.106362 0.311482 0.036771 0.082071
0 0.140752 0.352564 0.046812 0.128205
0 0.111732 0.31056 0.035353 0.211437
0 0.060174 0.382547 0.03274 0.232017
0 0.040123 0.402998 0.039239 0.136689
0 0.03307 0.431068 0.057706 0.128235
0 0.067805 0.57489 0.068137 0.191761
0 0.1875 0.764722 0.145 0.311667
0 0.951138 0.573515 0.074421 0.255029
0 0.783102 0.687859 0.089238 0.235872
1 0.686198 0.85841 0.078125 0.23071
1 0.424913 0.765818 0.147569 0.260031
1 0.297272 0.665902 0.099311 0.206568
2 0.542517 0.260273 0.076511 0.093549
