0 0.383956 0.118564 0.052973 0.144309
0 0.17837 0.278614 0.038121 0.126339
0 0.103657 0.346176 0.042592 0.12341
0 0.062266 0.343809 0.022035 0.150463
0 0.048828 0.419322 0.043888 0.224265
0 0.032284 0.442402 0.046186 0.156863
0 0.076057 0.576797 0.071691 0.223856
0 0.170619 0.798371 0.12112 0.33255
0 0.216797 0.917614 0.084872 0.162247
0 0.114169 0.915404 0.084872 0.166667
0 0.951761 0.467372 0.061384 0.352734
0 0.32963 0.543602 0.077805 0.186703
1 0.16096 0.34518 0.026884 0.080882
2 0.478644 0.308388 0.033666 0.094115
2 0.554294 0.548019 0.067527 0.151809
2 0.73259 0.530113 0.052196 0.123922
1 0.691469 0.873746 0.087576 0.216174
