0 0.954654 0.481582 0.064878 0.196256
0 0.429332 0.125473 0.033026 0.07923
0 0.076743 0.271718 0.027086 0.145768
0 0.047135 0.322685 0.038542 0.164815
0 0.033464 0.343981 0.03724 0.171296
0 0.045964 0.43287 0.054948 0.147222
0 0.047396 0.508796 0.076563 0.153704
0 0.136218 0.881855 0.149239 0.234152
1 0.417919 0.549769 0.066607 0.200321
2 0.369091 0.454505 0.165264 0.104167
2 0.246895 0.385506 0.121194 0.076567
2 0.692694 0.333807 0.068803 0.09154
2 0.857282 0.296069 0.032785 0.040303
1 0.867746 0.342262 0.055106 0.052083
1 0.896868 0.282428 0.035226 0.083705
1 0.885377 0.152096 0.010305 0.028971
1 0.802339 0.118013 0.011982 0.034083
1 0.779333 0.108427 0.010544 0.034509
1 0.764355 0.112048 0.008388 0.025562
1 0.752253 0.107575 0.008627 0.030249
