0 0.962598 0.176736 0.012305 0.043056
0 0.94043 0.159722 0.013672 0.041667
0 0.92334 0.150868 0.016602 0.052431
0 0.896582 0.136806 0.014258 0.045139
0 0.830566 0.098437 0.016211 0.037847
0 0.972559 0.437586 0.051679 0.170376
0 0.978746 0.364691 0.03979 0.145359
0 0.983235 0.351536 0.030328 0.124224
0 0.976684 0.27368 0.039062 0.179003
0 0.951451 0.339674 0.036636 0.20402
0 0.749512 0.861304 0.150282 0.27392
0 0.258959 0.176375 0.0309 0.163419
0 0.166246 0.219406 0.030758 0.148458
0 0.150175 0.228839 0.029374 0.170604
0 0.059349 0.336822 0.032646 0.171766
0 0.038025 0.36148 0.028872 0.117083
0 0.025846 0.424499 0.042293 0.106516
0 0.028195 0.44669 0.051104 0.231307
0 0.053454 0.486372 0.064027 0.163429
0 0.075335 0.564432 0.1166 0.185881
0 0.11939 0.781903 0.127761 0.265769
0 0.148667 0.968272 0.087042 0.062067
1 0.352943 0.665685 0.057213 0.197811
1 0.294744 0.693743 0.053662 0.154321
2 0.600714 0.210389 0.054739 0.055281
2 0.711806 0.267306 0.042163 0.070547
2 0.781405 0.264275 0.070375 0.043541
2 0.876271 0.246638 0.025112 0.044643
1 0.95685 0.211079 0.0129 0.044897
1 0.942496 0.208979 0.01181 0.039406
1 0.917424 0.203973 0.01399 0.042313
1 0.910429 0.212855 0.015988 0.044574
