0 0.807341 0.089191 0.025048 0.032602
0 0.843869 0.105227 0.019979 0.037108
0 0.897468 0.120998 0.012077 0.058047
0 0.907979 0.124973 0.01312 0.050626
0 0.919161 0.144985 0.012822 0.038168
0 0.95308 0.152009 0.010586 0.053806
0 0.93422 0.157045 0.009542 0.028891
0 0.983647 0.346338 0.031925 0.108712
0 0.982777 0.375237 0.031072 0.228062
0 0.874023 0.851878 0.128729 0.29435
0 0.849387 0.72601 0.126509 0.531881
0 0.775701 0.78559 0.089222 0.362216
0 0.673162 0.818734 0.154031 0.357481
0 0.151953 0.968634 0.091406 0.061343
0 0.155273 0.952199 0.080859 0.094213
0 0.120221 0.786812 0.104672 0.277778
0 0.113964 0.447681 0.070919 0.337109
0 0.109982 0.266653 0.033374 0.146305
0 0.033184 0.380259 0.055749 0.115965
0 0.041338 0.433859 0.053853 0.155744
0 0.051009 0.511731 0.070919 0.194175
0 0.066748 0.594323 0.105431 0.24609
1 0.555186 0.677083 0.120512 0.251921
1 0.529214 0.850694 0.090176 0.229758
1 0.826736 0.317394 0.042208 0.093214
1 0.806942 0.335804 0.031984 0.050802
2 0.52465 0.184986 0.033675 0.03552
2 0.934939 0.197139 0.016223 0.02163
2 0.917222 0.206246 0.01665 0.02163
2 0.928001 0.221995 0.02284 0.02201
2 0.903881 0.230723 0.018144 0.02201
2 0.963542 0.240399 0.015796 0.026184
2 0.963755 0.201692 0.014942 0.024666
