0 0.813643 0.735095 0.109248 0.23374
0 0.914158 0.454776 0.042873 0.203817
0 0.948615 0.403963 0.038745 0.304313
0 0.975133 0.356538 0.040333 0.149616
0 0.982846 0.348591 0.033527 0.129206
1 0.923844 0.348634 0.033028 0.07509
0 0.244256 0.182598 0.030331 0.137255
0 0.216022 0.219326 0.028855 0.105737
0 0.179449 0.209311 0.031727 0.160407
0 0.155776 0.291431 0.041148 0.110235
0 0.139844 0.225174 0.026172 0.162847
0 0.116699 0.257118 0.033789 0.167014
0 0.114551 0.334722 0.031836 0.171528
0 0.091905 0.358796 0.038411 0.168981
0 0.089952 0.316165 0.026693 0.146219
0 0.095812 0.294174 0.021484 0.14159
0 0.068468 0.29784 0.031033 0.165123
0 0.077148 0.381559 0.04362 0.259259
0 0.067274 0.375386 0.039497 0.218364
0 0.057075 0.347801 0.039497 0.217207
0 0.045898 0.314043 0.033203 0.189043
0 0.039871 0.35249 0.02694 0.130268
0 0.021956 0.386734 0.036369 0.102969
0 0.028152 0.436063 0.046067 0.129789
0 0.036638 0.491619 0.057112 0.139368
0 0.054822 0.569923 0.083244 0.199234
0 0.121002 0.513238 0.083313 0.317925
0 0.124969 0.663791 0.103455 0.394423
0 0.154114 0.655111 0.120239 0.43674
0 0.228424 0.536024 0.06134 0.307075
1 0.191342 0.499847 0.06675 0.135836
1 0.295205 0.647795 0.100191 0.153732
0 0.140365 0.878241 0.151562 0.237963
0 0.148958 0.985185 0.055208 0.024074
2 0.396729 0.690828 0.136719 0.149016
2 0.346273 0.528067 0.048014 0.10272
1 0.504402 0.493 0.110367 0.079916
1 0.478671 0.469852 0.101066 0.073302
2 0.480841 0.426312 0.112847 0.067791
1 0.702545 0.838146 0.070777 0.19527
1 0.704479 0.558306 0.081606 0.211771
1 0.785112 0.414901 0.074815 0.063167
1 0.691318 0.303868 0.044359 0.106325
2 0.778353 0.192117 0.034555 0.032433
