0 0.077001 0.359962 0.039906 0.210332
0 0.144447 0.37445 0.053395 0.260292
0 0.168053 0.565797 0.061826 0.320244
0 0.227344 0.485764 0.121094 0.410417
0 0.032486 0.412238 0.056601 0.115859
0 0.042849 0.424993 0.04265 0.1357
0 0.046935 0.504358 0.073143 0.163336
0 0.070651 0.579826 0.106226 0.209396
0 0.123366 0.789045 0.138712 0.284864
0 0.969319 0.44495 0.049151 0.18074
1 0.318895 0.651733 0.072248 0.21325
1 0.340846 0.547566 0.077434 0.169617
1 0.637894 0.69141 0.103914 0.153047
0 0.61514 0.884237 0.122118 0.21103
1 0.782957 0.458131 0.063334 0.182713
1 0.870723 0.272346 0.024005 0.041899
1 0.899856 0.306099 0.025532 0.05121
2 0.926589 0.355175 0.023132 0.053926
2 0.935209 0.201932 0.031643 0.041511
2 0.80601 0.254812 0.052596 0.038276
2 0.592162 0.144994 0.042497 0.035104
2 0.61222 0.218193 0.067998 0.045439
2 0.418355 0.290638 0.095968 0.066872
2 0.69184 0.177083 0.050347 0.036265
