0 0.43447 0.813934 0.135227 0.370742
0 0.909598 0.638558 0.112351 0.447751
0 0.967448 0.487103 0.062872 0.185847
0 0.981948 0.3438 0.035324 0.108234
0 0.72982 0.056172 0.018098 0.078024
0 0.717302 0.053625 0.012367 0.078293
0 0.390868 0.116065 0.027259 0.128288
0 0.31171 0.178462 0.044951 0.100592
0 0.239014 0.186343 0.039876 0.133681
0 0.063418 0.298904 0.02612 0.168591
0 0.027147 0.406184 0.042993 0.145003
0 0.039308 0.427367 0.04717 0.134085
0 0.044836 0.49441 0.05626 0.152865
0 0.063753 0.561889 0.081319 0.215321
0 0.100236 0.725017 0.096305 0.237596
0 0.137333 0.763889 0.09827 0.293501
0 0.158304 0.882689 0.158392 0.233233
1 0.684777 0.737233 0.12429 0.171156
1 0.696812 0.678311 0.086016 0.252525
2 0.39326 0.561067 0.117498 0.116843
1 0.180075 0.435382 0.04211 0.100473
1 0.162899 0.40263 0.037123 0.07437
2 0.190741 0.344021 0.046266 0.033983
2 0.548742 0.223141 0.048541 0.03268
2 0.641995 0.127615 0.031453 0.020743
2 0.698433 0.245577 0.043427 0.043451
1 0.734222 0.198246 0.019859 0.047331
2 0.809729 0.200962 0.031206 0.028709
1 0.853524 0.165598 0.020243 0.022492
1 0.8521 0.13678 0.01107 0.034019
1 0.876429 0.195753 0.019673 0.054348
2 0.905838 0.218254 0.020623 0.029331
2 0.881575 0.385179 0.054105 0.075914
2 0.944779 0.221705 0.025718 0.031056
1 0.891294 0.150373 0.0076 0.028372
2 0.910217 0.162127 0.018087 0.028642
