0 0.976783 0.1586 0.013951 0.062396
0 0.913563 0.147374 0.014685 0.049342
0 0.87384 0.106908 0.010426 0.058218
0 0.863193 0.115132 0.019678 0.03916
0 0.807536 0.09033 0.018503 0.031328
0 0.808418 0.086153 0.022909 0.037594
2 0.888343 0.148382 0.016971 0.031471
0 0.244273 0.182252 0.026867 0.13449
0 0.223593 0.218546 0.038179 0.104638
0 0.155841 0.239569 0.039062 0.171141
0 0.130917 0.232305 0.029419 0.162424
0 0.080412 0.270325 0.024771 0.155149
0 0.092893 0.29878 0.016959 0.113144
0 0.075267 0.340786 0.02782 0.170732
0 0.090701 0.348069 0.023247 0.148713
0 0.025805 0.40383 0.041193 0.113215
0 0.038352 0.428872 0.046875 0.132155
0 0.048295 0.493266 0.057765 0.160774
0 0.060837 0.57104 0.0805 0.199887
0 0.070603 0.677787 0.103727 0.3186
0 0.143713 0.874859 0.141206 0.245402
0 0.157042 0.971753 0.08921 0.054429
0 0.123355 0.655806 0.113369 0.419799
0 0.192654 0.504602 0.05478 0.156147
0 0.159717 0.432076 0.061945 0.186966
0 0.95476 0.583414 0.089026 0.394864
0 0.969068 0.446948 0.052235 0.194606
0 0.972111 0.351818 0.04452 0.126634
0 0.981336 0.345353 0.036546 0.12596
2 0.41547 0.189951 0.034754 0.042892
2 0.488905 0.416297 0.058594 0.107122
2 0.779569 0.196836 0.020954 0.032193
1 0.807378 0.1766 0.027421 0.020235
1 0.831048 0.165563 0.020437 0.022075
1 0.809577 0.233398 0.029232 0.063926
1 0.780123 0.537527 0.077374 0.193643
1 0.823734 0.466342 0.057026 0.082117
2 0.857664 0.418694 0.061017 0.076034
2 0.882832 0.333961 0.020218 0.032105
2 0.911982 0.351759 0.037296 0.060022
