0 0.237082 0.47786 0.106745 0.418042
0 0.173654 0.415635 0.059561 0.316969
0 0.138579 0.449972 0.066167 0.192271
0 0.028946 0.386574 0.036258 0.112179
0 0.024239 0.419516 0.038462 0.130342
0 0.044671 0.426816 0.052885 0.132835
0 0.039964 0.49359 0.058694 0.131054
0 0.060497 0.581731 0.077724 0.212607
0 0.11869 0.782585 0.102764 0.249644
0 0.200147 0.884901 0.121829 0.224147
0 0.283687 0.893496 0.095529 0.211084
0 0.866008 0.557521 0.120136 0.522799
0 0.968824 0.442217 0.050855 0.187369
0 0.973714 0.477673 0.051791 0.30021
1 0.669054 0.793596 0.161024 0.289352
2 0.740248 0.407555 0.098072 0.063534
1 0.925174 0.251852 0.019444 0.05679
1 0.923785 0.196142 0.011458 0.034877
1 0.921788 0.22037 0.01059 0.033951
1 0.913889 0.220216 0.010764 0.033642
1 0.96224 0.230864 0.015451 0.040123
2 0.729167 0.158179 0.050347 0.041667
2 0.529514 0.225309 0.064236 0.042181
2 0.590133 0.318673 0.074942 0.05607
1 0.333252 0.3094 0.103585 0.079365
1 0.307443 0.521143 0.065918 0.129588
1 0.340402 0.62128 0.139509 0.146329
