0 0.331383 0.084569 0.017617 0.074869
0 0.306791 0.101797 0.018482 0.041843
1 0.297844 0.122478 0.011903 0.032003
2 0.350899 0.161875 0.045823 0.038315
1 0.242426 0.141335 0.011794 0.031245
1 0.213889 0.154145 0.010234 0.028686
2 0.484549 0.455243 0.127286 0.100751
2 0.15355 0.176722 0.009648 0.027695
2 0.65345 0.525059 0.13534 0.1359
2 0.247696 0.203597 0.050703 0.04727
2 0.326218 0.32114 0.075413 0.076776
2 0.087926 0.209563 0.013906 0.024334
1 0.171093 0.16315 0.011432 0.029117
0 0.331949 0.081425 0.017389 0.079629
