0 0.72489 0.095723 0.014712 0.049556
0 0.7412 0.097825 0.015624 0.045314
0 0.658088 0.085796 0.019493 0.081957
0 0.774427 0.112036 0.013646 0.047776
0 0.776542 0.110096 0.013333 0.046481
0 0.790854 0.116827 0.013663 0.046267
0 0.801628 0.116314 0.014633 0.04472
0 0.815479 0.121538 0.015652 0.04696
0 0.833032 0.126172 0.017032 0.050603
0 0.84983 0.135207 0.013757 0.046967
0 0.686664 0.081548 0.014669 0.07228
2 0.365137 0.286111 0.053711 0.0375
2 0.683643 0.165084 0.016864 0.032565
2 0.688927 0.214901 0.032965 0.040127
2 0.292925 0.421351 0.10765 0.104359
2 0.138118 0.512771 0.065476 0.08557
2 0.448324 0.29227 0.080043 0.04398
2 0.269472 0.399862 0.087692 0.07987
2 0.81672 0.222449 0.019724 0.044357
2 0.795959 0.242055 0.024273 0.060014
2 0.679876 0.329758 0.043743 0.070539
2 0.847971 0.169484 0.014627 0.025507
1 0.915301 0.202333 0.01138 0.025025
0 0.871238 0.142839 0.012532 0.053306
