0 0.726424 0.095458 0.013611 0.049455
0 0.740417 0.099167 0.013958 0.042037
0 0.760416 0.106421 0.016248 0.048767
0 0.774427 0.112036 0.013646 0.047776
0 0.777567 0.110278 0.013333 0.046481
0 0.78861 0.117279 0.014096 0.044928
0 0.801628 0.116314 0.014633 0.04472
0 0.815263 0.123304 0.016085 0.04343
0 0.833228 0.126906 0.01664 0.049134
0 0.855974 0.138164 0.01298 0.047518
0 0.020344 0.434725 0.037069 0.237748
2 0.27468 0.344066 0.051847 0.045455
1 0.079816 0.472221 0.01832 0.085221
2 0.580265 0.205513 0.055987 0.041873
2 0.705937 0.167342 0.037539 0.023665
2 0.755079 0.151873 0.019808 0.017705
1 0.795 0.153534 0.009239 0.028548
1 0.806281 0.15879 0.010579 0.03574
1 0.843189 0.168467 0.01067 0.027328
1 0.857634 0.177065 0.011545 0.028092
2 0.867205 0.188157 0.021643 0.023461
2 0.717295 0.296059 0.063397 0.091075
2 0.811632 0.288709 0.044367 0.046725
