0 0.72478 0.095144 0.014492 0.048398
0 0.739571 0.095734 0.015009 0.048792
0 0.760415 0.106826 0.016046 0.052135
0 0.774427 0.112036 0.013646 0.047776
0 0.777567 0.110278 0.013333 0.046481
0 0.78861 0.117279 0.014096 0.044928
0 0.801628 0.116314 0.014633 0.04472
0 0.815263 0.123304 0.016085 0.04343
0 0.833228 0.126906 0.01664 0.049134
0 0.851601 0.135096 0.014161 0.049535
0 0.175648 0.242926 0.031258 0.156939
2 0.427122 0.220681 0.035042 0.023373
2 0.711913 0.130736 0.022163 0.020097
1 0.796456 0.151925 0.012243 0.032572
1 0.811261 0.155242 0.013727 0.028989
2 0.801258 0.163709 0.017727 0.020672
2 0.680203 0.214613 0.049227 0.041554
1 0.776639 0.144296 0.014373 0.027616
1 0.853422 0.168757 0.013387 0.024164
2 0.870326 0.182972 0.013507 0.02399
2 0.836679 0.199166 0.022967 0.032111
2 0.559434 0.340307 0.095835 0.056501
1 0.921625 0.212184 0.011586 0.030702
0 0.870865 0.14317 0.012532 0.053306
