0 0.72489 0.095723 0.014712 0.049556
0 0.741163 0.098915 0.01507 0.043939
0 0.567946 0.100757 0.025885 0.106305
0 0.774427 0.112036 0.013646 0.047776
0 0.776542 0.110096 0.013333 0.046481
0 0.790854 0.116827 0.013663 0.046267
0 0.801628 0.116314 0.014633 0.04472
0 0.815479 0.121538 0.015652 0.04696
0 0.833032 0.126172 0.017032 0.050603
0 0.84983 0.135207 0.013757 0.046967
0 0.678619 0.092871 0.018544 0.05361
2 0.59049 0.185576 0.038919 0.025438
2 0.647064 0.150517 0.019869 0.045204
2 0.803572 0.163216 0.0203 0.029907
2 0.680599 0.22865 0.060448 0.062825
2 0.567986 0.282629 0.104262 0.067913
2 0.150757 0.525897 0.06958 0.121528
2 0.37144 0.408808 0.088012 0.09095
2 0.853836 0.174176 0.017271 0.024156
2 0.868491 0.189321 0.017157 0.031077
2 0.83704 0.209705 0.023894 0.031068
2 0.756672 0.215809 0.033455 0.038876
2 0.901531 0.198753 0.016515 0.021701
0 0.871238 0.142839 0.012532 0.053306
