0 0.72489 0.095723 0.014712 0.049556
0 0.740137 0.096528 0.015039 0.05
0 0.634759 0.089039 0.026092 0.090894
0 0.774427 0.112036 0.013646 0.047776
0 0.776542 0.110096 0.013333 0.046481
0 0.790854 0.116827 0.013663 0.046267
0 0.801628 0.116314 0.014633 0.04472
0 0.815479 0.121538 0.015652 0.04696
0 0.833032 0.126172 0.017032 0.050603
0 0.84983 0.135207 0.013757 0.046967
0 0.71126 0.082969 0.012313 0.066109
2 0.402443 0.264712 0.049538 0.051855
2 0.678338 0.160195 0.021084 0.01741
2 0.711562 0.204291 0.032965 0.040127
2 0.390059 0.380183 0.096241 0.085044
1 0.198775 0.468327 0.076144 0.093599
2 0.395029 0.320738 0.090327 0.049587
2 0.235965 0.425121 0.087692 0.07987
2 0.826387 0.208073 0.01993 0.036287
2 0.814643 0.233465 0.025579 0.043902
2 0.72081 0.311165 0.046501 0.059483
2 0.822576 0.169944 0.022066 0.022429
2 0.914909 0.20747 0.01138 0.025025
0 0.871238 0.142839 0.012532 0.053306
