0 0.726424 0.095458 0.013611 0.049455
0 0.740417 0.099167 0.013958 0.042037
0 0.760416 0.106421 0.016248 0.048767
0 0.774062 0.111852 0.012917 0.047407
0 0.777567 0.110278 0.013333 0.046481
0 0.78861 0.117279 0.014096 0.044928
0 0.801628 0.116314 0.014633 0.04472
0 0.815263 0.123304 0.016085 0.04343
0 0.833228 0.126906 0.01664 0.049134
0 0.855545 0.137822 0.013838 0.048202
0 0.018568 0.430551 0.037137 0.223601
2 0.073023 0.478256 0.025785 0.085324
2 0.645345 0.182962 0.04163 0.027905
2 0.744595 0.156573 0.022075 0.011789
1 0.784002 0.155163 0.008767 0.036194
1 0.806422 0.156982 0.009254 0.034982
1 0.815451 0.163929 0.0113 0.040004
1 0.85851 0.175796 0.011928 0.019425
2 0.862837 0.179529 0.012167 0.017273
2 0.861697 0.199106 0.01903 0.024281
1 0.608176 0.384007 0.117961 0.176705
2 0.830603 0.270214 0.031503 0.034689
