0 0.725212 0.094807 0.015067 0.049073
0 0.739899 0.098937 0.013958 0.042037
0 0.760861 0.106745 0.015722 0.053933
0 0.774427 0.112036 0.013646 0.047776
0 0.777567 0.110278 0.013333 0.046481
0 0.78861 0.117279 0.014096 0.044928
0 0.801628 0.116314 0.014633 0.04472
0 0.815263 0.123304 0.016085 0.04343
0 0.833228 0.126906 0.01664 0.049134
0 0.856078 0.138107 0.015667 0.048606
0 0.008216 0.45172 0.016431 0.250661
2 0.692341 0.14741 0.02732 0.023858
1 0.305197 0.307367 0.060802 0.049517
2 0.638134 0.236998 0.072318 0.058183
1 0.3986 0.357694 0.104749 0.095844
2 0.268511 0.392893 0.110501 0.083834
2 0.528823 0.251273 0.078125 0.048611
2 0.371481 0.548545 0.112174 0.16602
2 0.529996 0.371228 0.100309 0.078875
2 0.628726 0.286915 0.069644 0.048428
2 0.836918 0.177266 0.015815 0.016588
1 0.44845 0.809711 0.227331 0.186703
