0 0.72489 0.095723 0.014712 0.049556
0 0.740776 0.096637 0.016002 0.050201
0 0.627366 0.090591 0.023744 0.091403
0 0.774427 0.112036 0.013646 0.047776
0 0.776542 0.110096 0.013333 0.046481
0 0.790854 0.116827 0.013663 0.046267
0 0.801628 0.116314 0.014633 0.04472
0 0.815479 0.121538 0.015652 0.04696
0 0.833032 0.126172 0.017032 0.050603
0 0.84983 0.135207 0.013757 0.046967
0 0.721025 0.083916 0.012313 0.066109
2 0.411515 0.266103 0.050511 0.041664
2 0.678338 0.160195 0.021084 0.01741
2 0.716888 0.20366 0.032965 0.040127
2 0.408391 0.356217 0.069418 0.096637
2 0.20963 0.487439 0.094753 0.098754
2 0.373893 0.328277 0.072998 0.050441
1 0.230694 0.442207 0.087692 0.07987
2 0.827775 0.212362 0.01993 0.036287
2 0.818405 0.245019 0.025579 0.043902
2 0.727164 0.305726 0.046501 0.059483
2 0.820443 0.17113 0.022066 0.022429
2 0.915175 0.207233 0.01138 0.025025
0 0.871238 0.142839 0.012532 0.053306
