0 0.725212 0.094807 0.015067 0.049073
0 0.739899 0.098937 0.013958 0.042037
0 0.759472 0.114185 0.017713 0.038587
0 0.774427 0.112036 0.013646 0.047776
0 0.777567 0.110278 0.013333 0.046481
0 0.78861 0.117279 0.014096 0.044928
0 0.801628 0.116314 0.014633 0.04472
0 0.815263 0.123304 0.016085 0.04343
0 0.833228 0.126906 0.01664 0.049134
0 0.856078 0.138107 0.015667 0.048606
0 0.007865 0.450509 0.015729 0.248241
1 0.744505 0.139732 0.010549 0.027322
1 0.531116 0.208117 0.037359 0.025095
2 0.806896 0.153011 0.020473 0.02099
2 0.761329 0.173453 0.025036 0.029356
2 0.70051 0.205419 0.034069 0.034049
2 0.635151 0.239104 0.041219 0.044734
2 0.231226 0.506836 0.085202 0.085548
2 0.837684 0.210004 0.022736 0.030111
2 0.793449 0.254934 0.036878 0.0495
2 0.721732 0.294581 0.062862 0.073364
2 0.609164 0.295684 0.060642 0.043522
2 0.837034 0.418331 0.03826 0.072774
0 0.86937 0.145399 0.015106 0.056424
