0 0.724962 0.094913 0.014128 0.04886
0 0.740097 0.099112 0.013958 0.042037
0 0.760415 0.106826 0.016046 0.052135
0 0.774427 0.112036 0.013646 0.047776
0 0.777567 0.110278 0.013333 0.046481
0 0.78861 0.117279 0.014096 0.044928
0 0.801628 0.116314 0.014633 0.04472
0 0.815263 0.123304 0.016085 0.04343
0 0.833228 0.126906 0.01664 0.049134
0 0.852363 0.135165 0.015667 0.048606
0 0.019996 0.444966 0.036944 0.251142
1 0.710384 0.127097 0.015697 0.028545
2 0.652633 0.16347 0.022037 0.014801
2 0.468486 0.263026 0.072016 0.048567
2 0.645655 0.197839 0.045421 0.034495
2 0.729139 0.162402 0.034569 0.015159
2 0.788694 0.153111 0.021123 0.028897
2 0.750454 0.177675 0.034756 0.031441
2 0.810786 0.178797 0.027472 0.03532
1 0.855033 0.169892 0.019595 0.030151
1 0.867576 0.184325 0.015821 0.034084
2 0.683582 0.329214 0.062157 0.127675
2 0.907052 0.270034 0.023308 0.042325
0 0.869766 0.142927 0.013384 0.052662
