0 0.725212 0.094807 0.015067 0.049073
0 0.739899 0.098937 0.013958 0.042037
0 0.759472 0.114185 0.017713 0.038587
0 0.774427 0.112036 0.013646 0.047776
0 0.777567 0.110278 0.013333 0.046481
0 0.78861 0.117279 0.014096 0.044928
0 0.801628 0.116314 0.014633 0.04472
0 0.815263 0.123304 0.016085 0.04343
0 0.833228 0.126906 0.01664 0.049134
0 0.856078 0.138107 0.015667 0.048606
0 0.008003 0.450762 0.016007 0.248747
1 0.751585 0.141826 0.012779 0.02435
1 0.449233 0.234312 0.049507 0.049313
2 0.766951 0.17635 0.029479 0.030027
2 0.675006 0.219449 0.050385 0.048596
2 0.560417 0.286126 0.061237 0.054387
2 0.43266 0.366091 0.117672 0.100462
2 0.33235 0.407079 0.086307 0.069953
2 0.740014 0.294274 0.056996 0.065025
1 0.59392 0.43599 0.111073 0.128019
2 0.39574 0.538608 0.164621 0.138062
2 0.74114 0.219843 0.027547 0.032284
2 0.706236 0.641593 0.124447 0.218781
0 0.894471 0.145425 0.012919 0.074856
