0 0.72489 0.095723 0.014712 0.049556
0 0.742649 0.098955 0.017542 0.045777
0 0.760415 0.106826 0.016046 0.052135
0 0.774427 0.112036 0.013646 0.047776
0 0.777567 0.110278 0.013333 0.046481
0 0.78861 0.117279 0.014096 0.044928
0 0.801628 0.116314 0.014633 0.04472
0 0.815479 0.121538 0.015652 0.04696
0 0.833032 0.126172 0.017032 0.050603
0 0.84983 0.135207 0.013757 0.046967
0 0.63694 0.086008 0.014769 0.084658
1 0.297522 0.345373 0.029219 0.073542
2 0.704005 0.150298 0.015731 0.017951
2 0.515929 0.312951 0.063413 0.068543
2 0.340656 0.340118 0.082995 0.063572
2 0.425636 0.292639 0.064568 0.042075
2 0.619037 0.198412 0.038559 0.026156
2 0.534296 0.245115 0.057601 0.036488
2 0.662401 0.347352 0.062782 0.101756
1 0.530237 0.454925 0.099103 0.17554
2 0.253445 0.591529 0.084821 0.130952
2 0.850836 0.19657 0.017852 0.032133
2 0.914669 0.205716 0.01682 0.018675
0 0.871238 0.142839 0.012532 0.053306
