0 0.72478 0.095144 0.014492 0.048398
0 0.740097 0.099112 0.013958 0.042037
0 0.760415 0.106826 0.016046 0.052135
0 0.774427 0.112036 0.013646 0.047776
0 0.777567 0.110278 0.013333 0.046481
0 0.78861 0.117279 0.014096 0.044928
0 0.801628 0.116314 0.014633 0.04472
0 0.815263 0.123304 0.016085 0.04343
0 0.833228 0.126906 0.01664 0.049134
0 0.851601 0.135096 0.014161 0.049535
0 0.015657 0.467233 0.031313 0.249744
2 0.677537 0.136682 0.024425 0.013673
2 0.748856 0.136921 0.017125 0.016678
2 0.732447 0.194039 0.031246 0.033115
2 0.613825 0.247697 0.062379 0.053833
2 0.374616 0.396124 0.075549 0.09043
2 0.254163 0.4089 0.111534 0.091374
1 0.797552 0.150588 0.013163 0.030173
2 0.663664 0.334893 0.075054 0.099418
2 0.387147 0.609779 0.185681 0.16933
2 0.263951 0.597222 0.107515 0.107143
2 0.829534 0.180184 0.022088 0.024449
1 0.917628 0.20506 0.011136 0.02671
0 0.870865 0.14317 0.012532 0.053306
