0 0.72489 0.095723 0.014712 0.049556
0 0.742649 0.098955 0.017542 0.045777
0 0.760415 0.106826 0.016046 0.052135
0 0.774427 0.112036 0.013646 0.047776
0 0.777567 0.110278 0.013333 0.046481
0 0.789806 0.116827 0.013663 0.046267
0 0.801628 0.116314 0.014633 0.04472
0 0.815479 0.121538 0.015652 0.04696
0 0.833032 0.126172 0.017032 0.050603
0 0.84983 0.135207 0.013757 0.046967
0 0.647688 0.086279 0.01381 0.084643
2 0.296921 0.352574 0.025876 0.085148
2 0.697927 0.149378 0.018839 0.014283
2 0.564619 0.277266 0.064653 0.059104
2 0.269758 0.391254 0.097373 0.076993
2 0.358883 0.338774 0.079875 0.061575
2 0.582475 0.211332 0.05522 0.033775
2 0.488091 0.266091 0.084794 0.047087
2 0.710556 0.321138 0.059832 0.068428
2 0.636889 0.384161 0.080389 0.132251
2 0.316406 0.556424 0.15918 0.190972
2 0.854342 0.184223 0.016778 0.024954
2 0.916299 0.204846 0.014356 0.0138
0 0.871238 0.142839 0.012532 0.053306
