0 0.725212 0.094807 0.015067 0.049073
0 0.739899 0.098937 0.013958 0.042037
0 0.760861 0.106745 0.015722 0.053933
0 0.774427 0.112036 0.013646 0.047776
0 0.777567 0.110278 0.013333 0.046481
0 0.78861 0.117279 0.014096 0.044928
0 0.801628 0.116314 0.014633 0.04472
0 0.815263 0.123304 0.016085 0.04343
0 0.833228 0.126906 0.01664 0.049134
0 0.856078 0.138107 0.015667 0.048606
0 0.008224 0.452068 0.016447 0.251358
2 0.705166 0.143035 0.014964 0.022803
1 0.316639 0.307901 0.064156 0.04277
2 0.642631 0.231843 0.072318 0.058183
2 0.430333 0.346151 0.10133 0.077472
2 0.248894 0.403454 0.143805 0.096485
2 0.504298 0.260324 0.084539 0.045844
2 0.326676 0.566756 0.127898 0.132168
2 0.482178 0.391865 0.100098 0.073165
2 0.600018 0.315192 0.082062 0.048988
2 0.828312 0.180366 0.016265 0.010903
1 0.420132 0.864487 0.169627 0.14344
