0 0.725212 0.094807 0.015067 0.049073
0 0.739899 0.098937 0.013958 0.042037
0 0.759472 0.114185 0.017713 0.038587
0 0.774427 0.112036 0.013646 0.047776
0 0.777567 0.110278 0.013333 0.046481
0 0.78861 0.117279 0.014096 0.044928
0 0.801628 0.116314 0.014633 0.04472
0 0.815263 0.123304 0.016085 0.04343
0 0.833228 0.126906 0.01664 0.049134
0 0.856078 0.138107 0.015667 0.048606
0 0.008003 0.450762 0.016007 0.248747
2 0.75083 0.138574 0.020391 0.015015
1 0.430238 0.236535 0.037412 0.050535
2 0.750187 0.185865 0.03483 0.034124
2 0.648109 0.23047 0.066489 0.058215
2 0.509214 0.323094 0.088589 0.091982
2 0.388868 0.384738 0.104114 0.094299
2 0.360263 0.362881 0.041995 0.079983
2 0.707471 0.312089 0.074779 0.081169
2 0.464648 0.547569 0.177734 0.159028
2 0.234038 0.639667 0.090921 0.0892
2 0.754836 0.207498 0.03564 0.037781
2 0.535753 0.844907 0.246853 0.306713
0 0.926074 0.160243 0.016211 0.069097
