0 0.72478 0.095144 0.014492 0.048398
0 0.740097 0.099112 0.013958 0.042037
0 0.760415 0.106826 0.016046 0.052135
0 0.774427 0.112036 0.013646 0.047776
0 0.777567 0.110278 0.013333 0.046481
0 0.78861 0.117279 0.014096 0.044928
0 0.801628 0.116314 0.014633 0.04472
0 0.815263 0.123304 0.016085 0.04343
0 0.833228 0.126906 0.01664 0.049134
0 0.851601 0.135096 0.014161 0.049535
0 0.013525 0.466972 0.02705 0.249221
2 0.712014 0.127301 0.029679 0.017437
2 0.74662 0.138779 0.016324 0.014893
2 0.655189 0.23196 0.038268 0.047316
2 0.486592 0.315128 0.068201 0.077703
2 0.137737 0.536748 0.058909 0.090528
2 0.383389 0.320873 0.083461 0.048194
1 0.797181 0.150588 0.013163 0.030173
2 0.380415 0.571338 0.15625 0.203598
2 0.310281 0.53346 0.149148 0.089962
2 0.508413 0.370718 0.088186 0.092094
2 0.85884 0.17858 0.021329 0.020384
2 0.912938 0.203181 0.012902 0.01704
0 0.870865 0.14317 0.012532 0.053306
