0 0.72489 0.095723 0.014712 0.049556
0 0.74017 0.096706 0.015012 0.049931
0 0.620761 0.093108 0.026296 0.092172
0 0.774427 0.112036 0.013646 0.047776
0 0.776542 0.110096 0.013333 0.046481
0 0.790854 0.116827 0.013663 0.046267
0 0.801628 0.116314 0.014633 0.04472
0 0.815479 0.121538 0.015652 0.04696
0 0.833032 0.126172 0.017032 0.050603
0 0.84983 0.135207 0.013757 0.046967
0 0.726606 0.087884 0.012313 0.066109
2 0.423748 0.264196 0.050511 0.041664
2 0.678338 0.160195 0.021084 0.01741
2 0.718797 0.197917 0.032965 0.040127
2 0.419284 0.359993 0.08219 0.071375
2 0.232323 0.484132 0.094753 0.098754
2 0.366726 0.330428 0.073151 0.064861
1 0.209123 0.47263 0.053479 0.102358
2 0.831657 0.207402 0.01993 0.036287
2 0.818642 0.224711 0.022993 0.060844
2 0.736297 0.280809 0.038442 0.083223
2 0.815041 0.174331 0.022066 0.022429
2 0.915573 0.206879 0.01138 0.025025
0 0.871238 0.142839 0.012532 0.053306
