0 0.725212 0.094807 0.015067 0.049073
0 0.739899 0.098937 0.013958 0.042037
0 0.760861 0.106745 0.015722 0.053933
0 0.774427 0.112036 0.013646 0.047776
0 0.777567 0.110278 0.013333 0.046481
0 0.78861 0.117279 0.014096 0.044928
0 0.801628 0.116314 0.014633 0.04472
0 0.815263 0.123304 0.016085 0.04343
0 0.833228 0.126906 0.01664 0.049134
0 0.856078 0.138107 0.015667 0.048606
0 0.018215 0.451808 0.036431 0.250837
2 0.644923 0.16636 0.029807 0.018686
1 0.259686 0.362493 0.028421 0.086043
1 0.515078 0.316128 0.111431 0.091374
2 0.140197 0.520329 0.067874 0.114797
2 0.293483 0.370077 0.093906 0.060351
2 0.458688 0.273359 0.088305 0.05766
2 0.617188 0.207912 0.067235 0.037879
1 0.612686 0.310659 0.075765 0.07481
1 0.665009 0.258838 0.059186 0.047138
1 0.735612 0.229184 0.046797 0.0383
2 0.867099 0.186008 0.018752 0.023477
2 0.60327 0.589148 0.096783 0.116897
