0 0.72478 0.095144 0.014492 0.048398
0 0.741337 0.099112 0.013958 0.042037
0 0.760415 0.106826 0.016046 0.052135
0 0.774427 0.112036 0.013646 0.047776
0 0.777567 0.110278 0.013333 0.046481
0 0.78861 0.117279 0.014096 0.044928
0 0.801628 0.116314 0.014633 0.04472
0 0.815263 0.123304 0.016085 0.04343
0 0.833228 0.126906 0.01664 0.049134
0 0.851601 0.135096 0.014161 0.049535
0 0.23293 0.208801 0.023512 0.151756
2 0.381932 0.243643 0.035042 0.023373
1 0.712469 0.132128 0.013975 0.027803
1 0.795717 0.151488 0.012243 0.032572
1 0.811261 0.155242 0.013727 0.028989
2 0.806619 0.16545 0.017727 0.020672
2 0.702332 0.201286 0.04627 0.038694
1 0.778234 0.144953 0.014373 0.027616
1 0.848895 0.169018 0.013387 0.024164
1 0.866893 0.179576 0.013507 0.02399
2 0.852263 0.191315 0.017237 0.026465
2 0.496399 0.379718 0.107469 0.072767
2 0.921011 0.215352 0.011586 0.030702
0 0.870865 0.14317 0.012532 0.053306
