0 0.725212 0.094807 0.015067 0.049073
0 0.739899 0.098937 0.013958 0.042037
0 0.760861 0.106745 0.015722 0.053933
0 0.774427 0.112036 0.013646 0.047776
0 0.777567 0.110278 0.013333 0.046481
0 0.78861 0.117279 0.014096 0.044928
0 0.801628 0.116314 0.014633 0.04472
0 0.815263 0.123304 0.016085 0.04343
0 0.833228 0.126906 0.01664 0.049134
0 0.856078 0.138107 0.015667 0.048606
0 0.018321 0.452096 0.036643 0.251413
2 0.660061 0.156875 0.031485 0.028254
1 0.264456 0.335817 0.049327 0.054238
2 0.552612 0.286241 0.092041 0.073351
2 0.227532 0.462034 0.11234 0.106955
2 0.235098 0.41189 0.082879 0.085244
2 0.414458 0.298008 0.092616 0.060919
2 0.596657 0.222485 0.06464 0.037523
2 0.548485 0.359393 0.090045 0.074475
2 0.637129 0.272236 0.069612 0.051996
2 0.703491 0.243273 0.039795 0.042101
2 0.859168 0.17462 0.014515 0.023388
2 0.543324 0.687737 0.189098 0.215436
