0 0.725833 0.096389 0.014792 0.047593
0 0.740417 0.099167 0.013958 0.042037
0 0.76 0.106574 0.015417 0.049074
0 0.774062 0.111852 0.012917 0.047407
0 0.776563 0.110278 0.013333 0.046481
0 0.78861 0.117279 0.014096 0.044928
0 0.801628 0.116314 0.014633 0.04472
0 0.814931 0.124484 0.016085 0.04343
0 0.833132 0.128246 0.016447 0.051815
0 0.85484 0.137276 0.015843 0.047085
0 0.011096 0.407302 0.022193 0.211826
2 0.099229 0.480952 0.029412 0.08415
1 0.076835 0.452387 0.0228 0.078798
2 0.708493 0.163386 0.030543 0.023148
2 0.788147 0.156405 0.009389 0.031322
1 0.798596 0.159064 0.008767 0.036194
1 0.808619 0.161078 0.009254 0.034982
1 0.810404 0.170562 0.0113 0.040004
2 0.865647 0.187734 0.019949 0.019963
2 0.843726 0.199626 0.020547 0.025909
2 0.813079 0.217335 0.02572 0.039723
2 0.354448 0.58357 0.195756 0.163352
2 0.844764 0.253099 0.029677 0.025062
