0 0.72489 0.095723 0.014712 0.049556
0 0.741137 0.099266 0.015123 0.043238
0 0.603029 0.095293 0.016178 0.099244
0 0.773472 0.111902 0.015556 0.048043
0 0.776542 0.110096 0.013333 0.046481
0 0.787758 0.114561 0.013663 0.046267
0 0.801628 0.116314 0.014633 0.04472
0 0.815479 0.121538 0.015652 0.04696
0 0.833032 0.126172 0.017032 0.050603
0 0.84983 0.135207 0.013757 0.046967
0 0.674436 0.092326 0.020748 0.053963
2 0.662176 0.175763 0.02002 0.037084
2 0.61123 0.165508 0.026249 0.025963
2 0.675832 0.17645 0.027358 0.023431
2 0.807501 0.158678 0.018714 0.020418
2 0.782209 0.173154 0.021688 0.023219
2 0.667944 0.22436 0.05005 0.045723
2 0.717069 0.197261 0.034433 0.031157
1 0.845678 0.167955 0.014863 0.029263
1 0.858162 0.172019 0.017157 0.031077
1 0.863538 0.178936 0.014652 0.025754
2 0.528119 0.39655 0.098276 0.077712
1 0.910962 0.199673 0.015692 0.032677
0 0.871238 0.142839 0.012532 0.053306
