0 0.72478 0.095144 0.014492 0.048398
0 0.740097 0.099112 0.013958 0.042037
0 0.760415 0.106826 0.016046 0.052135
0 0.774427 0.112036 0.013646 0.047776
0 0.777567 0.110278 0.013333 0.046481
0 0.78861 0.117279 0.014096 0.044928
0 0.801628 0.116314 0.014633 0.04472
0 0.815263 0.123304 0.016085 0.04343
0 0.833228 0.126906 0.01664 0.049134
0 0.852363 0.135165 0.015667 0.048606
0 0.019996 0.444966 0.036944 0.251142
1 0.710596 0.125269 0.015273 0.0322
2 0.650479 0.162017 0.025332 0.014332
2 0.443607 0.282689 0.08702 0.048124
2 0.628983 0.205421 0.045421 0.034495
2 0.715977 0.162982 0.025144 0.015374
2 0.78107 0.153812 0.025525 0.024728
2 0.753872 0.177517 0.032511 0.028206
2 0.805871 0.187483 0.027472 0.03532
2 0.832616 0.171252 0.017984 0.030029
1 0.854076 0.174491 0.015821 0.034084
2 0.688873 0.353182 0.072713 0.077811
2 0.906781 0.265031 0.023308 0.042325
0 0.869427 0.142977 0.014062 0.052563
