0 0.72478 0.095144 0.014492 0.048398
0 0.740097 0.099112 0.013958 0.042037
0 0.760415 0.106826 0.016046 0.052135
0 0.774427 0.112036 0.013646 0.047776
0 0.777567 0.110278 0.013333 0.046481
0 0.78861 0.117279 0.014096 0.044928
0 0.801628 0.116314 0.014633 0.04472
0 0.815263 0.123304 0.016085 0.04343
0 0.833228 0.126906 0.01664 0.049134
0 0.851601 0.135096 0.014161 0.049535
0 0.009325 0.416322 0.01865 0.2132
2 0.588496 0.163266 0.025968 0.013137
2 0.742008 0.141762 0.014493 0.023566
2 0.80935 0.161147 0.016255 0.019707
2 0.75036 0.181224 0.027866 0.028117
2 0.683738 0.21729 0.034495 0.033216
2 0.437878 0.329749 0.077873 0.075269
2 0.792081 0.155273 0.014052 0.024698
2 0.828704 0.210274 0.01959 0.036041
2 0.81025 0.247085 0.023921 0.034958
2 0.713078 0.305877 0.059631 0.066793
2 0.746783 0.218546 0.032587 0.030823
1 0.919725 0.207128 0.011586 0.030702
0 0.870865 0.14317 0.012532 0.053306
