0 0.725212 0.094807 0.015067 0.049073
0 0.739899 0.098937 0.013958 0.042037
0 0.760861 0.106745 0.015722 0.053933
0 0.774427 0.112036 0.013646 0.047776
0 0.777567 0.110278 0.013333 0.046481
0 0.78861 0.117279 0.014096 0.044928
0 0.801628 0.116314 0.014633 0.04472
0 0.815263 0.123304 0.016085 0.04343
0 0.833228 0.126906 0.01664 0.049134
0 0.854409 0.138312 0.01611 0.047223
0 0.018022 0.449242 0.036044 0.256818
2 0.60547 0.184952 0.032969 0.023125
2 0.261963 0.371029 0.028421 0.086043
2 0.34034 0.416808 0.126425 0.099005
2 0.258891 0.407634 0.120782 0.103906
2 0.412445 0.292507 0.081091 0.048787
2 0.549528 0.223068 0.07041 0.035998
2 0.653049 0.185481 0.053675 0.030239
2 0.693154 0.251462 0.06065 0.046784
2 0.722277 0.222829 0.04551 0.033711
2 0.788793 0.205642 0.034555 0.030143
2 0.867572 0.195881 0.018752 0.023477
2 0.686849 0.482529 0.102617 0.124008
