0 0.72478 0.095144 0.014492 0.048398
0 0.740097 0.099112 0.013958 0.042037
0 0.759865 0.098558 0.017146 0.06867
0 0.774427 0.112036 0.013646 0.047776
0 0.777762 0.100203 0.012943 0.066632
0 0.78861 0.117279 0.014096 0.044928
0 0.801628 0.116314 0.014633 0.04472
0 0.815263 0.123304 0.016085 0.04343
0 0.833228 0.126906 0.01664 0.049134
0 0.851601 0.135096 0.014161 0.049535
0 0.015657 0.464108 0.031313 0.255994
2 0.64174 0.145498 0.017711 0.010398
1 0.746596 0.143436 0.012678 0.030403
2 0.761115 0.178094 0.030386 0.028551
2 0.695238 0.208658 0.037889 0.04004
2 0.536944 0.292857 0.064494 0.059534
2 0.142085 0.529791 0.060808 0.103027
1 0.797552 0.151392 0.013163 0.030173
2 0.767377 0.245327 0.043443 0.096703
1 0.687308 0.363445 0.074923 0.093352
2 0.503797 0.469173 0.120046 0.125339
2 0.790492 0.192379 0.028598 0.02731
2 0.924136 0.211249 0.011586 0.030702
0 0.870865 0.14317 0.012532 0.053306
