0 0.725212 0.094807 0.015067 0.049073
0 0.739899 0.098937 0.013958 0.042037
0 0.759472 0.114185 0.017713 0.038587
0 0.774427 0.112036 0.013646 0.047776
0 0.777567 0.110278 0.013333 0.046481
0 0.78861 0.117279 0.014096 0.044928
0 0.801628 0.116314 0.014633 0.04472
0 0.815263 0.123304 0.016085 0.04343
0 0.833228 0.126906 0.01664 0.049134
0 0.856078 0.138107 0.015667 0.048606
0 0.007422 0.451042 0.014844 0.249306
1 0.744052 0.136373 0.010549 0.027322
1 0.521237 0.211928 0.041061 0.025194
2 0.808028 0.163897 0.020473 0.02099
2 0.749205 0.178807 0.028702 0.023788
2 0.681263 0.21563 0.037422 0.035252
2 0.603279 0.259286 0.066249 0.05742
2 0.150026 0.529037 0.045501 0.111035
2 0.824051 0.21715 0.022736 0.030111
2 0.778788 0.266839 0.035332 0.045163
2 0.710938 0.310957 0.052083 0.060185
2 0.649612 0.281448 0.059576 0.045638
1 0.828203 0.426095 0.051997 0.126472
0 0.86937 0.145399 0.015106 0.056424
