0 0.72489 0.095723 0.014712 0.049556
0 0.740692 0.098918 0.016012 0.043933
0 0.567721 0.101189 0.025436 0.107169
0 0.774427 0.112036 0.013646 0.047776
0 0.776542 0.110096 0.013333 0.046481
0 0.790854 0.116827 0.013663 0.046267
0 0.801628 0.116314 0.014633 0.04472
0 0.815479 0.121538 0.015652 0.04696
0 0.833032 0.126172 0.017032 0.050603
0 0.84983 0.135207 0.013757 0.046967
0 0.674479 0.094897 0.022039 0.049296
2 0.596027 0.178943 0.035322 0.028566
2 0.64877 0.160596 0.019869 0.045204
2 0.805983 0.160642 0.0203 0.029907
2 0.692071 0.22275 0.060448 0.062825
2 0.593831 0.26723 0.075758 0.069634
2 0.167665 0.540855 0.079612 0.106665
2 0.408733 0.382973 0.088012 0.09095
2 0.849249 0.173944 0.017271 0.024156
2 0.870669 0.190497 0.017157 0.031077
2 0.83886 0.207101 0.023894 0.031068
2 0.738251 0.223412 0.034961 0.045174
2 0.90069 0.20024 0.016515 0.021701
0 0.871238 0.142839 0.012532 0.053306
