0 0.72478 0.095144 0.014492 0.048398
0 0.740097 0.099112 0.013958 0.042037
0 0.760415 0.106826 0.016046 0.052135
0 0.774427 0.112036 0.013646 0.047776
0 0.777567 0.110278 0.013333 0.046481
0 0.78861 0.117279 0.014096 0.044928
0 0.801628 0.116314 0.014633 0.04472
0 0.815263 0.123304 0.016085 0.04343
0 0.833228 0.126906 0.01664 0.049134
0 0.851601 0.135096 0.014161 0.049535
0 0.049544 0.332487 0.027138 0.174098
2 0.516487 0.184374 0.029985 0.017606
2 0.717085 0.131463 0.017325 0.019833
1 0.803307 0.154676 0.012243 0.032572
2 0.811763 0.163354 0.019531 0.024564
2 0.748274 0.177297 0.016187 0.020215
2 0.603786 0.241069 0.047617 0.069077
1 0.78379 0.148209 0.014373 0.027616
2 0.858585 0.174741 0.015092 0.026819
2 0.849127 0.197188 0.015191 0.025291
2 0.805838 0.221857 0.027055 0.054658
2 0.684211 0.270928 0.059114 0.057623
1 0.919992 0.20916 0.011586 0.030702
0 0.870865 0.14317 0.012532 0.053306
