0 0.72478 0.095144 0.014492 0.048398
0 0.740097 0.099112 0.013958 0.042037
0 0.760415 0.106826 0.016046 0.052135
0 0.774427 0.112036 0.013646 0.047776
0 0.777567 0.110278 0.013333 0.046481
0 0.78861 0.117279 0.014096 0.044928
0 0.801628 0.116314 0.014633 0.04472
0 0.815263 0.123304 0.016085 0.04343
0 0.833228 0.126906 0.01664 0.049134
0 0.851601 0.135096 0.014161 0.049535
0 0.025101 0.359995 0.025437 0.181525
2 0.540947 0.17685 0.024493 0.014109
2 0.728175 0.138645 0.017325 0.019833
1 0.808126 0.158188 0.012243 0.032572
2 0.798372 0.16805 0.019531 0.024564
2 0.732286 0.193002 0.031567 0.033195
2 0.557737 0.27966 0.061636 0.064908
1 0.79176 0.150796 0.014373 0.027616
2 0.854652 0.183255 0.015312 0.023462
2 0.841036 0.210886 0.023921 0.034958
2 0.788586 0.245868 0.035157 0.04889
2 0.705157 0.253933 0.050079 0.039291
1 0.9206 0.212444 0.011586 0.030702
0 0.870865 0.14317 0.012532 0.053306
