0 0.725212 0.094807 0.015067 0.049073
0 0.739899 0.098937 0.013958 0.042037
0 0.760861 0.106745 0.015722 0.053933
0 0.774427 0.112036 0.013646 0.047776
0 0.777567 0.110278 0.013333 0.046481
0 0.78861 0.117279 0.014096 0.044928
0 0.801628 0.116314 0.014633 0.04472
0 0.815263 0.123304 0.016085 0.04343
0 0.833228 0.126906 0.01664 0.049134
0 0.856078 0.138107 0.015667 0.048606
0 0.008003 0.450762 0.016007 0.248747
2 0.753355 0.137658 0.024702 0.01523
1 0.416637 0.252683 0.034268 0.028093
2 0.735708 0.188117 0.034852 0.03992
2 0.629517 0.237623 0.079188 0.05291
2 0.468238 0.336206 0.088589 0.091982
2 0.304666 0.439896 0.116696 0.096154
1 0.381975 0.375136 0.037858 0.107732
2 0.665629 0.354391 0.074768 0.092231
2 0.303594 0.680663 0.114537 0.131435
1 0.24927 0.589312 0.076964 0.111921
1 0.769217 0.205198 0.034368 0.032979
2 0.477539 0.900608 0.165039 0.190104
0 0.947927 0.177211 0.010979 0.076486
