0 0.725799 0.095998 0.013892 0.04669
0 0.739899 0.098937 0.013958 0.042037
0 0.759261 0.10998 0.018134 0.046996
0 0.774427 0.112036 0.013646 0.047776
0 0.777567 0.110278 0.013333 0.046481
0 0.78861 0.117279 0.014096 0.044928
0 0.801628 0.116314 0.014633 0.04472
0 0.815263 0.123304 0.016085 0.04343
0 0.833228 0.126906 0.01664 0.049134
0 0.856078 0.138107 0.015667 0.048606
0 0.008555 0.450872 0.01711 0.248967
1 0.746767 0.140579 0.010549 0.027322
1 0.553801 0.191436 0.036831 0.041219
2 0.77688 0.152783 0.0182 0.023884
2 0.774857 0.169914 0.025036 0.029356
2 0.734704 0.189728 0.023486 0.028124
2 0.680354 0.214431 0.039825 0.03794
2 0.369885 0.404054 0.075972 0.070538
2 0.858111 0.191208 0.020661 0.022096
2 0.820201 0.22539 0.031162 0.038137
2 0.773101 0.259842 0.045271 0.051508
2 0.55613 0.330742 0.101572 0.075399
1 0.855162 0.354031 0.032935 0.063544
0 0.869795 0.144355 0.013325 0.049806
