0 0.72478 0.095144 0.014492 0.048398
0 0.741508 0.098694 0.013958 0.042037
0 0.760415 0.106826 0.016046 0.052135
0 0.774427 0.112036 0.013646 0.047776
0 0.777567 0.110278 0.013333 0.046481
0 0.78861 0.117279 0.014096 0.044928
0 0.801628 0.116314 0.014633 0.04472
0 0.815263 0.123304 0.016085 0.04343
0 0.833228 0.126906 0.01664 0.049134
0 0.851601 0.135096 0.014161 0.049535
0 0.240284 0.204633 0.025307 0.153177
2 0.376276 0.241461 0.036671 0.027282
1 0.712469 0.132128 0.013975 0.027803
1 0.794976 0.151226 0.012243 0.032572
1 0.807409 0.155503 0.013727 0.028989
2 0.809632 0.165268 0.017727 0.020672
2 0.705551 0.203107 0.04627 0.038694
1 0.776619 0.143909 0.014373 0.027616
1 0.847868 0.169018 0.013387 0.024164
1 0.866012 0.178532 0.013507 0.02399
2 0.853144 0.190792 0.017237 0.026465
2 0.496787 0.392025 0.110257 0.077285
2 0.920578 0.213815 0.011586 0.030702
0 0.870865 0.14317 0.012532 0.053306
