0 0.72478 0.095144 0.014492 0.048398
0 0.740097 0.099112 0.013958 0.042037
0 0.760415 0.106826 0.016046 0.052135
0 0.774427 0.112036 0.013646 0.047776
0 0.777567 0.110278 0.013333 0.046481
0 0.78861 0.117279 0.014096 0.044928
0 0.801628 0.116314 0.014633 0.04472
0 0.815263 0.123304 0.016085 0.04343
0 0.833228 0.126906 0.01664 0.049134
0 0.851601 0.135096 0.014161 0.049535
0 0.013525 0.464194 0.02705 0.254776
1 0.726407 0.133068 0.010738 0.033182
2 0.740556 0.140656 0.015122 0.015984
2 0.565064 0.276857 0.06959 0.067746
2 0.332138 0.412492 0.079406 0.076655
2 0.311113 0.364868 0.077058 0.056542
2 0.505534 0.257757 0.056274 0.037558
1 0.795187 0.153409 0.013163 0.030173
2 0.37023 0.464909 0.154867 0.105088
2 0.517045 0.359533 0.081676 0.057449
2 0.626296 0.281662 0.049715 0.056269
2 0.853993 0.190303 0.019043 0.023279
2 0.909533 0.210063 0.008978 0.013674
0 0.870865 0.14317 0.012532 0.053306
