1 0.080953 0.414781 0.023685 0.076672
1 0.107378 0.41211 0.037295 0.06316
1 0.507186 0.196591 0.036329 0.037658
1 0.551089 0.198109 0.031204 0.058511
1 0.549267 0.183835 0.022321 0.031584
1 0.592526 0.194914 0.028829 0.027314
1 0.710489 0.130107 0.017473 0.032852
1 0.728909 0.132984 0.021145 0.033621
0 0.466377 0.151653 0.035899 0.065767
0 0.519967 0.110426 0.021962 0.097461
0 0.616525 0.105008 0.02022 0.06042
0 0.649177 0.091088 0.021166 0.085811
0 0.736923 0.089781 0.012869 0.074182
0 0.751417 0.094981 0.014819 0.070253
0 0.757624 0.12173 0.016574 0.052112
0 0.774608 0.103666 0.014297 0.069845
0 0.815532 0.120921 0.018575 0.06216
0 0.797636 0.114171 0.016 0.057674
0 0.841092 0.131437 0.013734 0.059932
0 0.857279 0.131913 0.015072 0.069444
0 0.862407 0.147133 0.011416 0.04376
0 0.884062 0.154815 0.015 0.051852
0 0.896771 0.158056 0.019167 0.057593
0 0.910324 0.157983 0.010014 0.063737
0 0.914758 0.165661 0.013225 0.054631
0 0.105622 0.328988 0.032297 0.104749
