1 0.157815 0.514207 0.03623 0.09754
2 0.332351 0.357089 0.067452 0.046296
2 0.429054 0.368507 0.086683 0.066689
1 0.495587 0.211647 0.018189 0.039493
1 0.554576 0.196135 0.034807 0.028919
1 0.566077 0.204955 0.03538 0.02819
1 0.653764 0.156566 0.024858 0.049242
2 0.674089 0.227087 0.052223 0.048648
1 0.510417 0.491204 0.130208 0.167593
2 0.650825 0.357253 0.036024 0.061728
0 0.748378 0.10396 0.012265 0.050843
0 0.767096 0.110677 0.012963 0.052497
0 0.803772 0.121196 0.013083 0.050007
0 0.82648 0.121777 0.0157 0.074428
0 0.854362 0.129641 0.013052 0.076675
0 0.891314 0.147195 0.017923 0.079248
0 0.917662 0.171977 0.018536 0.060185
0 0.046165 0.412458 0.054451 0.252525
