2 0.082835 0.434028 0.032399 0.048611
1 0.155216 0.404003 0.031939 0.055556
2 0.363265 0.266813 0.023722 0.032051
2 0.401652 0.24804 0.022428 0.029572
1 0.444257 0.232896 0.015072 0.033494
1 0.565977 0.168651 0.01056 0.024725
1 0.669319 0.15384 0.017595 0.036198
1 0.708523 0.112689 0.013463 0.050938
1 0.803266 0.154673 0.013727 0.03058
2 0.475336 0.331898 0.064953 0.058176
1 0.294118 0.36969 0.041935 0.04085
1 0.109714 0.494969 0.026108 0.052438
2 0.292646 0.445363 0.072637 0.057392
2 0.440421 0.438251 0.117188 0.090716
1 0.223377 0.631068 0.053853 0.110572
2 0.268697 0.681971 0.056508 0.093716
2 0.730655 0.229427 0.039329 0.022753
2 0.694987 0.584491 0.08355 0.172325
0 0.09183 0.830725 0.119465 0.337161
0 0.037633 0.377371 0.039062 0.20664
0 0.027344 0.391768 0.0242 0.159553
0 0.68265 0.103747 0.016522 0.046576
0 0.739428 0.101177 0.018281 0.054574
0 0.808849 0.115901 0.017833 0.078365
0 0.849183 0.13857 0.01805 0.049808
0 0.872082 0.148308 0.018768 0.056194
0 0.902434 0.166587 0.011225 0.047414
