1 0.356123 0.248519 0.022803 0.032431
1 0.40401 0.243611 0.016979 0.035741
1 0.473342 0.237069 0.01996 0.035702
1 0.564704 0.190762 0.015228 0.038842
2 0.548183 0.202961 0.01272 0.026463
1 0.730696 0.133042 0.010639 0.026998
2 0.743482 0.139447 0.011687 0.017291
2 0.693931 0.173128 0.025788 0.020118
2 0.562136 0.232003 0.035294 0.028582
2 0.51752 0.397954 0.075084 0.055722
2 0.617749 0.402112 0.058009 0.074019
2 0.529563 0.721275 0.214844 0.252525
0 0.540803 0.106949 0.032427 0.10706
0 0.661358 0.089014 0.017235 0.078055
0 0.739292 0.105007 0.017374 0.056207
0 0.751022 0.111153 0.013415 0.048327
0 0.786716 0.129539 0.017079 0.036981
0 0.807541 0.122955 0.015237 0.059751
0 0.823768 0.131381 0.018236 0.054259
0 0.847867 0.138538 0.017098 0.057286
0 0.874357 0.150908 0.015441 0.049561
0 0.887003 0.156027 0.012854 0.046148
0 0.950342 0.199095 0.015888 0.085584
