1 0.307022 0.281197 0.019616 0.033257
1 0.327224 0.291489 0.025641 0.047009
1 0.497772 0.215914 0.022282 0.03244
1 0.515468 0.192473 0.012659 0.023577
1 0.723975 0.142964 0.011304 0.024227
1 0.719171 0.127685 0.00968 0.014781
2 0.793874 0.153526 0.014088 0.014962
1 0.611838 0.259159 0.050668 0.046296
2 0.56032 0.259913 0.036515 0.036735
2 0.513757 0.298661 0.080956 0.041767
2 0.526316 0.339455 0.083779 0.042946
2 0.764209 0.213448 0.033198 0.028329
2 0.851652 0.191049 0.024686 0.023618
2 0.803807 0.221701 0.02054 0.031299
0 0.072036 0.508603 0.041277 0.147886
0 0.405777 0.140797 0.019788 0.126086
0 0.546608 0.10547 0.03093 0.111396
0 0.741179 0.096607 0.009658 0.063551
0 0.848789 0.138889 0.016091 0.049684
0 0.872276 0.151102 0.01382 0.050841
0 0.88318 0.153862 0.017894 0.056805
0 0.902128 0.164771 0.012713 0.045203
