2 0.53503 0.189292 0.019153 0.030018
2 0.560988 0.195116 0.027722 0.050627
1 0.732396 0.133639 0.022691 0.027815
2 0.616984 0.23583 0.060287 0.050177
2 0.457269 0.280828 0.072582 0.039884
2 0.692666 0.311551 0.059341 0.040984
2 0.77561 0.268679 0.030498 0.044935
2 0.852258 0.203554 0.018978 0.026991
2 0.806689 0.422025 0.042679 0.050154
0 0.054102 0.843056 0.108203 0.3125
0 0.475982 0.122996 0.025169 0.126134
0 0.686096 0.083453 0.015535 0.075021
0 0.734408 0.092947 0.014907 0.066736
0 0.753009 0.106236 0.014918 0.051815
0 0.774522 0.113518 0.014761 0.049582
0 0.84532 0.136098 0.015406 0.049974
0 0.865392 0.146039 0.014222 0.052741
0 0.883977 0.156663 0.013354 0.046973
2 0.79668 0.16067 0.015481 0.023877
