1 0.559809 0.203858 0.024479 0.039198
1 0.694648 0.140009 0.019474 0.032788
2 0.718303 0.139028 0.010903 0.015897
2 0.733427 0.186328 0.019772 0.021148
2 0.695877 0.204671 0.025482 0.024685
2 0.645248 0.202122 0.02867 0.027714
2 0.637428 0.245968 0.029515 0.036405
2 0.433762 0.298228 0.069977 0.035787
2 0.380886 0.367608 0.053508 0.057218
2 0.414948 0.370928 0.04145 0.055635
1 0.295092 0.380686 0.07954 0.054851
2 0.451159 0.44426 0.085886 0.077263
2 0.500569 0.482662 0.127794 0.110835
2 0.682763 0.422577 0.058455 0.068952
2 0.87969 0.33689 0.0348 0.065364
0 0.49247 0.116353 0.032208 0.119352
0 0.754814 0.106667 0.016814 0.051032
0 0.774252 0.113759 0.014894 0.054257
0 0.786745 0.121369 0.018157 0.049482
0 0.81543 0.127509 0.020106 0.050479
0 0.847952 0.137398 0.015497 0.053255
0 0.88285 0.152634 0.010806 0.047584
0 0.951865 0.208893 0.021673 0.106407
