1 0.576339 0.170198 0.021201 0.029974
1 0.620409 0.171089 0.01686 0.032348
1 0.672433 0.135526 0.013336 0.027912
2 0.817639 0.16242 0.015004 0.018856
2 0.787498 0.169131 0.015436 0.023148
2 0.737118 0.185141 0.025942 0.02465
2 0.801238 0.1596 0.012792 0.023554
2 0.578266 0.25959 0.034014 0.03732
2 0.439102 0.290018 0.039625 0.051459
2 0.839402 0.174711 0.020857 0.023253
2 0.852482 0.200635 0.020503 0.024824
1 0.792784 0.46916 0.046444 0.097332
1 0.423029 0.840041 0.114524 0.22964
0 0.274782 0.191886 0.031155 0.144231
0 0.701669 0.088633 0.011822 0.069444
0 0.755005 0.108941 0.016357 0.051649
0 0.771131 0.10997 0.015669 0.050487
0 0.778747 0.105811 0.014798 0.071959
0 0.818545 0.129078 0.015435 0.050282
0 0.8472 0.13585 0.019998 0.054708
0 0.871886 0.135467 0.015965 0.077697
0 0.928622 0.33361 0.036843 0.231613
