0 0.912298 0.165363 0.013059 0.050505
0 0.89964 0.161392 0.011112 0.049894
0 0.886925 0.15793 0.012486 0.049894
0 0.87012 0.147226 0.016266 0.05298
0 0.838182 0.133929 0.019116 0.054669
0 0.818532 0.126646 0.018997 0.050659
0 0.769382 0.10272 0.01397 0.069444
0 0.754801 0.108145 0.012478 0.047984
0 0.744765 0.104769 0.013292 0.046055
2 0.746701 0.141821 0.010069 0.01821
2 0.678559 0.154012 0.018229 0.019136
1 0.539313 0.191561 0.02351 0.035899
2 0.565655 0.205281 0.01438 0.026709
2 0.487959 0.19765 0.018243 0.028236
2 0.406274 0.226234 0.016256 0.027174
2 0.096451 0.44453 0.05353 0.076303
2 0.151893 0.537393 0.072416 0.081197
2 0.30018 0.434829 0.111178 0.121795
1 0.206893 0.660029 0.045285 0.099558
2 0.270326 0.738385 0.062915 0.141962
1 0.240943 0.619776 0.056001 0.133358
1 0.279314 0.600111 0.069137 0.118609
2 0.313883 0.519604 0.131361 0.095256
1 0.482544 0.90149 0.093506 0.195631
2 0.909157 0.205588 0.009811 0.020995
1 0.783187 0.145632 0.01259 0.020948
2 0.722978 0.167506 0.021678 0.025183
