0 0.927665 0.164253 0.01025 0.064027
0 0.919008 0.160313 0.00845 0.062549
0 0.909242 0.160313 0.01025 0.037431
0 0.901277 0.153172 0.011497 0.061072
0 0.889087 0.154157 0.010112 0.052206
0 0.882508 0.147508 0.008034 0.053684
0 0.87018 0.147754 0.010805 0.055162
0 0.841075 0.13298 0.008834 0.066985
0 0.838359 0.133786 0.017532 0.050373
0 0.819292 0.126549 0.01293 0.052265
0 0.743004 0.103199 0.015516 0.049603
0 0.696464 0.085311 0.013064 0.067605
0 0.678291 0.099683 0.02173 0.053578
0 0.681641 0.103719 0.005166 0.032706
0 0.581597 0.102673 0.019321 0.099313
0 0.938571 0.204525 0.012727 0.032706
0 0.944842 0.199837 0.00748 0.030782
0 0.961705 0.202546 0.01469 0.087547
1 0.715361 0.111462 0.021431 0.048908
1 0.716424 0.136997 0.013831 0.031885
2 0.689976 0.148595 0.027836 0.031988
2 0.631228 0.168006 0.016455 0.027614
1 0.54761 0.19366 0.019123 0.039226
1 0.083763 0.417741 0.020941 0.055126
0 0.107724 0.421499 0.0149 0.064791
2 0.191679 0.51545 0.02483 0.043605
1 0.740935 0.16545 0.014189 0.025226
1 0.730168 0.158624 0.013689 0.025819
2 0.841453 0.192308 0.017814 0.035867
