0 0.860677 0.12716 0.013021 0.060494
0 0.836545 0.134105 0.019271 0.053395
0 0.797758 0.125232 0.012095 0.0308
0 0.774304 0.112738 0.009316 0.049977
0 0.624642 0.093495 0.013976 0.086328
0 0.885709 0.73931 0.143961 0.475187
0 0.960873 0.231292 0.016436 0.087659
2 0.670399 0.165432 0.02066 0.020988
1 0.648438 0.168364 0.019097 0.029321
1 0.633941 0.17963 0.021701 0.025309
1 0.551871 0.18532 0.022711 0.033107
1 0.536542 0.196019 0.025663 0.046431
2 0.624816 0.313483 0.093234 0.067479
2 0.714549 0.258124 0.070018 0.043239
1 0.811468 0.332154 0.058962 0.04848
1 0.919639 0.235289 0.018246 0.030154
1 0.897153 0.225238 0.010794 0.024671
1 0.892141 0.211531 0.010023 0.018275
1 0.876336 0.213359 0.012336 0.021016
1 0.855881 0.169948 0.013081 0.022617
