0 0.911874 0.166347 0.008588 0.045558
0 0.899684 0.163515 0.012467 0.048266
0 0.888326 0.155388 0.011636 0.051714
0 0.869071 0.149109 0.013575 0.047035
0 0.839636 0.133841 0.017038 0.050975
0 0.820728 0.129162 0.016622 0.052945
0 0.773096 0.112584 0.010785 0.050739
0 0.754419 0.108726 0.012889 0.049102
0 0.740741 0.106856 0.0121 0.046764
0 0.726799 0.090137 0.0121 0.073653
0 0.71345 0.097269 0.014599 0.05144
0 0.692143 0.089553 0.011706 0.068275
0 0.478406 0.120162 0.02019 0.110279
2 0.742014 0.142747 0.014236 0.01821
2 0.707378 0.131636 0.015451 0.020062
1 0.507375 0.198228 0.031192 0.041978
1 0.284849 0.292993 0.018434 0.053059
1 0.270255 0.303917 0.020409 0.063983
1 0.244689 0.306063 0.023701 0.048767
1 0.250141 0.360094 0.032547 0.066328
0 0.146726 0.33329 0.026765 0.08702
0 0.115258 0.356867 0.030864 0.078447
1 0.119803 0.502542 0.031041 0.063864
1 0.128617 0.537037 0.02228 0.076132
2 0.296904 0.423145 0.056262 0.061671
2 0.696414 0.209402 0.047075 0.035613
2 0.807527 0.154089 0.013335 0.018686
1 0.871112 0.183381 0.011719 0.020486
1 0.853684 0.172128 0.012447 0.020644
2 0.529514 0.889757 0.148655 0.217014
2 0.736499 0.430488 0.059921 0.095065
0 0.925214 0.170699 0.014743 0.052867
