0 0.95683 0.182202 0.009665 0.080183
0 0.945673 0.179768 0.014683 0.067967
0 0.644629 0.087242 0.0212 0.085846
0 0.608119 0.107656 0.020415 0.058277
1 0.704422 0.115698 0.017585 0.037669
1 0.737287 0.138889 0.016432 0.027675
2 0.650441 0.146961 0.021189 0.018194
2 0.668026 0.164002 0.026955 0.02255
1 0.632712 0.153495 0.020901 0.042538
2 0.700084 0.180472 0.02994 0.021623
1 0.616579 0.224135 0.044442 0.035762
2 0.196479 0.617226 0.083955 0.086028
2 0.612465 0.327788 0.078708 0.044051
2 0.756617 0.233986 0.033524 0.036795
