0 0.877247 0.149339 0.014317 0.044498
0 0.837615 0.133154 0.014194 0.048173
0 0.823011 0.128358 0.013842 0.050676
0 0.74556 0.100229 0.017014 0.042239
0 0.718284 0.087376 0.017957 0.067786
0 0.490276 0.138516 0.035702 0.076538
1 0.74386 0.134727 0.015117 0.023069
1 0.710616 0.127473 0.008562 0.013318
1 0.702523 0.130327 0.009498 0.017599
2 0.607529 0.166284 0.029566 0.021662
1 0.790972 0.147531 0.011458 0.023457
1 0.80217 0.148302 0.010243 0.026852
2 0.702517 0.2 0.036979 0.030247
2 0.406765 0.312916 0.059412 0.032851
2 0.117916 0.496217 0.055096 0.059598
1 0.83559 0.166697 0.015711 0.017769
1 0.873617 0.182542 0.015288 0.020061
2 0.832322 0.339245 0.028241 0.066629
