0 0.856912 0.142249 0.010883 0.049487
0 0.836522 0.134612 0.015465 0.050098
0 0.744153 0.101939 0.015159 0.042478
0 0.490451 0.1375 0.036806 0.083642
0 0.941625 0.353261 0.03882 0.244134
0 0.953275 0.186669 0.01252 0.089031
2 0.744648 0.139709 0.015379 0.015311
1 0.670291 0.15461 0.01338 0.025973
1 0.586168 0.160761 0.027836 0.036636
1 0.398322 0.286672 0.026555 0.047893
1 0.129395 0.550987 0.050113 0.09777
2 0.517291 0.31633 0.065487 0.068934
2 0.601878 0.256587 0.073242 0.0577
2 0.742642 0.170668 0.037788 0.035091
1 0.781433 0.147975 0.014238 0.025312
2 0.833015 0.173872 0.011014 0.025063
2 0.854382 0.181574 0.01586 0.025846
1 0.908806 0.19433 0.013021 0.033722
