0 0.960307 0.182669 0.012616 0.085835
0 0.901106 0.162181 0.012131 0.048309
0 0.886306 0.154848 0.016013 0.056936
0 0.86726 0.146222 0.016741 0.054348
0 0.820434 0.117107 0.014315 0.078071
0 0.770332 0.099853 0.016498 0.078071
0 0.746323 0.104588 0.011183 0.051308
0 0.736564 0.103761 0.010944 0.048098
0 0.59773 0.109735 0.023216 0.063548
0 0.587135 0.116287 0.020821 0.04979
0 0.500914 0.118661 0.015589 0.095884
0 0.498316 0.134429 0.013618 0.07263
0 0.487385 0.118661 0.015768 0.108626
0 0.473767 0.120254 0.014335 0.107352
0 0.46445 0.122802 0.018277 0.116272
0 0.027432 0.616807 0.053985 0.186486
1 0.711343 0.125228 0.012594 0.025046
1 0.492216 0.21258 0.03007 0.030476
1 0.476478 0.238559 0.018829 0.040468
2 0.317595 0.276268 0.086957 0.03442
2 0.203974 0.394626 0.054687 0.038043
1 0.788061 0.148148 0.020032 0.0349
2 0.771735 0.149573 0.016627 0.019943
2 0.660738 0.230004 0.069814 0.037431
1 0.673099 0.26534 0.029734 0.037313
1 0.791161 0.225954 0.032649 0.033167
2 0.808361 0.199264 0.0309 0.024357
