0 0.956113 0.190824 0.013522 0.089031
0 0.905282 0.163076 0.01636 0.060245
0 0.862797 0.146753 0.013522 0.049561
0 0.845924 0.138484 0.015351 0.049989
0 0.77365 0.116056 0.015503 0.042423
0 0.727748 0.100113 0.015199 0.049989
1 0.727703 0.130383 0.010618 0.022604
1 0.509552 0.202429 0.018978 0.042173
1 0.484644 0.211145 0.022299 0.035425
1 0.261901 0.300626 0.021859 0.054332
1 0.217708 0.326543 0.022569 0.056173
1 0.204948 0.321605 0.025868 0.046296
1 0.113225 0.407105 0.029438 0.048309
2 0.070907 0.432267 0.022928 0.046296
1 0.243002 0.370654 0.055598 0.047716
2 0.483914 0.259231 0.073515 0.045721
2 0.585375 0.259293 0.066884 0.054956
2 0.653939 0.23945 0.06125 0.037254
2 0.698206 0.184156 0.031829 0.027778
1 0.214203 0.58174 0.050589 0.105874
1 0.198156 0.647056 0.057557 0.142018
2 0.291225 0.664127 0.12971 0.113545
2 0.676069 0.364583 0.053471 0.095059
2 0.489366 0.741898 0.164497 0.198302
