0 0.051995 0.538194 0.059649 0.177365
0 0.307215 0.1779 0.030331 0.124592
0 0.610829 0.110563 0.024524 0.059263
0 0.660244 0.09268 0.01821 0.084064
0 0.695526 0.101152 0.010425 0.045552
0 0.866824 0.147569 0.013647 0.055645
0 0.887608 0.157585 0.012395 0.049412
2 0.129363 0.507756 0.054789 0.068543
2 0.303622 0.387807 0.078632 0.050505
1 0.618934 0.193237 0.053863 0.050897
1 0.634462 0.180081 0.018925 0.050466
2 0.707856 0.138889 0.046826 0.019841
2 0.742853 0.164733 0.03196 0.020123
1 0.777366 0.16572 0.018422 0.042614
