0 0.609117 0.109699 0.023609 0.05609
0 0.781543 0.116319 0.011523 0.053472
0 0.801855 0.11059 0.014648 0.071181
0 0.844336 0.137674 0.017188 0.051736
0 0.896191 0.159201 0.016211 0.050347
0 0.936816 0.169618 0.012305 0.074653
0 0.961914 0.197743 0.014063 0.098264
1 0.776921 0.149628 0.018323 0.025773
2 0.806287 0.161421 0.024726 0.021424
1 0.932027 0.218636 0.010517 0.041972
2 0.831259 0.191926 0.03477 0.020604
1 0.747339 0.286554 0.073832 0.071734
2 0.727593 0.181052 0.042067 0.027091
1 0.689925 0.211386 0.04915 0.037393
1 0.558454 0.210813 0.046596 0.02877
1 0.564732 0.274306 0.03683 0.078373
