0 0.736362 0.096045 0.013021 0.061728
0 0.735163 0.101425 0.009937 0.052997
0 0.766287 0.11168 0.015077 0.052794
0 0.787209 0.118879 0.012977 0.054143
0 0.843168 0.137707 0.018783 0.055556
0 0.869099 0.144651 0.014794 0.054669
0 0.903252 0.164689 0.015327 0.047261
1 0.132728 0.536141 0.049563 0.120968
1 0.228495 0.408079 0.025202 0.127688
1 0.242356 0.423387 0.028562 0.092593
1 0.295909 0.376717 0.033182 0.09782
2 0.345472 0.317354 0.064264 0.067204
2 0.402806 0.282631 0.064684 0.038082
1 0.708662 0.14748 0.01188 0.048683
1 0.69638 0.145332 0.012283 0.040808
2 0.886457 0.252899 0.044096 0.044029
