0 0.82119 0.129721 0.012289 0.051108
0 0.846866 0.138109 0.016678 0.054619
1 0.867385 0.147472 0.012509 0.0554
0 0.897536 0.161147 0.01222 0.045228
1 0.268356 0.302337 0.076855 0.054765
1 0.273596 0.368959 0.02763 0.119128
1 0.486058 0.211156 0.058117 0.029359
2 0.526232 0.258582 0.07749 0.04065
2 0.593559 0.217649 0.065422 0.027665
2 0.71948 0.168248 0.040968 0.021454
1 0.629107 0.15812 0.042268 0.017806
1 0.64577 0.170901 0.038872 0.024729
2 0.658162 0.329138 0.078532 0.05787
2 0.887748 0.286928 0.018212 0.082113
1 0.423743 0.887681 0.104733 0.185185
