0 0.584404 0.10136 0.017141 0.082756
0 0.597485 0.097351 0.017321 0.083718
0 0.607228 0.108176 0.023275 0.066878
0 0.640111 0.101039 0.021561 0.059341
0 0.697923 0.095423 0.011161 0.057674
0 0.732162 0.10072 0.015701 0.048762
0 0.844053 0.136871 0.01589 0.058515
0 0.879379 0.1515 0.017498 0.05078
0 0.907139 0.152845 0.013052 0.076338
0 0.706758 0.107639 0.015391 0.033611
1 0.177637 0.618715 0.044542 0.098039
1 0.217318 0.670563 0.051789 0.108095
1 0.251343 0.651395 0.049491 0.127577
2 0.226598 0.59232 0.037472 0.091755
1 0.2722 0.572995 0.049844 0.104638
1 0.313384 0.665378 0.047723 0.166227
2 0.349789 0.691963 0.115275 0.107141
2 0.534524 0.393689 0.077551 0.068423
2 0.645413 0.247088 0.052923 0.046147
2 0.838803 0.198195 0.02873 0.031362
1 0.722116 0.138892 0.026662 0.039325
2 0.766372 0.146696 0.016647 0.037053
