0 0.239293 0.948491 0.126742 0.088429
0 0.338635 0.913519 0.193907 0.158373
0 0.511185 0.11266 0.017424 0.115408
0 0.533526 0.109912 0.026135 0.109912
0 0.58664 0.114908 0.022763 0.056954
0 0.598022 0.114408 0.020796 0.059952
0 0.592261 0.091677 0.014894 0.093425
0 0.604345 0.093425 0.018829 0.089928
0 0.632869 0.105915 0.023606 0.06295
0 0.659847 0.088679 0.016299 0.070444
0 0.700599 0.084301 0.012049 0.06288
0 0.732665 0.108485 0.012049 0.029713
0 0.743645 0.10313 0.011466 0.045951
0 0.75482 0.105549 0.010494 0.050788
0 0.766772 0.112286 0.014964 0.051133
0 0.779792 0.115568 0.013021 0.053552
0 0.793785 0.119368 0.014964 0.051479
0 0.821604 0.127697 0.012268 0.054522
0 0.843395 0.137167 0.019693 0.053375
0 0.859779 0.128128 0.009201 0.059975
0 0.867123 0.142332 0.010653 0.059688
0 0.877776 0.141185 0.017433 0.074036
0 0.891577 0.15008 0.010169 0.066001
0 0.898841 0.151372 0.009524 0.063418
0 0.90901 0.159407 0.012106 0.051366
0 0.94896 0.178346 0.011299 0.069157
0 0.960663 0.205033 0.013397 0.072601
1 0.115885 0.518519 0.039062 0.084656
1 0.164993 0.553241 0.068824 0.102513
1 0.4253 0.236514 0.068218 0.0312
1 0.477242 0.236765 0.071332 0.040761
1 0.477383 0.324829 0.02406 0.122283
1 0.531165 0.324577 0.026325 0.099638
1 0.581692 0.23601 0.075861 0.034219
2 0.580701 0.172353 0.06199 0.024658
1 0.668025 0.191224 0.056046 0.026167
1 0.719962 0.206178 0.034752 0.021552
1 0.706659 0.151455 0.015253 0.049603
1 0.729358 0.136052 0.009319 0.034722
1 0.754544 0.138771 0.008769 0.021495
1 0.77669 0.150103 0.019759 0.019185
1 0.798408 0.168906 0.010952 0.034073
