0 0.433343 0.136661 0.024858 0.120321
0 0.579044 0.111408 0.022142 0.061646
0 0.732691 0.100025 0.013021 0.045872
0 0.760883 0.109688 0.016605 0.049057
0 0.779458 0.112661 0.013857 0.053729
0 0.790807 0.119351 0.011707 0.04035
0 0.819058 0.125085 0.013499 0.054791
0 0.831064 0.133367 0.012901 0.049269
0 0.843666 0.134111 0.012782 0.053304
0 0.862302 0.144198 0.013499 0.047571
0 0.881137 0.152196 0.013384 0.042125
0 0.907608 0.162507 0.011401 0.047589
0 0.959758 0.220759 0.016755 0.04988
2 0.128459 0.534653 0.04703 0.050097
1 0.256298 0.386905 0.047566 0.05291
2 0.210459 0.512094 0.052083 0.044407
2 0.272924 0.568805 0.093544 0.090461
2 0.396793 0.61769 0.125411 0.107822
1 0.428625 0.244144 0.026704 0.079752
1 0.385485 0.517178 0.041118 0.124269
2 0.411184 0.448648 0.067845 0.060307
1 0.468918 0.228388 0.022562 0.072438
1 0.503772 0.216415 0.026266 0.072438
2 0.690329 0.171516 0.028287 0.028137
2 0.705651 0.143678 0.020541 0.023946
1 0.738652 0.158645 0.019868 0.043103
2 0.793204 0.158645 0.017174 0.021552
2 0.778556 0.241858 0.030981 0.038314
2 0.814083 0.231082 0.030644 0.03592
2 0.90165 0.201252 0.013106 0.033352
