0 0.131836 0.597351 0.052445 0.279064
0 0.09838 0.586741 0.068721 0.337577
0 0.028646 0.609336 0.055556 0.279321
0 0.701434 0.877786 0.155726 0.243039
0 0.925353 0.539888 0.099562 0.403963
0 0.580235 0.110575 0.024512 0.064085
0 0.64014 0.101603 0.021891 0.058725
0 0.669371 0.085407 0.012715 0.07294
0 0.730652 0.102652 0.014681 0.045908
0 0.76303 0.110692 0.012584 0.04987
0 0.775941 0.113022 0.011404 0.047073
0 0.819264 0.126072 0.014681 0.054064
0 0.784462 0.118498 0.013239 0.04684
0 0.8424 0.126655 0.017172 0.052433
0 0.855377 0.132364 0.011404 0.04987
0 0.862783 0.137141 0.012584 0.038917
0 0.882052 0.148793 0.01337 0.047306
0 0.888934 0.144831 0.012453 0.080397
0 0.897979 0.151939 0.01088 0.066182
0 0.900928 0.155201 0.010487 0.061521
0 0.906106 0.163358 0.011928 0.052666
0 0.943399 0.168251 0.013633 0.076435
1 0.244932 0.707895 0.100648 0.179555
1 0.281532 0.778278 0.121059 0.23023
1 0.473149 0.814565 0.088331 0.241491
1 0.515282 0.907873 0.05928 0.182864
2 0.377287 0.398459 0.058117 0.063516
2 0.40182 0.234587 0.037633 0.033875
1 0.489234 0.248137 0.051448 0.04065
2 0.498047 0.217226 0.022389 0.056741
1 0.585699 0.19563 0.036681 0.037263
1 0.628335 0.203675 0.042873 0.05166
2 0.637624 0.23628 0.046208 0.044038
1 0.702436 0.133987 0.014246 0.027778
1 0.721233 0.136359 0.012177 0.027553
1 0.713918 0.130325 0.008888 0.025361
