0 0.582058 0.103096 0.016053 0.090135
0 0.754696 0.108804 0.012976 0.049229
0 0.778976 0.114631 0.013645 0.049943
0 0.819109 0.127473 0.010435 0.049467
0 0.828613 0.137326 0.018555 0.039931
0 0.843555 0.139236 0.013672 0.053472
0 0.86416 0.147396 0.011523 0.053819
0 0.882617 0.157118 0.011719 0.049653
0 0.899512 0.16059 0.012305 0.048264
0 0.949121 0.178993 0.012695 0.072569
1 0.105157 0.487369 0.029721 0.119263
1 0.139974 0.459944 0.023494 0.08756
1 0.501019 0.307971 0.09341 0.072464
1 0.570015 0.205691 0.021654 0.095864
1 0.713315 0.144928 0.033967 0.033213
1 0.858526 0.188708 0.017833 0.036232
2 0.674032 0.218822 0.062256 0.039786
2 0.903434 0.227175 0.043907 0.049526
