0 0.077012 0.211757 0.023639 0.124282
0 0.075066 0.190146 0.023204 0.061812
0 0.102683 0.166793 0.018593 0.052579
0 0.126678 0.152209 0.021579 0.057545
0 0.195378 0.127466 0.021198 0.057782
2 0.358432 0.202007 0.046842 0.026777
1 0.262254 0.393145 0.051348 0.076165
1 0.097228 0.239224 0.013656 0.031007
2 0.213462 0.186859 0.023798 0.032977
1 0.180527 0.157626 0.014186 0.022911
2 0.181646 0.198638 0.02776 0.020531
1 0.13057 0.184446 0.013233 0.019264
1 0.118626 0.184403 0.010523 0.019016
0 0.150331 0.14321 0.021121 0.055301
0 0.080637 0.223368 0.022017 0.052174
