0 0.088736 0.255074 0.029597 0.177554
0 0.074086 0.190265 0.020187 0.065304
0 0.102525 0.166984 0.01906 0.056017
0 0.124264 0.154427 0.024587 0.058682
0 0.194622 0.126127 0.019983 0.059328
1 0.234971 0.140019 0.017697 0.027739
0 0.123277 0.155658 0.011247 0.051815
1 0.126399 0.280398 0.019497 0.038259
2 0.397797 0.283684 0.095593 0.07385
2 0.278182 0.214473 0.046473 0.035724
1 0.173271 0.165098 0.015788 0.015829
2 0.543297 0.933444 0.145437 0.131724
2 0.298609 0.461025 0.088623 0.127606
0 0.166288 0.137986 0.01684 0.055987
0 0.148845 0.142323 0.016956 0.054182
