0 0.075751 0.21864 0.021037 0.127929
0 0.075066 0.190146 0.023204 0.061812
0 0.102591 0.166793 0.018593 0.052579
0 0.126832 0.151663 0.021579 0.057545
0 0.195378 0.127466 0.021198 0.057782
1 0.213896 0.147324 0.01215 0.022051
1 0.102874 0.257944 0.014235 0.029433
2 0.653444 0.562412 0.110277 0.089433
1 0.808886 0.557898 0.045256 0.131141
2 0.24647 0.201491 0.035772 0.030085
1 0.150992 0.396424 0.033613 0.067055
1 0.212312 0.489072 0.061789 0.097942
0 0.070629 0.200158 0.016981 0.094351
0 0.374339 0.076733 0.008883 0.068027
