0 0.073987 0.210218 0.023639 0.124282
0 0.075066 0.190146 0.023204 0.061812
0 0.102591 0.166793 0.018593 0.052579
0 0.126678 0.152209 0.021579 0.057545
0 0.195378 0.127466 0.021198 0.057782
2 0.665478 0.374815 0.120233 0.097224
1 0.108279 0.206961 0.012584 0.017365
1 0.097857 0.240192 0.014146 0.028321
1 0.282595 0.266498 0.036692 0.050904
2 0.813387 0.635088 0.068423 0.119734
2 0.502949 0.380483 0.109284 0.103095
1 0.112515 0.262791 0.017396 0.037925
1 0.128881 0.316239 0.030423 0.04992
0 0.086339 0.222991 0.02564 0.056548
