0 0.075853 0.210349 0.026011 0.113352
0 0.075539 0.193928 0.024541 0.06095
0 0.102683 0.166793 0.018593 0.052579
0 0.072247 0.178236 0.015957 0.085142
0 0.195179 0.128604 0.020174 0.057963
2 0.236808 0.143425 0.016764 0.017245
1 0.089512 0.214435 0.011838 0.022519
1 0.127252 0.219366 0.024058 0.025169
1 0.682221 0.558775 0.109272 0.152477
1 0.691144 0.65912 0.051618 0.170206
2 0.199203 0.187253 0.031385 0.018582
2 0.205669 0.286258 0.025951 0.062739
1 0.180842 0.264747 0.022124 0.041442
0 0.148837 0.14416 0.018435 0.053172
