0 0.076879 0.233203 0.032636 0.153793
0 0.075594 0.189242 0.020871 0.061807
0 0.102074 0.166984 0.01906 0.056017
0 0.127111 0.153967 0.017344 0.060328
0 0.195229 0.125353 0.021198 0.057782
1 0.227825 0.142419 0.017436 0.025038
0 0.125373 0.154493 0.009909 0.053739
1 0.115879 0.284498 0.025533 0.042577
1 0.776321 0.612954 0.109598 0.200481
1 0.704325 0.55575 0.058266 0.14626
2 0.182463 0.166914 0.021741 0.013271
2 0.292733 0.711155 0.134066 0.258709
1 0.469466 0.917014 0.139974 0.164583
0 0.160801 0.144251 0.019372 0.049196
0 0.179012 0.124066 0.017196 0.064857
