0 0.081658 0.203099 0.0318 0.091429
0 0.074201 0.186876 0.022074 0.055793
0 0.103029 0.166042 0.017091 0.050369
0 0.127389 0.152485 0.018364 0.054776
0 0.196035 0.128201 0.021887 0.057157
2 0.23417 0.14803 0.018008 0.028073
1 0.107711 0.204834 0.015853 0.023273
1 0.117792 0.223244 0.02151 0.024857
2 0.181247 0.200189 0.030703 0.024863
2 0.214548 0.208805 0.030932 0.02767
2 0.433522 0.348932 0.089255 0.069056
1 0.669262 0.809816 0.100763 0.216392
1 0.579117 0.894095 0.158754 0.213652
0 0.148829 0.142552 0.019037 0.056992
