0 0.074491 0.203497 0.023639 0.124282
0 0.075066 0.190146 0.023204 0.061812
0 0.102591 0.166793 0.018593 0.052579
0 0.126678 0.152209 0.021579 0.057545
0 0.195378 0.127466 0.021198 0.057782
2 0.389427 0.229121 0.041857 0.032829
1 0.092116 0.20583 0.011531 0.017338
1 0.101136 0.237389 0.016433 0.028596
2 0.410581 0.351341 0.097587 0.054726
2 0.797347 0.66773 0.080591 0.145686
1 0.387917 0.282736 0.082345 0.067323
2 0.115352 0.299838 0.021 0.04151
2 0.155618 0.339066 0.046316 0.046867
0 0.086339 0.222991 0.02564 0.056548
