0 0.083203 0.238233 0.03166 0.135625
0 0.075594 0.189242 0.020871 0.061807
0 0.102074 0.166984 0.01906 0.056017
0 0.126832 0.151663 0.021579 0.057545
0 0.195229 0.125353 0.021198 0.057782
1 0.227825 0.142419 0.017436 0.025038
0 0.120884 0.158107 0.009336 0.050784
1 0.112237 0.284542 0.018249 0.042664
1 0.744786 0.590372 0.112771 0.222496
1 0.712357 0.54753 0.046777 0.141482
2 0.181895 0.167925 0.021741 0.013271
2 0.277734 0.685995 0.115885 0.246528
2 0.445331 0.901615 0.157775 0.195381
0 0.15458 0.142116 0.01728 0.062216
0 0.161122 0.127917 0.015974 0.078016
