0 0.079576 0.231118 0.026306 0.075166
0 0.075066 0.190146 0.023204 0.061812
0 0.102683 0.166793 0.018593 0.052579
0 0.126678 0.152209 0.021579 0.057545
0 0.195378 0.127466 0.021198 0.057782
2 0.866415 0.512355 0.104924 0.088017
1 0.142081 0.319807 0.022757 0.038804
1 0.097374 0.239242 0.010949 0.034877
2 0.359237 0.282104 0.058582 0.073377
2 0.262674 0.217895 0.034623 0.036577
1 0.171752 0.166183 0.016014 0.01623
1 0.143461 0.19568 0.014889 0.019087
1 0.132382 0.185862 0.011927 0.021393
0 0.150331 0.14321 0.021121 0.055301
0 0.080816 0.214417 0.023318 0.052024
