0 0.074896 0.211805 0.024098 0.116264
0 0.07479 0.191931 0.026041 0.064944
0 0.102683 0.166793 0.018593 0.052579
0 0.072247 0.178236 0.015957 0.085142
0 0.195179 0.128604 0.020174 0.057963
2 0.238294 0.145796 0.017925 0.018604
1 0.104348 0.210702 0.011209 0.021917
1 0.126319 0.218911 0.018239 0.026622
1 0.725191 0.582809 0.077744 0.144946
2 0.702218 0.682375 0.129711 0.222392
2 0.184793 0.18212 0.030257 0.018483
1 0.204652 0.27032 0.031646 0.058373
2 0.170081 0.246435 0.024384 0.038604
0 0.148837 0.14416 0.018435 0.053172
