0 0.079125 0.205213 0.023639 0.124282
0 0.075066 0.190146 0.023204 0.061812
0 0.102591 0.166793 0.018593 0.052579
0 0.126678 0.152209 0.021579 0.057545
0 0.195378 0.127466 0.021198 0.057782
1 0.887384 0.538683 0.05136 0.115741
1 0.124054 0.201249 0.01456 0.023177
2 0.097888 0.242493 0.014486 0.02861
1 0.270683 0.258525 0.063582 0.038969
1 0.801411 0.643692 0.085237 0.161029
2 0.606144 0.500591 0.13208 0.151183
1 0.114906 0.238347 0.018921 0.033816
1 0.121622 0.301932 0.024141 0.046241
0 0.387149 0.058704 0.009269 0.0256
0 0.086339 0.222991 0.02564 0.056548
