0 0.080261 0.199964 0.023639 0.124282
0 0.075066 0.190146 0.023204 0.061812
0 0.102591 0.166793 0.018593 0.052579
0 0.126678 0.152209 0.021579 0.057545
0 0.195378 0.127466 0.021198 0.057782
2 0.467367 0.266409 0.07536 0.080506
1 0.151372 0.224755 0.01439 0.026007
1 0.097751 0.237305 0.014028 0.032849
2 0.186652 0.202928 0.02985 0.025878
2 0.419663 0.358284 0.048396 0.097099
2 0.391222 0.390876 0.097671 0.079851
1 0.095553 0.198088 0.013545 0.016563
1 0.117144 0.238207 0.014632 0.03149
0 0.150331 0.14321 0.021121 0.055301
0 0.086813 0.222849 0.025476 0.056438
