0 0.074491 0.203497 0.023639 0.124282
0 0.075066 0.190146 0.023204 0.061812
0 0.102591 0.166793 0.018593 0.052579
0 0.126678 0.152209 0.021579 0.057545
0 0.195378 0.127466 0.021198 0.057782
2 0.385676 0.228454 0.036082 0.029965
1 0.09132 0.202592 0.011117 0.015667
1 0.100225 0.236341 0.014898 0.030086
1 0.436211 0.363281 0.10362 0.077142
1 0.812889 0.623919 0.052199 0.150565
2 0.372495 0.273315 0.071031 0.060055
2 0.118528 0.308958 0.019153 0.03702
2 0.162648 0.351384 0.042672 0.047694
0 0.086339 0.222991 0.02564 0.056548
