0 0.074248 0.212528 0.027366 0.123069
0 0.073049 0.193812 0.022487 0.062933
0 0.102683 0.166793 0.018593 0.052579
0 0.128461 0.149842 0.019662 0.061521
0 0.195179 0.128604 0.020174 0.057963
2 0.31396 0.181243 0.035243 0.032351
1 0.106444 0.226152 0.012794 0.023465
1 0.126904 0.22156 0.019262 0.028298
1 0.823541 0.637256 0.051793 0.125797
1 0.767543 0.72698 0.097347 0.169947
2 0.17936 0.172933 0.020006 0.015756
1 0.189382 0.248759 0.035174 0.046838
2 0.154523 0.222032 0.018468 0.034484
0 0.150255 0.144218 0.021272 0.053287
0 0.270005 0.095695 0.014843 0.063891
