0 0.077012 0.211757 0.023639 0.124282
0 0.075066 0.190146 0.023204 0.061812
0 0.102591 0.166793 0.018593 0.052579
0 0.126678 0.152209 0.021579 0.057545
0 0.195378 0.127466 0.021198 0.057782
2 0.372712 0.208333 0.042761 0.023833
1 0.140335 0.248753 0.016494 0.029502
1 0.100715 0.236419 0.019955 0.031076
1 0.162486 0.187822 0.015761 0.01558
2 0.383025 0.335792 0.061553 0.067306
2 0.332945 0.309228 0.048432 0.067191
1 0.113496 0.188412 0.009467 0.013176
2 0.11408 0.2273 0.016076 0.022747
0 0.150331 0.14321 0.021121 0.055301
0 0.086813 0.222849 0.025476 0.056438
