0 0.077012 0.211757 0.023639 0.124282
0 0.075066 0.190146 0.023204 0.061812
0 0.102591 0.166793 0.018593 0.052579
0 0.126678 0.152209 0.021579 0.057545
0 0.195378 0.127466 0.021198 0.057782
2 0.231818 0.159036 0.026271 0.017117
1 0.209846 0.307701 0.025926 0.049559
1 0.099184 0.240994 0.013769 0.030626
2 0.184031 0.170658 0.025811 0.022124
2 0.19068 0.198299 0.024555 0.019683
2 0.202429 0.215163 0.028436 0.02583
1 0.128113 0.184897 0.015556 0.019134
2 0.114157 0.188587 0.010061 0.0142
0 0.150331 0.14321 0.021121 0.055301
0 0.082471 0.224831 0.025684 0.0551
