0 0.07916 0.201616 0.021368 0.115999
0 0.076242 0.191122 0.022624 0.063109
0 0.102481 0.165865 0.018188 0.050723
0 0.070212 0.176537 0.016563 0.075584
0 0.196035 0.128201 0.021887 0.057157
1 0.235491 0.142016 0.015463 0.028697
1 0.087654 0.209635 0.012533 0.025477
1 0.129888 0.217698 0.016947 0.03449
2 0.395888 0.388418 0.097327 0.071246
1 0.520833 0.492961 0.161712 0.12519
2 0.24901 0.211364 0.043642 0.029359
1 0.235249 0.324162 0.046573 0.073416
1 0.223142 0.365389 0.049896 0.100086
0 0.148264 0.144339 0.020167 0.053417
