0 0.082397 0.229812 0.021995 0.146436
0 0.076079 0.190687 0.021178 0.06073
0 0.102825 0.165649 0.01906 0.056017
0 0.126832 0.151663 0.021579 0.057545
0 0.195229 0.125353 0.021198 0.057782
1 0.23562 0.139768 0.015672 0.025406
1 0.112431 0.273358 0.017065 0.032697
1 0.756899 0.695129 0.117191 0.177335
1 0.728538 0.558448 0.057433 0.127152
2 0.214896 0.181587 0.025041 0.026458
2 0.185775 0.485783 0.056315 0.123804
1 0.324197 0.696939 0.12322 0.187603
0 0.137416 0.138942 0.015538 0.070996
0 0.161191 0.123415 0.014113 0.074036
