0 0.079125 0.205213 0.023639 0.124282
0 0.075066 0.190146 0.023204 0.061812
0 0.102591 0.166793 0.018593 0.052579
0 0.126678 0.152209 0.021579 0.057545
0 0.195378 0.127466 0.021198 0.057782
1 0.878625 0.529356 0.057956 0.133536
1 0.132538 0.200771 0.014033 0.022966
1 0.097888 0.242325 0.014486 0.02861
1 0.261475 0.253952 0.054654 0.048115
1 0.785611 0.632296 0.051564 0.168042
2 0.653862 0.57167 0.135068 0.166024
2 0.112506 0.235432 0.016665 0.024337
2 0.12001 0.289487 0.023116 0.038841
0 0.369828 0.075453 0.015794 0.069377
0 0.086339 0.222991 0.02564 0.056548
