0 0.084332 0.249272 0.036172 0.115858
0 0.075594 0.189242 0.020871 0.061807
0 0.102074 0.166984 0.01906 0.056017
0 0.126832 0.151663 0.021579 0.057545
0 0.195229 0.125353 0.021198 0.057782
1 0.227825 0.142419 0.017436 0.025038
0 0.116027 0.160071 0.010635 0.051344
1 0.112729 0.278335 0.018637 0.033432
1 0.731255 0.584205 0.107563 0.186465
1 0.720843 0.567414 0.043346 0.150171
2 0.182833 0.167886 0.021741 0.013271
2 0.26307 0.674763 0.097036 0.23427
2 0.440916 0.912776 0.159574 0.173058
0 0.15458 0.142116 0.01728 0.062216
0 0.149407 0.135102 0.018942 0.073634
