0 0.07916 0.201616 0.021368 0.115999
0 0.076303 0.193648 0.022502 0.058057
0 0.102481 0.165865 0.018188 0.050723
0 0.127049 0.152846 0.019723 0.056509
0 0.196035 0.128201 0.021887 0.057157
1 0.233941 0.141303 0.015454 0.027083
1 0.086137 0.207457 0.009499 0.02112
1 0.119858 0.222802 0.019486 0.027492
2 0.273235 0.297866 0.057738 0.062871
1 0.358257 0.369813 0.075934 0.057134
2 0.277566 0.235736 0.037692 0.032147
2 0.287874 0.371075 0.068456 0.098168
1 0.261328 0.424878 0.071355 0.117811
0 0.148264 0.144339 0.020167 0.053417
