0 0.077012 0.211757 0.023639 0.124282
0 0.075066 0.190146 0.023204 0.061812
0 0.102591 0.166793 0.018593 0.052579
0 0.126678 0.152209 0.021579 0.057545
0 0.195378 0.127466 0.021198 0.057782
2 0.262813 0.167373 0.032106 0.021187
1 0.158626 0.279716 0.027238 0.044571
1 0.10655 0.233222 0.014796 0.029491
1 0.154639 0.172881 0.012584 0.023842
2 0.284673 0.241243 0.049431 0.042343
2 0.236767 0.244894 0.044995 0.033812
1 0.121468 0.186811 0.013292 0.024518
1 0.106042 0.206452 0.015812 0.025443
0 0.150331 0.14321 0.021121 0.055301
0 0.083976 0.225673 0.028695 0.056784
