0 0.079726 0.228906 0.027082 0.082139
0 0.075066 0.190146 0.023204 0.061812
0 0.102683 0.166793 0.018593 0.052579
0 0.126678 0.152209 0.021579 0.057545
0 0.195378 0.127466 0.021198 0.057782
2 0.595117 0.323148 0.073568 0.076389
1 0.119153 0.274766 0.015099 0.029305
1 0.101071 0.237601 0.014784 0.034519
2 0.697982 0.559838 0.202474 0.174769
2 0.436601 0.374263 0.077434 0.10939
1 0.170329 0.165117 0.01815 0.016988
1 0.152312 0.209033 0.016696 0.029962
1 0.136833 0.190586 0.01409 0.02219
0 0.150331 0.14321 0.021121 0.055301
0 0.062153 0.188066 0.017025 0.091812
