0 0.074491 0.203497 0.023639 0.124282
0 0.075066 0.190146 0.023204 0.061812
0 0.102591 0.166793 0.018593 0.052579
0 0.126678 0.152209 0.021579 0.057545
0 0.195378 0.127466 0.021198 0.057782
2 0.431365 0.24122 0.062063 0.074788
1 0.099722 0.205703 0.011531 0.017338
1 0.098506 0.23929 0.015444 0.026516
2 0.346849 0.31819 0.062293 0.056213
2 0.800261 0.631473 0.068449 0.159129
2 0.406315 0.310417 0.064453 0.078704
1 0.113523 0.290363 0.018527 0.042422
1 0.147062 0.330984 0.029787 0.047042
0 0.086339 0.222991 0.02564 0.056548
