0 0.594262 0.09151 0.022414 0.107116
0 0.678648 0.095807 0.023217 0.061869
0 0.750029 0.103319 0.016959 0.050956
0 0.777861 0.112051 0.020074 0.052083
0 0.83739 0.133185 0.025122 0.060045
1 0.255114 0.69516 0.052755 0.189003
1 0.711648 0.138986 0.01978 0.025526
1 0.627998 0.145808 0.024019 0.037558
2 0.61036 0.21422 0.039764 0.039934
1 0.155433 0.561697 0.047542 0.149516
2 0.276615 0.423146 0.12251 0.082975
2 0.641731 0.149951 0.049981 0.024567
1 0.534491 0.179831 0.056581 0.030515
0 0.621992 0.121796 0.026095 0.044086
