0 0.59388 0.092688 0.02165 0.109472
0 0.678344 0.095664 0.02261 0.061583
0 0.750699 0.103652 0.017294 0.051537
0 0.777861 0.112051 0.020074 0.052083
0 0.83739 0.133185 0.025122 0.060045
1 0.257903 0.651783 0.077272 0.183889
1 0.715411 0.144898 0.024993 0.023148
1 0.627997 0.142933 0.024017 0.031807
1 0.643586 0.210449 0.046725 0.043024
1 0.178424 0.525735 0.045726 0.119281
1 0.119514 0.519057 0.056008 0.107853
1 0.65396 0.140801 0.029942 0.019389
2 0.566814 0.174683 0.052214 0.027729
0 0.622818 0.121819 0.028369 0.042675
