0 0.594925 0.094795 0.021778 0.100479
0 0.678107 0.095503 0.022135 0.061261
0 0.751025 0.103067 0.016968 0.049648
0 0.777861 0.112051 0.020074 0.052083
0 0.83798 0.118198 0.018089 0.074443
0 0.83739 0.133185 0.025122 0.060045
2 0.534688 0.397198 0.104641 0.08707
1 0.6801 0.152077 0.032189 0.02216
1 0.629188 0.144581 0.024017 0.031807
2 0.690702 0.181448 0.046604 0.025354
2 0.329517 0.387529 0.085501 0.068141
2 0.30984 0.375065 0.08305 0.061757
2 0.704328 0.128779 0.03119 0.017851
2 0.615293 0.1589 0.044677 0.023388
0 0.623173 0.121244 0.026766 0.047674
