0 0.596473 0.095414 0.020091 0.10366
0 0.678962 0.09612 0.023845 0.062496
0 0.750497 0.102858 0.017942 0.050936
0 0.777861 0.112051 0.020074 0.052083
0 0.819591 0.112611 0.018089 0.074443
0 0.83739 0.133185 0.025122 0.060045
2 0.572392 0.379704 0.115927 0.096326
1 0.674409 0.154307 0.030353 0.030444
1 0.629188 0.144581 0.024017 0.031807
2 0.6993 0.170237 0.04258 0.033056
1 0.352317 0.367379 0.09144 0.072329
1 0.331578 0.355173 0.092289 0.077303
2 0.712952 0.127637 0.029208 0.023285
1 0.621126 0.156722 0.052559 0.023211
0 0.62216 0.120449 0.026954 0.047069
