0 0.594002 0.095634 0.022356 0.099866
0 0.677971 0.09556 0.021864 0.061375
0 0.750522 0.103296 0.01708 0.049062
0 0.777861 0.112051 0.020074 0.052083
0 0.83739 0.133185 0.025122 0.060045
1 0.258394 0.669333 0.070542 0.20838
1 0.709175 0.136942 0.020179 0.025458
1 0.627998 0.145808 0.024019 0.037558
2 0.610037 0.224366 0.038617 0.034686
1 0.15458 0.564261 0.047908 0.154645
2 0.299987 0.418974 0.115927 0.106407
2 0.632835 0.153617 0.049803 0.023386
1 0.529184 0.181952 0.067416 0.032423
0 0.622134 0.120413 0.02625 0.043894
