0 0.57604 0.096373 0.02214 0.104919
0 0.678375 0.095975 0.021616 0.061266
0 0.749885 0.1038 0.02082 0.05317
0 0.757009 0.094865 0.019653 0.078139
0 0.800122 0.119602 0.021272 0.056808
0 0.837803 0.134182 0.019819 0.058677
2 0.831473 0.203373 0.034252 0.037972
1 0.674392 0.141426 0.025771 0.032815
1 0.674325 0.150659 0.028138 0.027072
1 0.148675 0.558719 0.043051 0.113961
1 0.111801 0.513254 0.044859 0.109271
2 0.788653 0.15513 0.022366 0.020721
2 0.613541 0.187408 0.049556 0.029663
2 0.668212 0.163186 0.040416 0.020689
0 0.941969 0.172728 0.012579 0.071798
