0 0.515367 0.1098 0.025686 0.115822
0 0.679625 0.096008 0.025171 0.062272
0 0.751073 0.101574 0.019076 0.052448
0 0.778265 0.110891 0.020266 0.055587
0 0.839081 0.133815 0.019155 0.058786
1 0.865324 0.17747 0.016943 0.038004
0 0.68374 0.097026 0.013356 0.056444
1 0.563017 0.169206 0.029946 0.037506
1 0.14294 0.542288 0.047826 0.123756
1 0.232766 0.502319 0.084068 0.132312
2 0.78174 0.168578 0.032965 0.027532
1 0.264277 0.299821 0.055741 0.040905
2 0.152427 0.377912 0.071365 0.063718
0 0.806703 0.11373 0.018538 0.068562
0 0.77468 0.101726 0.015296 0.069335
