0 0.501019 0.114483 0.035666 0.122283
0 0.678417 0.096008 0.025171 0.062272
0 0.751073 0.101574 0.019076 0.052448
0 0.77721 0.110538 0.022375 0.056293
0 0.838298 0.133331 0.020721 0.059755
1 0.862397 0.173782 0.017704 0.031781
0 0.778299 0.111634 0.016769 0.052422
1 0.551177 0.170221 0.033411 0.033927
1 0.423674 0.368455 0.111748 0.099332
2 0.582046 0.273373 0.070282 0.067989
2 0.807508 0.155426 0.022038 0.026969
1 0.069558 0.44796 0.030604 0.083487
1 0.220397 0.365654 0.079992 0.080767
0 0.820467 0.125034 0.015216 0.049077
0 0.802233 0.117929 0.019416 0.053238
