0 0.515909 0.119358 0.029845 0.099826
0 0.679625 0.096008 0.025171 0.062272
0 0.751073 0.101574 0.019076 0.052448
0 0.778265 0.110891 0.020266 0.055587
0 0.839081 0.133815 0.019155 0.058786
1 0.865583 0.178994 0.016655 0.034991
0 0.68374 0.097026 0.013356 0.056444
1 0.554747 0.166917 0.030598 0.034871
1 0.15367 0.546056 0.047907 0.139544
1 0.244891 0.506777 0.068148 0.143417
2 0.781337 0.170732 0.024258 0.034447
2 0.244976 0.308329 0.065767 0.050271
2 0.118641 0.399431 0.066373 0.054126
0 0.80994 0.121319 0.015714 0.050355
0 0.765992 0.114773 0.02322 0.043909
