0 0.578292 0.097337 0.026643 0.106846
0 0.67838 0.095505 0.021625 0.060327
0 0.749885 0.1038 0.02082 0.05317
0 0.777995 0.112365 0.020074 0.052083
0 0.800122 0.119602 0.021272 0.056808
0 0.837258 0.134828 0.019819 0.058677
2 0.796806 0.216219 0.035852 0.045169
1 0.653491 0.141221 0.01911 0.020823
1 0.659965 0.144431 0.028162 0.023396
1 0.145335 0.554957 0.045769 0.122557
2 0.17598 0.469269 0.086918 0.083725
2 0.793498 0.158159 0.012095 0.032662
2 0.646104 0.177874 0.042994 0.028712
2 0.683854 0.158972 0.048166 0.026763
0 0.881975 0.142073 0.020989 0.072258
