0 0.517905 0.125465 0.033482 0.090231
0 0.679625 0.096008 0.025171 0.062272
0 0.751073 0.101574 0.019076 0.052448
0 0.778265 0.110891 0.020266 0.055587
0 0.839081 0.133815 0.019155 0.058786
1 0.865899 0.177307 0.016655 0.034991
0 0.733953 0.099459 0.012099 0.049429
1 0.551435 0.171609 0.032712 0.03736
1 0.201638 0.526796 0.032871 0.150476
1 0.239168 0.515116 0.049469 0.137747
2 0.793946 0.161574 0.023929 0.024313
1 0.200558 0.333337 0.065173 0.060579
2 0.106267 0.415149 0.056291 0.04678
0 0.809145 0.121723 0.019638 0.049547
0 0.793612 0.105818 0.016407 0.070779
