0 0.595121 0.095429 0.034406 0.095199
0 0.67838 0.095505 0.021625 0.060327
0 0.749885 0.1038 0.02082 0.05317
0 0.693567 0.083292 0.018743 0.075092
0 0.800122 0.119602 0.021272 0.056808
0 0.837803 0.134182 0.019819 0.058677
1 0.864373 0.185595 0.014768 0.042676
1 0.697224 0.14423 0.017494 0.039277
1 0.672304 0.146121 0.022293 0.029342
1 0.215972 0.491343 0.046484 0.132112
2 0.144704 0.508616 0.07614 0.107596
2 0.767513 0.16348 0.032049 0.030177
2 0.577667 0.194992 0.050216 0.038657
2 0.611108 0.178074 0.062133 0.043755
