0 0.614 0.101413 0.036914 0.08379
0 0.67838 0.095505 0.021625 0.060327
0 0.751344 0.104333 0.017528 0.051929
0 0.77825 0.111514 0.019331 0.054276
0 0.801115 0.119353 0.019286 0.057307
0 0.837803 0.13478 0.019819 0.058677
2 0.865043 0.184913 0.02043 0.042261
1 0.718202 0.134103 0.019622 0.030938
1 0.664129 0.142762 0.033512 0.025708
2 0.705462 0.159069 0.046741 0.041548
1 0.661779 0.194735 0.051609 0.032553
1 0.522529 0.282784 0.053052 0.045543
2 0.151141 0.424177 0.084975 0.084356
1 0.092465 0.441431 0.041364 0.078584
