0 0.598502 0.094517 0.019314 0.100487
0 0.678116 0.097367 0.022154 0.064989
0 0.750786 0.103357 0.016513 0.050818
0 0.777861 0.112051 0.020074 0.052083
0 0.800475 0.119288 0.021272 0.056808
0 0.83739 0.133185 0.025122 0.060045
2 0.686427 0.30371 0.081703 0.078467
1 0.658186 0.161352 0.030353 0.030444
1 0.629188 0.144581 0.024017 0.031807
1 0.719304 0.168915 0.034759 0.029302
1 0.454961 0.330773 0.090759 0.045354
2 0.414768 0.307733 0.098035 0.071587
1 0.719985 0.122765 0.024275 0.022876
1 0.646731 0.149657 0.048905 0.022632
0 0.622686 0.121327 0.025711 0.047581
