0 0.595944 0.092207 0.026242 0.107258
0 0.677792 0.096012 0.021506 0.062279
0 0.75085 0.10397 0.017545 0.051789
0 0.777861 0.112051 0.020074 0.052083
0 0.800475 0.119288 0.021272 0.056808
0 0.83739 0.133185 0.025122 0.060045
2 0.712566 0.289645 0.07702 0.080251
1 0.639729 0.16385 0.030353 0.030444
1 0.63319 0.144533 0.03202 0.031711
1 0.730928 0.160623 0.031893 0.027643
2 0.468093 0.313061 0.078092 0.038389
2 0.454232 0.292057 0.08843 0.050273
1 0.722199 0.124646 0.026073 0.02064
1 0.653768 0.14553 0.041221 0.024633
0 0.624592 0.117897 0.030495 0.051295
