0 0.583763 0.117025 0.031314 0.073234
0 0.67838 0.095505 0.021625 0.060327
0 0.749885 0.1038 0.02082 0.05317
0 0.777995 0.112051 0.020074 0.052083
0 0.800475 0.119288 0.021272 0.056808
0 0.837258 0.134828 0.019819 0.058677
2 0.762079 0.252792 0.046845 0.059617
1 0.62812 0.147295 0.021448 0.024233
1 0.662899 0.144368 0.022125 0.024741
1 0.142698 0.561909 0.056531 0.117386
2 0.243885 0.459751 0.083676 0.088563
2 0.797408 0.151042 0.023082 0.022412
1 0.660622 0.169474 0.042576 0.026233
2 0.702424 0.15244 0.037097 0.021988
0 0.822064 0.116632 0.016826 0.072841
