0 0.585221 0.118137 0.031305 0.065197
0 0.67838 0.095505 0.021625 0.060327
0 0.751513 0.105895 0.017565 0.048981
0 0.777995 0.112051 0.020074 0.052083
0 0.800475 0.119288 0.021272 0.056808
0 0.838567 0.131724 0.019819 0.058677
1 0.662825 0.341409 0.042067 0.085784
1 0.58858 0.160346 0.021705 0.035217
1 0.637128 0.144047 0.026364 0.027483
1 0.13838 0.562121 0.047017 0.122894
2 0.278712 0.411704 0.104119 0.098411
1 0.798569 0.15422 0.026344 0.032946
1 0.694747 0.155793 0.03567 0.026864
2 0.728407 0.143615 0.029731 0.022184
0 0.714371 0.084955 0.015702 0.071602
