0 0.607751 0.096158 0.027747 0.097465
0 0.67838 0.095505 0.021625 0.060327
0 0.751344 0.104333 0.017528 0.051929
0 0.77825 0.111514 0.019331 0.054276
0 0.801115 0.119353 0.019286 0.057307
0 0.837803 0.13478 0.019819 0.058677
1 0.864545 0.183731 0.018882 0.045568
1 0.708405 0.132269 0.018421 0.041679
1 0.666067 0.144689 0.029474 0.032491
1 0.579205 0.21537 0.062833 0.042163
2 0.490332 0.261747 0.075876 0.051229
2 0.632072 0.223055 0.046727 0.040427
2 0.39239 0.283045 0.072257 0.070969
1 0.330988 0.295816 0.060329 0.073705
