0 0.515632 0.10996 0.0304 0.118622
0 0.677907 0.096448 0.021736 0.063151
0 0.751073 0.101574 0.019076 0.052448
0 0.778265 0.110891 0.020266 0.055587
0 0.839081 0.133815 0.019155 0.058786
1 0.865583 0.178994 0.016655 0.034991
0 0.683716 0.096052 0.013308 0.054495
1 0.557884 0.167424 0.030598 0.034871
1 0.146957 0.54548 0.030709 0.126713
1 0.234289 0.517752 0.057418 0.13667
2 0.782401 0.168115 0.031644 0.028458
2 0.25013 0.304786 0.052003 0.044163
2 0.125225 0.390074 0.063111 0.05479
0 0.806805 0.123633 0.018335 0.048756
0 0.765992 0.114773 0.02322 0.043909
