0 0.585216 0.114118 0.031314 0.073234
0 0.67838 0.095505 0.021625 0.060327
0 0.750839 0.103939 0.016702 0.047708
0 0.777995 0.112051 0.020074 0.052083
0 0.800475 0.119288 0.021272 0.056808
0 0.838567 0.131724 0.019819 0.058677
2 0.686828 0.338954 0.072694 0.082908
1 0.591366 0.15468 0.020622 0.024715
1 0.638238 0.141407 0.025338 0.0256
1 0.137556 0.547238 0.051029 0.134183
1 0.252254 0.411429 0.043961 0.114642
1 0.798238 0.152455 0.026344 0.032946
2 0.683583 0.162339 0.044035 0.025031
1 0.726321 0.145152 0.025277 0.016935
0 0.731328 0.090182 0.018526 0.068641
