0 0.574401 0.096731 0.023478 0.107344
0 0.677852 0.095036 0.021625 0.060327
0 0.75177 0.104562 0.01705 0.051647
0 0.777861 0.112051 0.020074 0.052083
0 0.800475 0.119288 0.021272 0.056808
0 0.837286 0.13457 0.019819 0.058677
2 0.768127 0.237605 0.043078 0.04094
1 0.380126 0.264292 0.047019 0.038414
1 0.637547 0.142914 0.023516 0.03247
1 0.762494 0.174781 0.025825 0.034297
1 0.803993 0.152873 0.028088 0.020239
2 0.73553 0.16522 0.032165 0.022905
1 0.75963 0.137412 0.014567 0.024276
1 0.749884 0.133042 0.014421 0.028717
0 0.6154 0.121064 0.026138 0.044229
