0 0.404618 0.111422 0.040034 0.141998
0 0.040269 0.443959 0.066493 0.132613
0 0.048543 0.464098 0.067414 0.136331
0 0.04044 0.514531 0.061783 0.164865
0 0.065145 0.574869 0.068177 0.186529
0 0.087727 0.622592 0.076389 0.238598
0 0.141086 0.795807 0.141935 0.302795
0 0.250983 0.928394 0.098034 0.141823
0 0.395344 0.964247 0.079297 0.074642
0 0.202558 0.575544 0.072315 0.253232
0 0.245742 0.624681 0.124045 0.315855
2 0.814392 0.108163 0.025326 0.024801
1 0.218379 0.446766 0.038706 0.064769
1 0.208085 0.391754 0.028467 0.046397
1 0.182845 0.413624 0.054882 0.079648
1 0.225618 0.354708 0.039617 0.058603
2 0.847803 0.219018 0.049039 0.056263
2 0.778769 0.26093 0.063713 0.07263
1 0.293241 0.560607 0.069134 0.123155
2 0.908131 0.165894 0.033267 0.032901
2 0.587101 0.417293 0.106522 0.098623
1 0.657659 0.862363 0.073429 0.215923
2 0.940335 0.183635 0.02317 0.035437
0 0.055395 0.366978 0.046808 0.219109
