0 0.16153 0.225057 0.02829 0.172229
0 0.040047 0.44446 0.066936 0.131611
0 0.042616 0.458849 0.067301 0.138933
0 0.04044 0.514531 0.061783 0.164865
0 0.065145 0.574869 0.068177 0.186529
0 0.081605 0.62969 0.092233 0.230945
0 0.125104 0.705771 0.128535 0.489588
0 0.238216 0.938079 0.133724 0.122454
0 0.37655 0.958934 0.082701 0.084906
0 0.198068 0.573948 0.072315 0.253232
0 0.250297 0.625067 0.129794 0.320747
1 0.143768 0.354246 0.022808 0.056208
2 0.846952 0.125126 0.021625 0.020367
2 0.828859 0.141032 0.022616 0.024788
2 0.812977 0.121776 0.024626 0.018996
2 0.799565 0.152818 0.029062 0.035932
2 0.654148 0.337364 0.07952 0.068094
2 0.335919 0.532768 0.107597 0.125234
2 0.824019 0.189639 0.03608 0.03023
2 0.87904 0.201136 0.034491 0.041239
2 0.720107 0.239201 0.057802 0.035266
1 0.906751 0.336771 0.029026 0.038621
2 0.903462 0.248062 0.031855 0.040794
0 0.98342 0.296484 0.034431 0.199688
