0 0.279974 0.152916 0.042033 0.153536
0 0.044757 0.447047 0.071331 0.138586
0 0.0485 0.466166 0.05067 0.150679
0 0.02824 0.519057 0.037383 0.173916
0 0.069377 0.551215 0.060628 0.146123
0 0.098296 0.640059 0.097526 0.273531
0 0.141502 0.795593 0.151169 0.302991
0 0.258865 0.931343 0.095703 0.140046
0 0.39304 0.945013 0.083452 0.108586
0 0.202558 0.575544 0.072315 0.253232
0 0.245655 0.62568 0.124045 0.315855
0 0.146186 0.480332 0.080891 0.409363
1 0.263889 0.271495 0.03235 0.044807
1 0.246002 0.438839 0.036347 0.057316
1 0.23477 0.400339 0.031327 0.047442
1 0.369511 0.315077 0.039502 0.060175
1 0.169039 0.409169 0.032601 0.063755
2 0.885705 0.146448 0.022117 0.022822
2 0.894552 0.184428 0.023184 0.030805
2 0.835414 0.165736 0.026981 0.023625
2 0.850453 0.207659 0.031111 0.051363
1 0.274273 0.586934 0.050437 0.097222
2 0.961912 0.19811 0.023257 0.029735
1 0.696358 0.813648 0.067052 0.224191
0 0.050866 0.349424 0.047226 0.215967
