0 0.264764 0.159556 0.04311 0.167876
0 0.044757 0.447047 0.071331 0.138586
0 0.0485 0.466166 0.05067 0.150679
0 0.02824 0.519057 0.037383 0.173916
0 0.069377 0.551215 0.060628 0.146123
0 0.098296 0.640059 0.097526 0.273531
0 0.141502 0.795593 0.151169 0.302991
0 0.246031 0.920553 0.103251 0.157504
0 0.39304 0.945013 0.083452 0.108586
0 0.202558 0.575544 0.072315 0.253232
0 0.245655 0.62568 0.124045 0.315855
1 0.135325 0.381917 0.03031 0.042669
2 0.79093 0.159084 0.037127 0.027958
1 0.586424 0.24026 0.066809 0.05293
1 0.400281 0.326155 0.076369 0.074906
1 0.186096 0.432272 0.03599 0.078027
2 0.448032 0.381974 0.089716 0.056902
2 0.752408 0.213014 0.040054 0.035786
2 0.338683 0.507514 0.147831 0.098923
2 0.862261 0.16078 0.023973 0.024458
1 0.261022 0.588417 0.056709 0.076907
2 0.930015 0.198166 0.02253 0.032656
2 0.87864 0.263557 0.025464 0.026545
0 0.037625 0.350874 0.036582 0.188499
