0 0.306937 0.1729 0.057025 0.121214
0 0.044757 0.447047 0.071331 0.138586
0 0.0485 0.466166 0.05067 0.150679
0 0.02824 0.519057 0.037383 0.173916
0 0.069377 0.551215 0.060628 0.146123
0 0.098296 0.640059 0.097526 0.273531
0 0.141797 0.791958 0.15058 0.31026
0 0.258865 0.931343 0.095703 0.140046
0 0.39304 0.945013 0.083452 0.108586
0 0.191854 0.562428 0.06307 0.233652
0 0.228369 0.632606 0.114551 0.307416
0 0.331451 0.659535 0.134174 0.351091
1 0.177572 0.324277 0.025817 0.048754
1 0.26571 0.424911 0.029146 0.056536
1 0.235912 0.399319 0.025625 0.054079
1 0.315329 0.368453 0.05049 0.07528
1 0.197326 0.395905 0.040271 0.074456
2 0.898447 0.184543 0.033304 0.031638
2 0.838608 0.225743 0.027843 0.046796
2 0.890841 0.147801 0.024557 0.024263
2 0.760365 0.277464 0.05649 0.078124
1 0.405734 0.482533 0.071294 0.151779
2 0.955717 0.222336 0.023257 0.029735
2 0.68551 0.775498 0.05693 0.13882
0 0.05066 0.347288 0.046815 0.211696
