0 0.306937 0.1729 0.057025 0.121214
0 0.044757 0.447047 0.071331 0.138586
0 0.0485 0.466166 0.05067 0.150679
0 0.02824 0.519057 0.037383 0.173916
0 0.069377 0.551215 0.060628 0.146123
0 0.098296 0.640059 0.097526 0.273531
0 0.143209 0.798085 0.154663 0.313553
0 0.258865 0.931343 0.095703 0.140046
0 0.39304 0.945013 0.083452 0.108586
0 0.191854 0.562428 0.06307 0.233652
0 0.236003 0.625723 0.099284 0.321181
0 0.328218 0.658662 0.127707 0.349343
1 0.122051 0.359767 0.028599 0.054837
1 0.277632 0.422624 0.027726 0.06277
1 0.227377 0.417001 0.031681 0.06642
1 0.29302 0.370677 0.041909 0.061843
2 0.270345 0.354047 0.074665 0.04808
2 0.877232 0.201511 0.039326 0.03192
2 0.769855 0.278656 0.065003 0.058727
2 0.894106 0.151451 0.027036 0.031563
1 0.634766 0.386222 0.108979 0.124295
2 0.46237 0.420214 0.116792 0.088246
2 0.95215 0.240727 0.017612 0.037446
2 0.667486 0.866266 0.085776 0.260596
0 0.049851 0.347892 0.045197 0.212903
