0 0.257679 0.160306 0.058096 0.156192
0 0.049981 0.443841 0.047069 0.13285
0 0.048543 0.464098 0.067414 0.136331
0 0.04044 0.514531 0.061783 0.164865
0 0.065145 0.574869 0.068177 0.186529
0 0.087727 0.622592 0.076389 0.238598
0 0.141086 0.795807 0.141935 0.302795
0 0.250072 0.929252 0.095169 0.140108
0 0.399932 0.9457 0.089979 0.107212
0 0.202558 0.575544 0.072315 0.253232
0 0.245655 0.62568 0.124045 0.315855
2 0.52364 0.18512 0.078916 0.049594
1 0.806889 0.115558 0.02044 0.023696
2 0.845053 0.130263 0.030186 0.020906
2 0.813099 0.145882 0.021343 0.024341
2 0.789076 0.151734 0.021196 0.032177
1 0.332156 0.666063 0.086141 0.167785
1 0.274225 0.573152 0.031783 0.081848
1 0.228819 0.493738 0.028351 0.061448
2 0.51788 0.375334 0.099545 0.067889
1 0.257021 0.533366 0.020175 0.066691
1 0.921445 0.288676 0.018844 0.043716
2 0.918775 0.207543 0.012946 0.020128
0 0.063156 0.327572 0.04115 0.204749
