0 0.277256 0.155757 0.032132 0.15793
0 0.041466 0.445795 0.064098 0.128941
0 0.077706 0.409269 0.055314 0.283296
0 0.04044 0.514531 0.061783 0.164865
0 0.065145 0.574869 0.068177 0.186529
0 0.081605 0.62969 0.092233 0.230945
0 0.141086 0.795807 0.141935 0.302795
0 0.215517 0.9392 0.088325 0.124697
0 0.382031 0.953035 0.070312 0.09254
0 0.202558 0.575544 0.072315 0.253232
0 0.241356 0.630756 0.137954 0.314564
2 0.653136 0.13656 0.048153 0.024492
1 0.180448 0.421203 0.026535 0.045389
1 0.156782 0.430384 0.025767 0.05813
1 0.21014 0.434304 0.029307 0.074789
1 0.20019 0.374531 0.033293 0.053688
2 0.876612 0.155943 0.02923 0.022203
2 0.908276 0.168263 0.030695 0.024192
2 0.761083 0.273513 0.072359 0.070509
2 0.80536 0.189215 0.035487 0.026677
2 0.865569 0.198043 0.04269 0.04385
1 0.663098 0.86034 0.086806 0.213477
2 0.931501 0.195649 0.02317 0.035437
0 0.923992 0.652509 0.123488 0.517473
