0 0.270135 0.16332 0.04311 0.167876
0 0.044757 0.447047 0.071331 0.138586
0 0.0485 0.466166 0.05067 0.150679
0 0.02824 0.519057 0.037383 0.173916
0 0.069377 0.551215 0.060628 0.146123
0 0.098296 0.640059 0.097526 0.273531
0 0.141502 0.795593 0.151169 0.302991
0 0.246031 0.920553 0.103251 0.157504
0 0.39304 0.945013 0.083452 0.108586
0 0.202558 0.575544 0.072315 0.253232
0 0.245655 0.62568 0.124045 0.315855
0 0.117001 0.229738 0.034157 0.163647
1 0.288005 0.295752 0.033715 0.060763
1 0.627155 0.215836 0.035568 0.05229
1 0.206204 0.424733 0.040056 0.066502
1 0.255484 0.350632 0.035907 0.076227
1 0.153241 0.404552 0.037165 0.074929
2 0.806727 0.189699 0.036836 0.032974
2 0.865701 0.156657 0.02198 0.028897
2 0.707165 0.231929 0.034304 0.035776
2 0.908813 0.166646 0.018999 0.032217
1 0.299418 0.58995 0.075545 0.125131
2 0.959504 0.191086 0.020832 0.023402
2 0.797259 0.419892 0.04696 0.096008
0 0.041965 0.353446 0.036582 0.188499
