0 0.301387 0.176305 0.058594 0.110752
0 0.0433 0.444182 0.079231 0.131027
0 0.052287 0.472367 0.050863 0.159144
0 0.02824 0.519057 0.037383 0.173916
0 0.069377 0.551215 0.060628 0.146123
0 0.086873 0.635989 0.116781 0.226418
0 0.139567 0.8091 0.161947 0.291522
0 0.244141 0.925564 0.096842 0.145399
0 0.361866 0.957379 0.082037 0.087517
0 0.191854 0.562428 0.06307 0.233652
0 0.236003 0.625723 0.099284 0.321181
0 0.321976 0.656914 0.132584 0.337274
1 0.138057 0.363771 0.034011 0.050756
2 0.471191 0.272891 0.077631 0.055029
1 0.591495 0.210428 0.085928 0.04568
1 0.756521 0.143803 0.032314 0.033107
2 0.84046 0.125974 0.024025 0.022045
2 0.37522 0.665362 0.074321 0.132164
1 0.258261 0.554628 0.040123 0.073275
2 0.855671 0.197258 0.031654 0.053281
2 0.584604 0.310821 0.086059 0.091529
2 0.863771 0.164595 0.029893 0.030601
1 0.702936 0.726994 0.151386 0.236335
2 0.659551 0.540502 0.078125 0.109767
