0 0.301387 0.176305 0.058594 0.110752
0 0.0433 0.444182 0.079231 0.131027
0 0.052287 0.472367 0.050863 0.159144
0 0.02824 0.519057 0.037383 0.173916
0 0.069377 0.551215 0.060628 0.146123
0 0.086873 0.635989 0.116781 0.226418
0 0.139567 0.8091 0.161947 0.291522
0 0.244141 0.925564 0.096842 0.145399
0 0.377964 0.948275 0.082732 0.098431
0 0.191854 0.562428 0.06307 0.233652
0 0.236003 0.625723 0.099284 0.321181
0 0.321946 0.660089 0.132525 0.343625
1 0.138057 0.363771 0.034011 0.050756
2 0.465354 0.280792 0.08871 0.05465
2 0.563111 0.225416 0.085928 0.04568
1 0.74832 0.145972 0.054334 0.026059
2 0.84046 0.125974 0.024025 0.022045
2 0.37522 0.665362 0.074321 0.132164
1 0.258261 0.554628 0.040123 0.073275
2 0.862074 0.198397 0.031654 0.053281
2 0.560153 0.348615 0.08646 0.079469
2 0.859928 0.165354 0.029893 0.030601
1 0.730108 0.674039 0.112164 0.194395
2 0.660093 0.545542 0.074521 0.059364
