0 0.066933 0.181934 0.015069 0.094933
0 0.086757 0.161387 0.012582 0.074126
0 0.097437 0.159176 0.011412 0.070225
0 0.115505 0.149163 0.013899 0.069444
0 0.131946 0.144741 0.009107 0.072566
0 0.140888 0.140645 0.011631 0.068274
0 0.18818 0.121918 0.023262 0.053839
0 0.208864 0.108458 0.013057 0.063983
0 0.23872 0.112705 0.014546 0.045537
0 0.252808 0.109859 0.013265 0.040821
1 0.117933 0.237503 0.016967 0.018231
1 0.196416 0.378806 0.02538 0.050612
1 0.411314 0.833848 0.12934 0.126543
1 0.40162 0.921811 0.085069 0.13786
1 0.147325 0.180715 0.010979 0.020183
1 0.182951 0.163055 0.009486 0.018855
2 0.344032 0.373787 0.066359 0.071536
2 0.49495 0.442638 0.087335 0.070009
2 0.529249 0.510388 0.133067 0.111789
2 0.580062 0.444896 0.093051 0.100497
1 0.770071 0.689876 0.07427 0.142544
0 0.920948 0.67826 0.081435 0.195975
0 0.909693 0.773894 0.151615 0.148305
1 0.300686 0.198446 0.047427 0.040318
1 0.250398 0.146642 0.014791 0.017867
1 0.271541 0.133832 0.014222 0.020901
1 0.29112 0.129366 0.008059 0.023092
1 0.30373 0.12768 0.008438 0.01871
0 0.153144 0.141588 0.015321 0.047114
