0 0.062251 0.258126 0.019116 0.13091
0 0.081605 0.223201 0.019427 0.054115
0 0.092333 0.167406 0.012903 0.045252
0 0.075974 0.164962 0.010788 0.052146
0 0.106823 0.163583 0.013256 0.041867
0 0.217803 0.115932 0.015711 0.047444
0 0.225659 0.11421 0.006887 0.040557
0 0.23077 0.113254 0.008286 0.044766
0 0.238464 0.112106 0.009685 0.04094
0 0.421113 0.099085 0.02439 0.099255
1 0.106134 0.204649 0.016705 0.022106
1 0.121803 0.2013 0.008981 0.014514
1 0.116528 0.245121 0.012246 0.015966
1 0.247429 0.406037 0.039262 0.085743
1 0.409211 0.587198 0.094506 0.137209
1 0.522776 0.756328 0.096081 0.224574
1 0.431735 0.691364 0.0734 0.253696
