0 0.117284 0.148443 0.017331 0.075649
0 0.093101 0.171157 0.013113 0.046869
0 0.153379 0.137429 0.017141 0.069139
0 0.179372 0.131355 0.017829 0.059033
0 0.212931 0.10774 0.014441 0.0656
0 0.191989 0.121848 0.017888 0.054066
0 0.241741 0.106449 0.017436 0.040369
0 0.258506 0.103099 0.012037 0.05097
0 0.342338 0.093529 0.020224 0.064836
0 0.270423 0.0913 0.012986 0.059277
0 0.676769 0.181597 0.043598 0.149537
1 0.165945 0.227202 0.013462 0.026365
1 0.125035 0.268537 0.017959 0.032728
1 0.108189 0.264394 0.016795 0.038164
1 0.153126 0.272627 0.022675 0.033093
1 0.407914 0.384349 0.069588 0.097429
1 0.36127 0.874659 0.072772 0.19235
0 0.053116 0.242502 0.064081 0.140691
1 0.132642 0.230382 0.028076 0.030382
1 0.296147 0.180936 0.01628 0.022743
1 0.131023 0.186241 0.0168 0.022106
1 0.08866 0.208666 0.0162 0.019723
1 0.274146 0.136696 0.015075 0.026465
1 0.375242 0.15456 0.029383 0.025197
1 0.588293 0.224518 0.023635 0.038918
