0 0.200571 0.741159 0.119171 0.516293
0 0.065828 0.360082 0.042535 0.211934
0 0.065805 0.252315 0.022236 0.110755
0 0.078172 0.183027 0.013714 0.09164
0 0.091035 0.168146 0.012201 0.038337
0 0.102764 0.162513 0.013336 0.038506
0 0.174956 0.125848 0.012287 0.055751
0 0.190219 0.127079 0.014615 0.05291
0 0.216217 0.105082 0.013822 0.05815
0 0.243697 0.106359 0.015684 0.053837
0 0.325445 0.110997 0.015643 0.025859
0 0.431617 0.09495 0.028935 0.107596
1 0.092813 0.207292 0.009531 0.019306
1 0.138398 0.221181 0.013203 0.024306
1 0.140313 0.248681 0.016406 0.051806
1 0.309282 0.480982 0.05127 0.087595
1 0.332364 0.451783 0.05127 0.071812
1 0.359109 0.602707 0.0981 0.125868
1 0.365565 0.573021 0.103388 0.228643
1 0.520171 0.756827 0.091367 0.238544
1 0.482516 0.823502 0.052005 0.120064
1 0.44063 0.870984 0.053417 0.143909
1 0.389141 0.906435 0.086562 0.185741
