0 0.082115 0.417787 0.056704 0.290472
0 0.237945 0.761649 0.15079 0.304659
0 0.059738 0.257142 0.019283 0.140774
0 0.084101 0.194082 0.020697 0.104167
0 0.111093 0.158959 0.021609 0.04802
0 0.141359 0.141475 0.009004 0.060825
0 0.146969 0.135441 0.009419 0.069444
0 0.152164 0.143814 0.007064 0.061564
0 0.198595 0.121193 0.013021 0.05414
0 0.209198 0.123013 0.006107 0.041175
0 0.243658 0.108453 0.011815 0.045439
0 0.352927 0.103528 0.024558 0.040594
0 0.372386 0.089103 0.013212 0.083742
0 0.39622 0.088239 0.019895 0.088095
1 0.114579 0.203934 0.01806 0.031155
1 0.110298 0.26113 0.016187 0.025209
1 0.124344 0.251142 0.015117 0.02949
1 0.139929 0.249715 0.017926 0.044235
1 0.14401 0.234375 0.012174 0.024496
1 0.119127 0.304771 0.012976 0.027825
1 0.378613 0.904167 0.05293 0.153472
1 0.416504 0.928299 0.074023 0.142014
