0 0.064245 0.268617 0.016456 0.156028
0 0.073554 0.168144 0.019448 0.075059
0 0.090509 0.170213 0.014129 0.048463
0 0.189275 0.126568 0.018796 0.053017
0 0.214954 0.099753 0.0128 0.055516
0 0.236297 0.112478 0.011532 0.046543
0 0.247031 0.108061 0.012656 0.050407
0 0.351444 0.089857 0.014678 0.087542
1 0.090328 0.207227 0.009748 0.019174
1 0.130012 0.179818 0.009887 0.029499
1 0.122476 0.24115 0.015832 0.02704
1 0.13385 0.223267 0.010371 0.0397
1 0.146102 0.307632 0.020457 0.047967
1 0.177016 0.277649 0.016845 0.040014
1 0.202791 0.264224 0.01728 0.027623
1 0.208164 0.289395 0.011181 0.02943
1 0.215497 0.296107 0.039208 0.070219
1 0.104907 0.348886 0.040466 0.121424
1 0.311101 0.12885 0.011916 0.02192
1 0.347573 0.149665 0.015231 0.025604
1 0.327731 0.162743 0.019272 0.032604
