0 0.067355 0.256847 0.033586 0.08859
0 0.094553 0.170853 0.014238 0.046404
0 0.115727 0.162902 0.012777 0.05257
0 0.12814 0.159495 0.014968 0.060034
0 0.184725 0.130127 0.013508 0.042186
0 0.196043 0.124773 0.012777 0.047053
0 0.250794 0.110523 0.018538 0.046846
1 0.285192 0.442065 0.066913 0.088092
1 0.491356 0.850694 0.129123 0.185185
1 0.50944 0.951968 0.113932 0.09195
1 0.585757 0.855195 0.098018 0.162037
1 0.692998 0.832369 0.092593 0.171682
1 0.239158 0.197881 0.026706 0.030825
1 0.419149 0.425909 0.105384 0.066447
1 0.561348 0.422412 0.088523 0.08743
1 0.746858 0.486614 0.127661 0.114734
1 0.34008 0.181433 0.038419 0.030907
1 0.378498 0.199939 0.034985 0.030525
1 0.338933 0.132232 0.021147 0.018014
1 0.266976 0.13184 0.014098 0.02193
