0 0.062984 0.234173 0.02483 0.131352
0 0.19664 0.121184 0.0135 0.047608
0 0.205272 0.109773 0.009959 0.066494
0 0.232592 0.110658 0.017154 0.055857
0 0.252071 0.108586 0.013139 0.045875
1 0.111097 0.227932 0.021243 0.029532
1 0.111298 0.240192 0.013591 0.013603
1 0.154387 0.25281 0.015806 0.020941
1 0.436339 0.714825 0.118037 0.198772
1 0.458984 0.873843 0.149173 0.171598
1 0.111183 0.194346 0.015045 0.03141
1 0.178195 0.186096 0.021653 0.023148
1 0.295789 0.321598 0.05264 0.054219
1 0.364037 0.397625 0.061744 0.060484
1 0.564024 0.55852 0.085747 0.104167
1 0.507234 0.364712 0.076389 0.108025
1 0.628408 0.399189 0.093855 0.071309
1 0.897267 0.550614 0.036868 0.071785
1 0.921699 0.519273 0.027797 0.058521
1 0.296442 0.126842 0.011844 0.023688
0 0.674851 0.934524 0.125 0.125661
0 0.717262 0.916336 0.068452 0.158069
0 0.944841 0.798611 0.108536 0.246551
