0 0.075335 0.395275 0.053711 0.279638
0 0.116772 0.160313 0.015791 0.050532
0 0.171958 0.138593 0.014461 0.050827
0 0.19124 0.127069 0.012134 0.047872
0 0.19872 0.123079 0.012467 0.050532
0 0.216007 0.115248 0.020778 0.054374
0 0.246509 0.106383 0.015625 0.049645
1 0.096297 0.20368 0.011578 0.02112
1 0.129168 0.195268 0.008457 0.016466
1 0.11759 0.243324 0.01792 0.023804
1 0.153431 0.307936 0.036244 0.060674
1 0.368304 0.614296 0.094572 0.205201
1 0.458617 0.635182 0.108964 0.194758
1 0.405432 0.33188 0.053234 0.071382
1 0.166954 0.174298 0.015228 0.030014
