1 0.601384 0.474129 0.055614 0.11064
0 0.929287 0.956232 0.136739 0.086146
0 0.987618 0.64054 0.023983 0.273087
2 0.554046 0.54658 0.097288 0.09827
2 0.477395 0.456827 0.078125 0.075996
1 0.530093 0.266182 0.040537 0.061583
1 0.189217 0.400485 0.035377 0.075996
1 0.267342 0.248493 0.030955 0.065514
1 0.324093 0.240632 0.033903 0.039308
0 0.101823 0.162037 0.019271 0.051852
0 0.124479 0.151852 0.014583 0.061111
0 0.163021 0.138426 0.017708 0.05463
0 0.192708 0.125926 0.022917 0.051852
0 0.342448 0.0875 0.014323 0.050926
