1 0.542128 0.597717 0.060249 0.157721
1 0.599729 0.536511 0.061573 0.07533
0 0.923001 0.940931 0.101655 0.116749
1 0.610322 0.244609 0.024497 0.047081
1 0.560666 0.254025 0.020524 0.054143
2 0.1952 0.273446 0.036414 0.069444
1 0.136606 0.298752 0.027807 0.051789
1 0.182289 0.199882 0.014566 0.02354
2 0.404416 0.155155 0.023173 0.035311
2 0.344829 0.1375 0.032442 0.030603
0 0.101318 0.167253 0.018311 0.050998
0 0.123596 0.155317 0.014038 0.050998
0 0.172424 0.125477 0.016479 0.071615
0 0.195007 0.124935 0.018921 0.055339
0 0.227051 0.113542 0.015869 0.047743
0 0.342407 0.088585 0.013428 0.047743
