2 0.37694 0.572999 0.084746 0.150659
2 0.476582 0.636558 0.074815 0.190678
0 0.881207 0.892673 0.126649 0.213265
2 0.603039 0.555344 0.180747 0.169492
1 0.656998 0.468832 0.082097 0.128296
2 0.892697 0.508263 0.059587 0.096516
1 0.468637 0.377024 0.06687 0.081215
1 0.364691 0.308169 0.032442 0.084746
2 0.555038 0.239313 0.07018 0.069444
0 0.120054 0.367608 0.058263 0.290725
2 0.132965 0.280508 0.021849 0.03178
0 0.103833 0.164572 0.017876 0.054143
0 0.125682 0.156921 0.020524 0.052966
0 0.197186 0.124553 0.023173 0.047081
0 0.229959 0.11396 0.022511 0.047081
2 0.496114 0.211064 0.058263 0.064736
0 0.346153 0.084534 0.017876 0.047081
