1 0.514983 0.784275 0.109243 0.269539
1 0.683481 0.652448 0.062235 0.140066
2 0.919842 0.491784 0.025159 0.065913
2 0.770213 0.316408 0.056939 0.094162
2 0.503727 0.312288 0.054952 0.060028
1 0.237904 0.335829 0.0384 0.071798
0 0.232938 0.244609 0.032442 0.032957
0 0.075695 0.375847 0.05429 0.250706
0 0.100854 0.169868 0.014566 0.060028
0 0.121709 0.155744 0.020524 0.052966
0 0.14753 0.143974 0.021849 0.052966
0 0.167062 0.1375 0.014566 0.056497
0 0.1952 0.122787 0.025821 0.05532
0 0.226318 0.112782 0.012579 0.047081
