0 0.066078 0.248031 0.024338 0.081127
0 0.090793 0.171171 0.009322 0.042195
0 0.098085 0.169798 0.010409 0.045551
0 0.121413 0.155754 0.009726 0.04932
0 0.148294 0.145748 0.017551 0.048684
0 0.158947 0.142045 0.010312 0.04832
0 0.170284 0.134882 0.012088 0.051962
0 0.18879 0.129755 0.016543 0.048326
0 0.213969 0.122629 0.015887 0.053249
0 0.237619 0.110993 0.016155 0.052024
0 0.252052 0.107168 0.011917 0.048376
0 0.263242 0.103696 0.01099 0.051789
0 0.369118 0.087803 0.012662 0.083653
0 0.450307 0.103414 0.020922 0.095889
0 0.791237 0.232058 0.031639 0.135432
1 0.173834 0.17748 0.015694 0.037675
1 0.196057 0.174528 0.009508 0.036657
1 0.139411 0.185117 0.01031 0.033399
1 0.237755 0.152622 0.00711 0.024032
1 0.25158 0.144897 0.010007 0.027934
1 0.264089 0.139279 0.007461 0.022316
2 0.144275 0.213914 0.014648 0.032242
2 0.13265 0.199446 0.010231 0.019841
1 0.107073 0.198413 0.010928 0.031002
1 0.120563 0.232167 0.011381 0.028807
1 0.117477 0.230281 0.020062 0.048697
1 0.129752 0.305865 0.018495 0.054406
1 0.15144 0.32835 0.02007 0.069297
1 0.19656 0.3125 0.019703 0.061185
2 0.340192 0.297992 0.036678 0.050209
2 0.336653 0.159233 0.03246 0.023474
2 0.654659 0.340364 0.055459 0.056584
1 0.464389 0.946602 0.098225 0.10383
1 0.626835 0.915595 0.074455 0.120712
0 0.063574 0.228472 0.023633 0.065972
0 0.068271 0.166509 0.016158 0.057765
