0 0.146868 0.598894 0.085408 0.447269
2 0.181958 0.350541 0.028469 0.056497
1 0.448444 0.603013 0.165519 0.234228
1 0.567949 0.804873 0.08938 0.221281
1 0.591784 0.717773 0.111891 0.451977
2 0.690102 0.571234 0.088718 0.163606
2 0.803979 0.488253 0.075477 0.120056
2 0.681495 0.367608 0.083422 0.104755
2 0.465327 0.229308 0.049656 0.091808
1 0.34516 0.261088 0.041049 0.047081
1 0.30378 0.228131 0.020524 0.025895
1 0.212414 0.231662 0.016552 0.035311
1 0.178317 0.214595 0.01589 0.029426
1 0.163089 0.189878 0.018538 0.022363
1 0.155475 0.171634 0.009931 0.021186
1 0.141433 0.176795 0.010978 0.0268
1 0.18746 0.158577 0.013289 0.023625
1 0.173768 0.164304 0.011678 0.022194
0 0.454253 0.101661 0.022552 0.095934
0 0.821484 0.911458 0.108594 0.175694
0 0.058594 0.35 0.04375 0.225
0 0.068236 0.210091 0.017801 0.086146
0 0.096173 0.162623 0.017306 0.079114
0 0.122132 0.155591 0.013845 0.052743
0 0.145619 0.148558 0.017306 0.056259
0 0.161195 0.145042 0.011867 0.050985
0 0.169848 0.137131 0.012362 0.050985
0 0.18839 0.12834 0.019778 0.052743
0 0.214349 0.120429 0.019284 0.052743
0 0.249703 0.105485 0.015823 0.04571
0 0.266515 0.104167 0.013845 0.048347
