0 0.942851 0.610869 0.068044 0.207935
0 0.199602 0.123495 0.01522 0.05324
0 0.130328 0.144077 0.015906 0.07018
0 0.146882 0.137483 0.012257 0.066498
0 0.213963 0.12107 0.019517 0.048895
0 0.233729 0.114679 0.015754 0.049434
0 0.247654 0.10986 0.014991 0.04985
0 0.061369 0.235276 0.021559 0.059957
0 0.062649 0.369611 0.033513 0.226169
0 0.086877 0.382324 0.027749 0.15293
0 0.067772 0.384791 0.045466 0.23983
2 0.370434 0.1532 0.028241 0.026745
1 0.462278 0.238536 0.047152 0.04479
1 0.195954 0.183229 0.025491 0.046948
1 0.146395 0.240985 0.016485 0.032811
2 0.13636 0.205785 0.014693 0.02421
2 0.11656 0.211837 0.016306 0.025484
1 0.249584 0.514003 0.061155 0.07969
1 0.341157 0.569786 0.063717 0.157104
1 0.87911 0.590278 0.04598 0.1114
