1 0.45341 0.754849 0.12116 0.14242
1 0.650377 0.874906 0.094015 0.133004
1 0.667591 0.768974 0.05429 0.151836
1 0.736447 0.525918 0.042373 0.094162
2 0.831124 0.564171 0.066208 0.071798
1 0.558349 0.550636 0.059587 0.091808
1 0.35774 0.52533 0.076801 0.111817
1 0.72122 0.408804 0.07018 0.097693
1 0.219035 0.343479 0.037738 0.068267
1 0.117737 0.277566 0.025821 0.040019
1 0.297491 0.236959 0.018538 0.034134
1 0.212414 0.209887 0.021849 0.052966
1 0.199834 0.196351 0.015228 0.025895
1 0.280277 0.209887 0.018538 0.022363
1 0.249159 0.149859 0.023835 0.029426
1 0.103934 0.203786 0.021856 0.033896
0 0.059989 0.350529 0.044643 0.221561
0 0.064174 0.247189 0.022321 0.074405
0 0.071756 0.227582 0.016984 0.06869
0 0.077064 0.201917 0.019107 0.088315
0 0.056895 0.218524 0.016984 0.06567
0 0.090438 0.160024 0.01019 0.070954
0 0.099992 0.15625 0.012313 0.063406
0 0.127802 0.141908 0.015285 0.083031
0 0.169412 0.131718 0.016135 0.059632
0 0.180664 0.123037 0.009766 0.072464
0 0.213995 0.118886 0.014436 0.050574
0 0.237559 0.108318 0.013162 0.050574
0 0.252208 0.106431 0.016135 0.048309
0 0.351775 0.086806 0.014012 0.078502
