1 0.432554 0.671281 0.100636 0.170669
1 0.840724 0.548282 0.043035 0.082392
1 0.573577 0.342891 0.082097 0.078861
1 0.445796 0.318173 0.035752 0.052966
1 0.442816 0.357604 0.041711 0.058851
1 0.34516 0.262853 0.025159 0.041196
1 0.171034 0.27992 0.021186 0.058851
1 0.15051 0.272858 0.014566 0.032957
1 0.131972 0.266973 0.033104 0.058851
1 0.109461 0.284628 0.017214 0.030603
1 0.184276 0.21283 0.013242 0.025895
1 0.174014 0.165749 0.012579 0.02354
1 0.191227 0.158686 0.012579 0.02354
2 0.229959 0.158686 0.01589 0.016478
2 0.907594 0.457651 0.080111 0.094162
0 0.068081 0.275212 0.023173 0.11064
0 0.160772 0.627731 0.144995 0.552024
0 0.175007 0.703649 0.062235 0.27307
0 0.955264 0.637147 0.07349 0.380179
0 0.087193 0.174438 0.012556 0.059524
0 0.099051 0.170304 0.012091 0.05291
0 0.121838 0.15873 0.014881 0.049603
0 0.147182 0.146329 0.019066 0.056217
0 0.158575 0.139302 0.012091 0.052083
0 0.177409 0.131862 0.018136 0.053737
0 0.211821 0.119461 0.016276 0.053737
0 0.231352 0.111194 0.012556 0.052083
0 0.249953 0.106233 0.013486 0.048776
