1 0.295836 0.497081 0.057601 0.078861
2 0.391175 0.511205 0.084084 0.14242
1 0.56828 0.482957 0.037076 0.085923
1 0.70235 0.625965 0.080111 0.112994
1 0.800007 0.468244 0.0384 0.068267
1 0.87747 0.510028 0.041049 0.081215
1 0.378595 0.391149 0.072166 0.069444
1 0.174345 0.41822 0.019862 0.076507
1 0.195862 0.337006 0.031118 0.069444
1 0.213738 0.345833 0.025821 0.047081
2 0.16011 0.28404 0.020524 0.04355
1 0.241731 0.188041 0.01877 0.031566
1 0.196073 0.199766 0.012683 0.029762
1 0.160816 0.17316 0.010146 0.027056
0 0.182123 0.160534 0.01319 0.021645
0 0.264306 0.139791 0.015219 0.02886
0 0.813002 0.940377 0.087277 0.117857
0 0.104516 0.459993 0.061928 0.335366
0 0.062119 0.353286 0.045732 0.237127
0 0.066034 0.224669 0.031622 0.071649
0 0.09233 0.167999 0.011048 0.041386
0 0.097262 0.15888 0.011443 0.065236
0 0.110283 0.15853 0.016177 0.060325
0 0.122909 0.156776 0.012232 0.058221
0 0.145005 0.146956 0.01381 0.054012
0 0.160985 0.143098 0.013415 0.054714
0 0.173019 0.135031 0.015388 0.058221
0 0.18821 0.128016 0.015783 0.049804
0 0.213463 0.117494 0.020518 0.054012
0 0.237926 0.110831 0.014994 0.050505
0 0.253117 0.10592 0.015388 0.050505
0 0.26456 0.093294 0.014599 0.071549
0 0.324929 0.083824 0.015388 0.070847
