0 0.071432 0.233104 0.019227 0.061224
0 0.076117 0.18075 0.016672 0.060358
0 0.088225 0.173503 0.012412 0.04846
0 0.098082 0.169933 0.011195 0.049541
0 0.12169 0.159982 0.011439 0.051272
0 0.140613 0.14116 0.014238 0.066416
0 0.174504 0.124286 0.015576 0.075069
0 0.190323 0.120392 0.017037 0.074637
0 0.069138 0.204559 0.015144 0.048812
0 0.215627 0.122385 0.020616 0.055298
0 0.237188 0.111481 0.016042 0.053704
0 0.247031 0.105 0.015729 0.063704
0 0.262587 0.106674 0.012804 0.044367
0 0.634332 0.161761 0.022131 0.128223
1 0.153326 0.176063 0.008717 0.024914
1 0.239539 0.145404 0.005997 0.022507
1 0.246952 0.144145 0.00683 0.022655
1 0.239583 0.218585 0.021205 0.058201
2 0.163597 0.251984 0.023251 0.029762
1 0.138249 0.271559 0.024924 0.065817
1 0.112305 0.263008 0.02026 0.034204
1 0.098166 0.245388 0.012972 0.037313
1 0.10079 0.231913 0.014721 0.035759
1 0.747491 0.613043 0.090801 0.170162
1 0.65656 0.49025 0.077608 0.122333
