1 0.206473 0.441017 0.037541 0.077561
1 0.294237 0.469426 0.054789 0.132576
1 0.332792 0.422078 0.048701 0.064935
1 0.182123 0.265602 0.023336 0.040584
1 0.133675 0.230429 0.017756 0.027958
1 0.122261 0.238546 0.015219 0.035173
2 0.448965 0.237644 0.044643 0.047799
2 0.367289 0.20653 0.038555 0.036075
1 0.174873 0.167151 0.010598 0.023148
0 0.072372 0.218562 0.016352 0.122739
0 0.064347 0.228521 0.015443 0.073751
0 0.087664 0.169574 0.013021 0.04522
0 0.097505 0.168766 0.013324 0.047911
0 0.143532 0.136197 0.015141 0.083979
0 0.171088 0.134851 0.013929 0.060831
0 0.185471 0.130276 0.014232 0.05491
0 0.21333 0.121124 0.016049 0.05491
0 0.231498 0.112511 0.020894 0.050603
0 0.252241 0.107127 0.016352 0.052756
0 0.279645 0.088286 0.014838 0.071059
0 0.858627 0.890337 0.081965 0.217937
0 0.928445 0.885904 0.085298 0.226803
2 0.905743 0.43784 0.074801 0.093085
