1 0.398126 0.913748 0.068856 0.151836
1 0.570928 0.408804 0.079449 0.118879
1 0.218373 0.401153 0.027145 0.084746
1 0.245518 0.400565 0.037738 0.104755
1 0.228966 0.344068 0.031118 0.052966
1 0.281601 0.344656 0.042373 0.056497
1 0.16011 0.324058 0.027145 0.052966
1 0.209766 0.214007 0.021849 0.032957
1 0.168775 0.164553 0.009766 0.019626
1 0.235861 0.142286 0.009766 0.018871
1 0.249236 0.138889 0.011889 0.018116
1 0.071188 0.272055 0.029634 0.101772
1 0.068494 0.209195 0.017511 0.110153
1 0.088384 0.174313 0.014205 0.052609
1 0.094302 0.164141 0.014205 0.074355
1 0.121528 0.157478 0.017361 0.049804
1 0.145399 0.146956 0.011443 0.051207
1 0.154672 0.146605 0.011837 0.050505
1 0.17736 0.122755 0.016177 0.078563
0 0.190775 0.129068 0.016967 0.056117
0 0.216225 0.123106 0.021307 0.063833
0 0.250355 0.109428 0.016967 0.050505
0 0.345644 0.08663 0.011048 0.077862
0 0.307173 0.104167 0.011443 0.045595
