2 0.20149 0.399976 0.037076 0.058851
2 0.234593 0.344656 0.0384 0.058851
2 0.521935 0.568291 0.097987 0.124765
2 0.37363 0.361723 0.074153 0.088277
2 0.841386 0.519444 0.090704 0.121234
1 0.656005 0.271681 0.023173 0.047081
2 0.358733 0.222834 0.047007 0.050612
2 0.300801 0.269327 0.045021 0.047081
1 0.125682 0.328178 0.024497 0.044727
1 0.216386 0.222834 0.025821 0.03178
0 0.063447 0.218126 0.023173 0.071798
0 0.093902 0.172222 0.017876 0.05532
0 0.123365 0.155744 0.014566 0.057674
0 0.165738 0.122787 0.011917 0.074153
0 0.189241 0.125141 0.013904 0.052966
0 0.205793 0.125141 0.016552 0.05532
0 0.227311 0.123964 0.017214 0.04355
0 0.250814 0.102778 0.017876 0.052966
1 0.26538 0.370551 0.044359 0.077684
2 0.41832 0.211653 0.036414 0.051789
