0 0.981666 0.509495 0.035886 0.362955
0 0.115179 0.158615 0.012653 0.047665
0 0.191145 0.12791 0.018778 0.052306
0 0.244165 0.108968 0.020351 0.049554
2 0.364195 0.150357 0.043184 0.029307
1 0.305759 0.194506 0.013827 0.042404
2 0.302216 0.251045 0.025754 0.043633
2 0.261771 0.208487 0.026445 0.039639
1 0.151184 0.18084 0.011199 0.028441
1 0.106697 0.236384 0.016205 0.05974
1 0.116249 0.234716 0.016205 0.035784
1 0.117699 0.204694 0.014329 0.032145
1 0.459468 0.953276 0.122469 0.092059
1 0.431913 0.867177 0.162678 0.176688
1 0.905053 0.551915 0.039062 0.100246
1 0.870558 0.506272 0.028037 0.103047
1 0.822675 0.487511 0.033707 0.113687
