0 0.979412 0.548304 0.040343 0.294854
0 0.249517 0.108718 0.01741 0.046816
0 0.230279 0.118992 0.016386 0.046556
0 0.190958 0.128715 0.019158 0.049098
0 0.153942 0.133102 0.013613 0.07218
0 0.129068 0.152933 0.01356 0.044896
0 0.109101 0.160341 0.015924 0.051752
0 0.09069 0.174275 0.016421 0.056617
1 0.148775 0.241198 0.016236 0.032007
1 0.137281 0.239912 0.023148 0.054012
2 0.164516 0.22732 0.016825 0.032251
2 0.230859 0.237847 0.038281 0.034722
2 0.293262 0.225174 0.031055 0.026736
1 0.329337 0.33477 0.049838 0.049808
2 0.37933 0.229041 0.053181 0.038906
2 0.511966 0.313099 0.049165 0.036319
2 0.532069 0.446629 0.100806 0.103607
1 0.886782 0.578517 0.035912 0.085125
1 0.802986 0.704525 0.074345 0.115367
1 0.306672 0.566476 0.090411 0.105847
1 0.216936 0.351651 0.036073 0.106647
1 0.200173 0.374359 0.028454 0.071989
1 0.178445 0.406802 0.02619 0.060764
