0 0.086629 0.182708 0.01182 0.040488
0 0.096071 0.169511 0.010811 0.046382
0 0.104863 0.166692 0.010811 0.044332
0 0.11553 0.16067 0.01254 0.050738
0 0.133115 0.149523 0.01254 0.048944
0 0.190051 0.129536 0.018306 0.047919
0 0.252177 0.109292 0.016 0.044844
0 0.955705 0.683729 0.087809 0.463098
1 0.443507 0.73146 0.074808 0.16706
1 0.417895 0.57914 0.072229 0.163784
1 0.376437 0.491025 0.085864 0.108097
1 0.127362 0.30148 0.028771 0.045742
1 0.106428 0.243887 0.021987 0.026198
1 0.096955 0.219977 0.017075 0.022455
2 0.166056 0.173468 0.009002 0.02572
2 0.235259 0.193044 0.022987 0.03115
2 0.260899 0.158036 0.018969 0.016575
2 0.53882 0.23462 0.040387 0.037665
2 0.184322 0.166178 0.009079 0.025272
