0 0.983254 0.598395 0.032659 0.215164
0 0.252151 0.111319 0.018288 0.050978
0 0.228596 0.119252 0.016532 0.053319
0 0.189894 0.129144 0.018649 0.049955
0 0.146001 0.136139 0.013537 0.075633
0 0.129564 0.154932 0.01315 0.055006
0 0.10813 0.161433 0.013134 0.048309
0 0.09024 0.173712 0.015399 0.055153
2 0.111142 0.22097 0.015545 0.029053
1 0.153476 0.237721 0.015285 0.032206
1 0.198442 0.299455 0.026114 0.051028
1 0.218728 0.28948 0.026545 0.042587
2 0.287465 0.290631 0.051364 0.052563
2 0.322917 0.261739 0.032738 0.046627
2 0.47441 0.364386 0.069025 0.091935
2 0.439342 0.412918 0.099654 0.076941
2 0.399513 0.209504 0.038404 0.033552
1 0.581142 0.251788 0.033917 0.054474
1 0.935475 0.493056 0.026042 0.067387
1 0.899016 0.51929 0.037037 0.090021
1 0.828993 0.654578 0.078704 0.129115
1 0.732928 0.663066 0.043403 0.16358
1 0.688802 0.775463 0.056424 0.147634
0 0.841382 0.619532 0.035987 0.112642
1 0.465218 0.87729 0.091838 0.243056
1 0.384184 0.868794 0.086852 0.25857
1 0.393326 0.781989 0.131732 0.214982
