0 0.068555 0.183507 0.019922 0.082986
0 0.128711 0.152257 0.014453 0.052431
0 0.083691 0.18316 0.013867 0.037847
0 0.190827 0.129932 0.02029 0.052758
0 0.246039 0.111406 0.020843 0.047114
2 0.090636 0.211305 0.012989 0.017828
1 0.098086 0.206551 0.006303 0.021563
1 0.123539 0.201372 0.008691 0.026148
1 0.15582 0.187534 0.01595 0.028015
1 0.463423 0.193142 0.032848 0.035906
2 0.278893 0.174193 0.032734 0.032588
2 0.668676 0.360346 0.095965 0.07874
2 0.828906 0.471991 0.106771 0.114352
1 0.777604 0.488426 0.092708 0.082407
1 0.832292 0.665509 0.041146 0.123611
