0 0.060167 0.209149 0.019924 0.056628
0 0.119744 0.157532 0.016123 0.056394
0 0.169751 0.138656 0.014681 0.044277
0 0.206651 0.123159 0.015599 0.050569
0 0.230508 0.107779 0.016123 0.064085
1 0.11142 0.277545 0.023333 0.041946
1 0.121186 0.301198 0.026085 0.039849
1 0.133114 0.2603 0.018483 0.035887
1 0.178862 0.236764 0.032377 0.029828
2 0.187906 0.262397 0.021104 0.043345
1 0.209703 0.321633 0.020273 0.053762
2 0.152584 0.174528 0.01031 0.028511
2 0.222175 0.159763 0.013174 0.033195
2 0.246346 0.15457 0.012486 0.037879
2 0.433621 0.215808 0.056695 0.068962
2 0.225109 0.334948 0.040334 0.034884
