0 0.06054 0.20513 0.01672 0.058682
0 0.064576 0.193599 0.013838 0.061244
0 0.085548 0.190268 0.013693 0.037669
0 0.117545 0.154208 0.014166 0.056076
0 0.213843 0.107725 0.015115 0.076561
0 0.255149 0.097541 0.016702 0.068463
1 0.110843 0.229324 0.014235 0.032957
1 0.114484 0.211766 0.015338 0.041
1 0.106925 0.268067 0.02229 0.041
2 0.395373 0.393071 0.07683 0.072514
2 0.815018 0.665579 0.054358 0.141399
2 0.171019 0.17935 0.018563 0.021809
1 0.222592 0.154528 0.010976 0.028409
1 0.235666 0.148933 0.008394 0.028696
1 0.255117 0.144628 0.009846 0.030418
1 0.522911 0.22631 0.048482 0.051714
2 0.26787 0.178639 0.028457 0.026709
1 0.110006 0.189957 0.010881 0.029016
