0 0.060017 0.209036 0.016922 0.056511
0 0.185745 0.118084 0.016922 0.073662
0 0.245208 0.109087 0.011861 0.04386
0 0.678711 0.752728 0.066499 0.346396
0 0.129529 0.19683 0.015577 0.039196
2 0.230301 0.239008 0.046012 0.044308
1 0.216641 0.316547 0.032113 0.059646
2 0.347369 0.355317 0.068779 0.074983
2 0.274396 0.171481 0.030196 0.035361
2 0.463059 0.209713 0.046565 0.038631
2 0.72382 0.327217 0.058464 0.050129
2 0.534137 0.523601 0.134737 0.132347
2 0.778844 0.676329 0.06199 0.167069
1 0.497481 0.856985 0.162194 0.245572
1 0.45957 0.963657 0.106641 0.071296
