0 0.06056 0.205304 0.020449 0.061055
0 0.168244 0.13248 0.017172 0.042179
0 0.204029 0.124091 0.015861 0.04917
0 0.246566 0.106963 0.01337 0.048005
1 0.097313 0.245398 0.014319 0.02566
1 0.106248 0.230837 0.017068 0.031566
1 0.116271 0.213017 0.012372 0.036657
1 0.140499 0.206093 0.017756 0.024438
2 0.255816 0.158179 0.023785 0.026235
2 0.517163 0.209811 0.065243 0.045804
1 0.257438 0.556664 0.068567 0.113032
1 0.369432 0.556294 0.114694 0.137411
1 0.586561 0.815233 0.181599 0.145538
1 0.93376 0.436613 0.035738 0.107861
2 0.291037 0.172466 0.033482 0.032051
