0 0.937823 0.446863 0.037042 0.192768
0 0.971498 0.404957 0.030307 0.192768
0 0.978314 0.482495 0.042592 0.254454
0 0.862729 0.263673 0.032328 0.168822
0 0.379253 0.091975 0.017882 0.075926
0 0.360938 0.104012 0.021875 0.051852
0 0.360069 0.089506 0.013194 0.082716
0 0.263928 0.099076 0.010839 0.060718
0 0.256565 0.106712 0.015748 0.049811
0 0.227828 0.113866 0.014839 0.050047
0 0.210043 0.121237 0.018549 0.059358
0 0.187285 0.128296 0.017711 0.054143
0 0.165767 0.137123 0.014731 0.054732
0 0.126457 0.155956 0.015559 0.053555
0 0.109656 0.161252 0.01109 0.047669
0 0.086566 0.173758 0.013242 0.050318
0 0.067057 0.197222 0.015885 0.084259
0 0.066667 0.231019 0.036458 0.062963
1 0.089149 0.213272 0.011632 0.024074
1 0.113021 0.218981 0.012847 0.020062
1 0.124045 0.202778 0.013715 0.02963
1 0.174392 0.291049 0.023785 0.032716
2 0.174937 0.195688 0.029176 0.023577
2 0.137563 0.189686 0.010851 0.020147
1 0.245708 0.218193 0.017843 0.026578
1 0.225521 0.47963 0.036458 0.072222
1 0.435937 0.37963 0.046875 0.105556
2 0.370833 0.273148 0.046875 0.05
1 0.695215 0.734664 0.086263 0.208333
1 0.825016 0.647135 0.059408 0.140336
