0 0.383333 0.092284 0.016319 0.07716
0 0.33776 0.087654 0.013021 0.080247
0 0.256858 0.106944 0.01684 0.049691
0 0.299132 0.087037 0.012847 0.07037
0 0.228906 0.114506 0.017882 0.046914
0 0.208247 0.12037 0.014757 0.048765
0 0.187587 0.128704 0.016146 0.053086
0 0.176563 0.123148 0.0125 0.069753
0 0.164497 0.136728 0.013368 0.056173
0 0.123264 0.156327 0.014583 0.050926
0 0.111024 0.160494 0.012674 0.046914
0 0.092882 0.171759 0.012153 0.050309
0 0.101302 0.166821 0.00816 0.035494
0 0.07934 0.167747 0.011111 0.065741
0 0.064097 0.228092 0.028488 0.06791
0 0.067658 0.266843 0.03043 0.093232
0 0.761133 0.793258 0.172526 0.232928
0 0.844548 0.66305 0.078939 0.206887
0 0.882796 0.557436 0.056152 0.264757
0 0.880166 0.586066 0.040323 0.176971
0 0.912928 0.549104 0.047883 0.15681
0 0.93813 0.533423 0.037802 0.132168
0 0.982262 0.455208 0.027521 0.108902
0 0.99027 0.491004 0.018679 0.076326
1 0.375462 0.783491 0.062145 0.175189
2 0.730258 0.758894 0.055589 0.137553
1 0.765941 0.605315 0.113431 0.089476
1 0.498513 0.499813 0.05634 0.097489
1 0.510532 0.423691 0.053335 0.052083
1 0.411749 0.454407 0.096154 0.084135
1 0.362169 0.319525 0.066106 0.052083
1 0.161974 0.384295 0.029297 0.053419
1 0.207242 0.202304 0.019648 0.032851
1 0.167711 0.224343 0.019648 0.035346
1 0.124205 0.213947 0.014502 0.039504
1 0.140695 0.20168 0.012865 0.023287
1 0.120579 0.208541 0.012865 0.022871
1 0.151338 0.171948 0.009824 0.017881
1 0.27651 0.131281 0.010534 0.012875
