0 0.06204 0.215117 0.016249 0.059378
0 0.075499 0.169234 0.011817 0.080532
0 0.102744 0.166462 0.011817 0.053396
0 0.122604 0.156615 0.010668 0.04829
0 0.150506 0.135242 0.012638 0.074405
0 0.165277 0.137503 0.012966 0.054418
0 0.186368 0.127436 0.012638 0.051208
0 0.192892 0.130427 0.016987 0.052813
0 0.22982 0.114233 0.01272 0.044059
0 0.24191 0.109346 0.012966 0.049165
0 0.256242 0.1109 0.014797 0.037667
0 0.248703 0.110756 0.01226 0.042579
2 0.117491 0.188743 0.017631 0.015402
2 0.133527 0.202118 0.017175 0.019455
2 0.115516 0.21009 0.011552 0.029994
1 0.126231 0.235625 0.017783 0.045936
1 0.156478 0.226843 0.013527 0.044045
1 0.146674 0.299665 0.018847 0.038911
1 0.637523 0.848856 0.094439 0.126634
1 0.684053 0.786969 0.066636 0.167075
2 0.657169 0.63317 0.203125 0.184641
2 0.449334 0.457721 0.11466 0.110703
2 0.394646 0.341912 0.091222 0.085784
1 0.20118 0.214478 0.026202 0.028292
1 0.258325 0.144231 0.024569 0.026081
