0 0.944221 0.508525 0.043103 0.1341
0 0.980671 0.487428 0.037877 0.214033
0 0.967638 0.419685 0.040565 0.102831
0 0.976863 0.428713 0.045493 0.238408
0 0.734939 0.2001 0.033827 0.153923
0 0.37876 0.088915 0.019714 0.086968
0 0.360233 0.100922 0.021722 0.055815
0 0.344809 0.085345 0.013143 0.076584
0 0.339241 0.084047 0.011135 0.068146
0 0.255982 0.107857 0.014908 0.047974
0 0.260417 0.097457 0.013964 0.070115
0 0.231733 0.115741 0.020003 0.052335
0 0.207956 0.122283 0.012077 0.051999
0 0.188708 0.126812 0.019626 0.053677
0 0.166063 0.136708 0.016984 0.054683
0 0.145588 0.16036 0.015285 0.034219
0 0.111054 0.160527 0.012643 0.048645
0 0.102185 0.16774 0.013398 0.04898
0 0.085673 0.173947 0.014342 0.051329
0 0.060296 0.236685 0.020965 0.06817
1 0.113636 0.198307 0.010445 0.022282
1 0.133168 0.226716 0.016085 0.024881
1 0.180295 0.178086 0.016146 0.030247
1 0.191319 0.171451 0.011111 0.020679
1 0.196499 0.254949 0.022661 0.035681
1 0.198074 0.478044 0.031566 0.063833
1 0.334201 0.495581 0.059186 0.180275
1 0.386087 0.542929 0.052478 0.089787
1 0.448481 0.904244 0.078038 0.190123
1 0.771875 0.708102 0.087674 0.128086
2 0.811207 0.463625 0.105738 0.096983
2 0.85128 0.392385 0.099677 0.126916
