0 0.060404 0.215786 0.019436 0.062331
0 0.065263 0.204946 0.012386 0.079946
0 0.101467 0.164973 0.01391 0.048103
0 0.123281 0.155525 0.011534 0.050294
0 0.148905 0.138599 0.012513 0.068284
0 0.166206 0.135794 0.015777 0.051842
0 0.188022 0.12825 0.014363 0.051842
0 0.199066 0.128056 0.015995 0.053002
0 0.21294 0.120996 0.016321 0.04894
0 0.231383 0.114903 0.014254 0.046425
0 0.24765 0.118094 0.011534 0.038494
0 0.242644 0.107262 0.012839 0.047779
0 0.257497 0.106972 0.011425 0.050681
0 0.109911 0.375363 0.038041 0.254176
1 0.087506 0.209092 0.015031 0.019978
1 0.093357 0.206594 0.012009 0.035446
2 0.115405 0.259452 0.023406 0.023975
1 0.133231 0.327794 0.020306 0.04547
2 0.161598 0.229966 0.024337 0.02177
1 0.131293 0.229552 0.023251 0.051808
1 0.197715 0.430308 0.026507 0.065311
2 0.262974 0.406746 0.055029 0.093695
1 0.170606 0.168863 0.009348 0.02849
1 0.22895 0.148831 0.007178 0.022851
1 0.216597 0.150315 0.009849 0.028787
1 0.263505 0.150315 0.010183 0.028193
1 0.238632 0.150315 0.006844 0.023445
1 0.392962 0.156992 0.025708 0.030864
