0 0.593383 0.095228 0.021078 0.100385
0 0.678306 0.095787 0.022534 0.061828
0 0.750159 0.102608 0.017219 0.052154
0 0.777861 0.112051 0.020074 0.052083
0 0.94646 0.17627 0.022048 0.081024
0 0.83739 0.133185 0.025122 0.060045
1 0.265349 0.655513 0.101405 0.201319
1 0.710873 0.146493 0.024993 0.023148
1 0.627997 0.142933 0.024017 0.031807
1 0.642105 0.198521 0.045613 0.038604
1 0.185921 0.520221 0.074403 0.093532
2 0.138459 0.501745 0.071912 0.077901
1 0.659682 0.13719 0.040942 0.020335
1 0.577828 0.16365 0.059484 0.039832
0 0.624201 0.121105 0.02973 0.042128
