0 0.590982 0.094045 0.021045 0.103526
0 0.677929 0.095879 0.021779 0.062014
0 0.750788 0.102881 0.016557 0.049154
0 0.777861 0.112051 0.020074 0.052083
0 0.83739 0.133185 0.025122 0.060045
2 0.743224 0.239694 0.060252 0.071879
1 0.709817 0.126517 0.020837 0.031876
1 0.631598 0.144791 0.024019 0.037558
2 0.453308 0.332399 0.133453 0.043281
1 0.155707 0.560102 0.038486 0.137183
1 0.603849 0.253917 0.053077 0.0493
2 0.502853 0.187066 0.046805 0.026406
2 0.441449 0.220093 0.066519 0.029446
0 0.62212 0.122228 0.023842 0.044261
