0 0.593686 0.095149 0.021568 0.097989
0 0.678358 0.095809 0.022638 0.061873
0 0.750045 0.104375 0.016641 0.04955
0 0.777861 0.112051 0.020074 0.052083
0 0.83739 0.133185 0.025122 0.060045
1 0.265314 0.680924 0.086076 0.217552
1 0.717549 0.142121 0.02147 0.025905
1 0.627626 0.144566 0.023276 0.035073
1 0.61334 0.2086 0.045807 0.056354
1 0.171787 0.562742 0.037395 0.16353
2 0.195711 0.449521 0.145083 0.108824
1 0.65684 0.145103 0.035641 0.021891
1 0.55366 0.174568 0.060391 0.033689
0 0.622634 0.120341 0.025943 0.043851
