0 0.613493 0.103327 0.040471 0.082762
0 0.67838 0.095505 0.021625 0.060327
0 0.751344 0.104333 0.017528 0.051929
0 0.77825 0.111514 0.019331 0.054276
0 0.801115 0.119353 0.019286 0.057307
0 0.837803 0.13478 0.019819 0.058677
1 0.864735 0.183943 0.019275 0.054442
1 0.71562 0.135951 0.018421 0.041679
1 0.661189 0.142586 0.034269 0.030788
1 0.68042 0.176861 0.044149 0.026206
2 0.628186 0.208456 0.060672 0.033245
2 0.562057 0.260768 0.043965 0.045828
2 0.262616 0.366208 0.109534 0.076611
1 0.173046 0.386945 0.106057 0.087222
