0 0.575783 0.096688 0.026242 0.107258
0 0.680165 0.094596 0.026252 0.059448
0 0.749803 0.102897 0.016191 0.05242
0 0.777861 0.112051 0.020074 0.052083
0 0.800475 0.119288 0.021272 0.056808
0 0.83739 0.133185 0.025122 0.060045
2 0.780863 0.234125 0.039836 0.046969
1 0.606006 0.171447 0.034238 0.041626
1 0.635143 0.147542 0.03202 0.031711
2 0.76297 0.147004 0.028182 0.0234
2 0.524128 0.280044 0.109197 0.047196
2 0.544075 0.245244 0.073977 0.039943
1 0.745095 0.132089 0.023237 0.020845
1 0.676302 0.141163 0.040266 0.019044
0 0.623782 0.121855 0.030495 0.051295
