0 0.610844 0.094929 0.024011 0.098114
0 0.67838 0.095505 0.021625 0.060327
0 0.751344 0.104333 0.017528 0.051929
0 0.77825 0.111514 0.019331 0.054276
0 0.801115 0.119353 0.019286 0.057307
0 0.837803 0.13478 0.019819 0.058677
2 0.862917 0.189194 0.018882 0.045568
1 0.706804 0.132269 0.018421 0.041679
1 0.667298 0.145919 0.033311 0.031953
1 0.596642 0.209487 0.06203 0.038071
2 0.516945 0.248344 0.075876 0.051229
2 0.6247 0.229461 0.045177 0.038104
2 0.381554 0.288759 0.091307 0.070864
1 0.324952 0.30222 0.075689 0.070195
