0 0.574971 0.096938 0.024617 0.107758
0 0.677852 0.095036 0.021625 0.060327
0 0.75089 0.104359 0.015217 0.050941
0 0.777861 0.112051 0.020074 0.052083
0 0.800475 0.119288 0.021272 0.056808
0 0.836366 0.133188 0.025505 0.059509
2 0.784554 0.215302 0.032031 0.031048
1 0.41236 0.256424 0.045331 0.041334
1 0.638146 0.144658 0.020665 0.038117
2 0.775066 0.164361 0.032276 0.033248
1 0.80578 0.151539 0.018809 0.022962
1 0.726769 0.165708 0.024728 0.024665
1 0.759527 0.136542 0.014567 0.024276
1 0.745812 0.130459 0.014421 0.028717
0 0.615031 0.120094 0.026877 0.046168
