0 0.603866 0.094486 0.021658 0.101588
0 0.67838 0.095505 0.021625 0.060327
0 0.749885 0.1038 0.02082 0.05317
0 0.696612 0.082776 0.018743 0.075092
0 0.800122 0.119602 0.021272 0.056808
0 0.837803 0.13478 0.019819 0.058677
1 0.869698 0.182454 0.014418 0.047384
1 0.706221 0.133719 0.017412 0.041594
1 0.682156 0.145706 0.020849 0.02471
2 0.420711 0.308021 0.113798 0.05263
2 0.289027 0.383839 0.113749 0.080753
2 0.708957 0.196327 0.038752 0.037982
2 0.495026 0.237027 0.077828 0.055748
2 0.44977 0.239367 0.081421 0.049227
