0 0.575783 0.096688 0.026242 0.107258
0 0.677852 0.095036 0.021625 0.060327
0 0.750333 0.102607 0.017502 0.051251
0 0.777861 0.112051 0.020074 0.052083
0 0.800475 0.119288 0.021272 0.056808
0 0.83739 0.133185 0.025122 0.060045
1 0.841261 0.170518 0.025614 0.026672
1 0.532313 0.207337 0.031058 0.051799
1 0.628834 0.14472 0.024976 0.032678
1 0.801284 0.151219 0.027907 0.02674
2 0.720707 0.192756 0.041784 0.027666
2 0.672698 0.186786 0.038083 0.029135
1 0.760393 0.133671 0.016432 0.01933
1 0.738378 0.130017 0.020989 0.021938
0 0.613098 0.119449 0.025112 0.047457
