0 0.609308 0.096745 0.030863 0.098639
0 0.67838 0.095505 0.021625 0.060327
0 0.751344 0.104333 0.017528 0.051929
0 0.77825 0.111514 0.019331 0.054276
0 0.801115 0.119353 0.019286 0.057307
0 0.837803 0.13478 0.019819 0.058677
1 0.864545 0.183731 0.018882 0.045568
1 0.707637 0.133308 0.016885 0.043757
1 0.670386 0.145134 0.018829 0.031475
1 0.593182 0.210768 0.06203 0.038071
2 0.513799 0.255801 0.075876 0.051229
2 0.628421 0.226154 0.045177 0.038104
1 0.389031 0.286227 0.091307 0.070864
1 0.329101 0.301352 0.075689 0.070195
