0 0.575783 0.096688 0.026242 0.107258
0 0.677852 0.095036 0.021625 0.060327
0 0.75038 0.103489 0.016959 0.05175
0 0.777861 0.112051 0.020074 0.052083
0 0.800475 0.119288 0.021272 0.056808
0 0.83739 0.133185 0.025122 0.060045
2 0.832973 0.179997 0.023968 0.031041
1 0.552083 0.191938 0.033493 0.044762
1 0.633217 0.142084 0.030703 0.033181
1 0.795346 0.149543 0.016495 0.026303
2 0.684141 0.206879 0.03666 0.030221
1 0.654966 0.190503 0.042055 0.031011
1 0.756397 0.133982 0.016652 0.020164
1 0.721646 0.12997 0.028222 0.018409
0 0.613522 0.120609 0.023575 0.045139
