0 0.501019 0.114483 0.035666 0.122283
0 0.679625 0.096008 0.025171 0.062272
0 0.751073 0.101574 0.019076 0.052448
0 0.778265 0.110891 0.020266 0.055587
0 0.839081 0.133815 0.019155 0.058786
1 0.862277 0.175019 0.017465 0.034256
0 0.778515 0.111618 0.012189 0.052392
1 0.55077 0.168051 0.033411 0.033927
1 0.173241 0.541145 0.090216 0.13744
2 0.307833 0.432952 0.10336 0.123525
2 0.806452 0.159407 0.023929 0.024313
2 0.131319 0.381771 0.097051 0.085637
1 0.090326 0.461753 0.050052 0.092526
0 0.820467 0.125034 0.015216 0.049077
0 0.804326 0.109841 0.01756 0.076497
