0 0.613493 0.103327 0.040471 0.082762
0 0.67838 0.095505 0.021625 0.060327
0 0.751344 0.104333 0.017528 0.051929
0 0.77825 0.111514 0.019331 0.054276
0 0.801115 0.119353 0.019286 0.057307
0 0.837803 0.13478 0.019819 0.058677
1 0.864406 0.185664 0.019275 0.054442
1 0.710587 0.133821 0.018421 0.041679
1 0.662369 0.142956 0.029558 0.026587
1 0.65897 0.187257 0.053471 0.030892
2 0.598284 0.216463 0.070498 0.038559
2 0.586436 0.252976 0.05401 0.039683
2 0.311064 0.337265 0.101103 0.078125
1 0.227338 0.352852 0.103114 0.072481
