0 0.591604 0.095516 0.019865 0.103337
0 0.678073 0.096564 0.022068 0.063384
0 0.750598 0.104001 0.017195 0.050505
0 0.777861 0.112051 0.020074 0.052083
0 0.83739 0.133185 0.025122 0.060045
2 0.64668 0.306934 0.082176 0.078736
1 0.71 0.13542 0.021333 0.035161
1 0.626959 0.145974 0.024019 0.037558
2 0.547795 0.254117 0.067941 0.03923
1 0.145276 0.527551 0.039209 0.127069
2 0.532915 0.295395 0.078098 0.060746
2 0.550296 0.175316 0.056142 0.02566
1 0.474722 0.201207 0.059877 0.029165
0 0.620954 0.122256 0.024705 0.043051
