0 0.605197 0.093555 0.02432 0.099726
0 0.67838 0.095505 0.021625 0.060327
0 0.749885 0.1038 0.02082 0.05317
0 0.692076 0.083207 0.018743 0.075092
0 0.800122 0.119602 0.021272 0.056808
0 0.837803 0.13478 0.019819 0.058677
1 0.869698 0.182454 0.014418 0.047384
1 0.706221 0.133719 0.017412 0.041594
1 0.683036 0.143747 0.027757 0.033872
1 0.421715 0.311922 0.104032 0.066872
2 0.25317 0.406362 0.114019 0.07699
2 0.714424 0.18861 0.038752 0.037982
2 0.506772 0.230819 0.079321 0.055981
2 0.462631 0.23113 0.079135 0.060029
