0 0.587319 0.095591 0.023861 0.105218
0 0.678426 0.096255 0.022774 0.062766
0 0.750083 0.101975 0.018439 0.048582
0 0.777861 0.112051 0.020074 0.052083
0 0.83739 0.133185 0.025122 0.060045
2 0.769551 0.229369 0.059985 0.058519
1 0.709817 0.124007 0.020837 0.031876
1 0.631729 0.144791 0.024019 0.037558
1 0.410517 0.340793 0.111296 0.057794
1 0.159175 0.560992 0.034192 0.123224
2 0.637291 0.240679 0.054682 0.039729
2 0.502995 0.192753 0.046805 0.026406
1 0.449422 0.223324 0.057829 0.033073
0 0.620308 0.121043 0.027715 0.044227
