0 0.574798 0.09682 0.024272 0.107522
0 0.677852 0.095036 0.021625 0.060327
0 0.750656 0.103556 0.016352 0.051058
0 0.777861 0.112051 0.020074 0.052083
0 0.800475 0.119288 0.021272 0.056808
0 0.83739 0.133185 0.025122 0.060045
2 0.803571 0.207176 0.033838 0.043981
1 0.442419 0.254372 0.027199 0.058128
1 0.633554 0.14609 0.023201 0.028817
1 0.780651 0.16368 0.032971 0.032127
2 0.782535 0.151419 0.029973 0.013996
2 0.724551 0.172976 0.041183 0.028838
1 0.759527 0.136542 0.014567 0.024276
1 0.74544 0.130201 0.013678 0.028202
0 0.614777 0.120661 0.027385 0.045035
