0 0.60966 0.093573 0.033247 0.099761
0 0.67838 0.095505 0.021625 0.060327
0 0.749885 0.1038 0.02082 0.05317
0 0.693567 0.083292 0.018743 0.075092
0 0.800122 0.119602 0.021272 0.056808
0 0.837803 0.13478 0.019819 0.058677
1 0.869698 0.182454 0.014418 0.047384
1 0.695764 0.134123 0.013728 0.026957
1 0.687437 0.144489 0.022555 0.02957
1 0.370019 0.349452 0.099986 0.064348
2 0.189871 0.452507 0.134518 0.08339
2 0.738237 0.181414 0.035112 0.035112
2 0.52283 0.219029 0.07461 0.049328
2 0.502893 0.216561 0.073661 0.055955
