0 0.623214 0.10119 0.0375 0.076984
0 0.67838 0.095505 0.021625 0.060327
0 0.751344 0.104333 0.017528 0.051929
0 0.777842 0.110626 0.020402 0.0525
0 0.801115 0.119353 0.019286 0.057307
0 0.837803 0.13478 0.019819 0.058677
2 0.863173 0.18867 0.01936 0.041768
1 0.712766 0.135596 0.017396 0.03658
1 0.665872 0.147227 0.034065 0.036719
2 0.736941 0.167168 0.036936 0.025351
1 0.699018 0.185719 0.047476 0.027422
2 0.48682 0.301398 0.089286 0.067082
1 0.097631 0.486471 0.03387 0.100418
1 0.090715 0.47323 0.038722 0.117294
