0 0.584633 0.114911 0.031319 0.068569
0 0.67838 0.095505 0.021625 0.060327
0 0.750739 0.103599 0.019113 0.053572
0 0.777995 0.112051 0.020074 0.052083
0 0.800475 0.119288 0.021272 0.056808
0 0.838567 0.131724 0.019819 0.058677
1 0.628484 0.363953 0.042174 0.096467
2 0.574326 0.166051 0.019911 0.026162
1 0.635725 0.14419 0.026307 0.033077
2 0.148964 0.551489 0.05676 0.112299
1 0.341886 0.355707 0.130208 0.100309
1 0.799829 0.151931 0.018864 0.030827
2 0.703091 0.156503 0.03373 0.020149
2 0.737385 0.14277 0.024677 0.01814
0 0.674782 0.085716 0.022195 0.07534
