0 0.59587 0.097886 0.03293 0.090538
0 0.67838 0.095505 0.021625 0.060327
0 0.749885 0.1038 0.02082 0.05317
0 0.693567 0.083292 0.018743 0.075092
0 0.800122 0.119602 0.021272 0.056808
0 0.837803 0.134182 0.019819 0.058677
2 0.865288 0.187223 0.014768 0.042676
1 0.697563 0.142372 0.016815 0.042993
1 0.671028 0.146473 0.024165 0.027528
1 0.220173 0.477223 0.043309 0.113719
2 0.147631 0.497779 0.089195 0.089055
2 0.768206 0.160338 0.028347 0.023677
2 0.586717 0.193651 0.055216 0.036696
2 0.607689 0.182024 0.066648 0.040972
