0 0.575783 0.096688 0.026242 0.107258
0 0.678413 0.096461 0.022747 0.063176
0 0.750279 0.104072 0.017833 0.052138
0 0.777861 0.112051 0.020074 0.052083
0 0.800475 0.119288 0.021272 0.056808
0 0.83739 0.133185 0.025122 0.060045
1 0.772121 0.229386 0.057792 0.057459
1 0.608911 0.170012 0.034238 0.041626
1 0.635143 0.147542 0.03202 0.031711
1 0.758788 0.145782 0.030754 0.028085
2 0.50349 0.285767 0.108208 0.044744
2 0.529392 0.254394 0.07639 0.038371
1 0.741092 0.131725 0.031244 0.021572
1 0.67177 0.142701 0.040266 0.019044
0 0.624592 0.117897 0.030495 0.051295
