0 0.583841 0.116435 0.029735 0.071618
0 0.677852 0.095036 0.021625 0.060327
0 0.751241 0.103325 0.018108 0.054121
0 0.777995 0.112051 0.020074 0.052083
0 0.800475 0.119288 0.021272 0.056808
0 0.837286 0.13457 0.019819 0.058677
2 0.294161 0.662422 0.152781 0.166283
1 0.495359 0.196397 0.040953 0.029591
1 0.633529 0.143044 0.021753 0.029324
1 0.584215 0.258533 0.094663 0.076927
2 0.697372 0.203758 0.057534 0.041451
1 0.803352 0.153256 0.017493 0.035518
2 0.735187 0.146044 0.027403 0.019395
2 0.755998 0.138889 0.022718 0.016272
0 0.615348 0.116899 0.026243 0.052558
