0 0.572201 0.095139 0.026432 0.103704
0 0.679013 0.096837 0.020906 0.060708
0 0.750672 0.104167 0.016969 0.052843
0 0.777374 0.11186 0.021048 0.052464
0 0.83739 0.133185 0.025122 0.060045
2 0.820934 0.188273 0.044768 0.040122
0 0.685153 0.097387 0.013167 0.053848
1 0.607338 0.151776 0.034203 0.032474
1 0.334271 0.4244 0.110818 0.098781
2 0.216531 0.607074 0.113025 0.123545
2 0.696291 0.215846 0.046452 0.045175
2 0.437238 0.213728 0.053595 0.03391
1 0.357466 0.254028 0.076281 0.036315
0 0.62444 0.122625 0.030371 0.046798
