0 0.575783 0.096688 0.026242 0.107258
0 0.677852 0.095036 0.021625 0.060327
0 0.750242 0.104 0.017508 0.05064
0 0.777861 0.112051 0.020074 0.052083
0 0.800475 0.119288 0.021272 0.056808
0 0.83739 0.133185 0.025122 0.060045
2 0.83843 0.177082 0.022286 0.032331
1 0.5434 0.195078 0.033493 0.044762
2 0.629435 0.144683 0.027877 0.033153
1 0.797612 0.151587 0.018032 0.026355
1 0.699409 0.194816 0.044635 0.027543
1 0.665646 0.186474 0.04061 0.028755
1 0.759584 0.134643 0.014814 0.021273
1 0.728616 0.128525 0.024745 0.01753
0 0.61265 0.121113 0.024878 0.049918
