0 0.603418 0.093333 0.020761 0.099282
0 0.67838 0.095505 0.021625 0.060327
0 0.749885 0.1038 0.02082 0.05317
0 0.723612 0.082565 0.01779 0.07152
0 0.801115 0.119353 0.019286 0.057307
0 0.837803 0.13478 0.019819 0.058677
1 0.867661 0.179696 0.015881 0.046244
1 0.706221 0.133719 0.017412 0.041594
1 0.680578 0.142719 0.021542 0.026042
1 0.447845 0.290046 0.093315 0.063941
2 0.321977 0.358803 0.122805 0.086605
2 0.70654 0.196315 0.042998 0.036961
2 0.483519 0.233344 0.089062 0.053726
2 0.427901 0.244666 0.08358 0.051163
