0 0.59355 0.09187 0.020991 0.107835
0 0.678572 0.095286 0.023065 0.060827
0 0.749652 0.102472 0.017653 0.052059
0 0.777861 0.112051 0.020074 0.052083
0 0.949279 0.178954 0.022048 0.081024
0 0.83739 0.133185 0.025122 0.060045
1 0.263781 0.660849 0.098269 0.21199
1 0.713113 0.145747 0.024993 0.023148
1 0.627997 0.142933 0.024017 0.031807
1 0.635907 0.202621 0.045613 0.038604
2 0.175334 0.528276 0.060697 0.102494
2 0.129593 0.504921 0.071912 0.077901
1 0.660318 0.13778 0.04322 0.021058
1 0.564604 0.167591 0.058542 0.029288
0 0.624592 0.117897 0.030495 0.051295
