0 0.517905 0.125465 0.033482 0.090231
0 0.679625 0.096008 0.025171 0.062272
0 0.751073 0.101574 0.019076 0.052448
0 0.778265 0.110891 0.020266 0.055587
0 0.839081 0.133815 0.019155 0.058786
1 0.865899 0.177307 0.016655 0.034991
0 0.740595 0.101146 0.012099 0.049429
1 0.549552 0.171609 0.032712 0.03736
1 0.219246 0.514313 0.064218 0.162993
1 0.236912 0.51152 0.044705 0.138465
2 0.793946 0.161574 0.023929 0.024313
2 0.181808 0.344962 0.068746 0.049932
1 0.091555 0.411455 0.05399 0.052414
0 0.809145 0.121723 0.019638 0.049547
0 0.793761 0.107408 0.016407 0.070779
