0 0.59205 0.094095 0.019084 0.104962
0 0.677671 0.095261 0.021264 0.060777
0 0.750228 0.103117 0.017432 0.050935
0 0.777861 0.112051 0.020074 0.052083
0 0.83739 0.133185 0.025122 0.060045
2 0.683366 0.283543 0.07102 0.064634
1 0.71 0.133717 0.021333 0.035161
1 0.626959 0.145974 0.024019 0.037558
1 0.522062 0.263545 0.073305 0.051191
2 0.155777 0.556451 0.039272 0.125306
1 0.556177 0.282209 0.072733 0.060583
1 0.538508 0.17277 0.04752 0.025222
1 0.468442 0.205414 0.059209 0.031349
0 0.620937 0.121504 0.02317 0.042079
