0 0.578984 0.095098 0.024573 0.106031
0 0.679159 0.095999 0.024239 0.062253
0 0.751326 0.103105 0.017799 0.052455
0 0.777861 0.112051 0.020074 0.052083
0 0.83739 0.133185 0.025122 0.060045
2 0.815354 0.196344 0.053593 0.044682
0 0.697117 0.098188 0.028328 0.049351
1 0.613043 0.152872 0.036021 0.033021
2 0.368507 0.398525 0.106851 0.069985
2 0.218718 0.589618 0.096584 0.13757
2 0.680567 0.221827 0.053035 0.049965
2 0.449919 0.20689 0.053598 0.03398
2 0.36786 0.251975 0.063284 0.040092
0 0.623803 0.121079 0.03007 0.047408
