0 0.575019 0.097151 0.024713 0.108185
0 0.677852 0.095036 0.021625 0.060327
0 0.750604 0.10306 0.017966 0.050122
0 0.777861 0.112051 0.020074 0.052083
0 0.800475 0.119288 0.021272 0.056808
0 0.83739 0.133185 0.025122 0.060045
2 0.808823 0.19147 0.039764 0.038068
1 0.445692 0.255148 0.027199 0.058128
1 0.631196 0.145867 0.02295 0.031017
1 0.784444 0.162221 0.029105 0.022781
1 0.72135 0.166216 0.039443 0.034631
1 0.759527 0.136542 0.014567 0.024276
1 0.74544 0.130201 0.013678 0.028202
0 0.614838 0.120831 0.027262 0.044693
