0 0.953594 0.218318 0.020789 0.058715
0 0.871455 0.144234 0.013259 0.053326
0 0.854833 0.138243 0.017442 0.055556
0 0.832541 0.129462 0.01624 0.053092
0 0.815424 0.124406 0.016929 0.049923
0 0.801987 0.119212 0.018728 0.048897
0 0.785381 0.115315 0.012309 0.045164
0 0.772365 0.111228 0.013348 0.050664
0 0.757202 0.104644 0.014697 0.049219
0 0.740934 0.099501 0.010735 0.045147
0 0.726496 0.097772 0.011873 0.050534
1 0.916324 0.197632 0.016135 0.027929
1 0.778895 0.148168 0.014339 0.019736
1 0.797831 0.154775 0.016992 0.02024
2 0.59913 0.204293 0.053952 0.025114
2 0.768117 0.175407 0.031654 0.034722
2 0.420187 0.369728 0.068274 0.055755
1 0.713259 0.121528 0.015109 0.029481
2 0.620219 0.157772 0.036096 0.025127
2 0.817733 0.208988 0.035377 0.04717
2 0.777219 0.253881 0.042041 0.049676
1 0.680304 0.330019 0.072338 0.103738
1 0.282543 0.653133 0.12023 0.15233
