0 0.956831 0.193893 0.018502 0.09155
0 0.871455 0.144234 0.013259 0.053326
0 0.854833 0.138243 0.017442 0.055556
0 0.832541 0.129462 0.01624 0.053092
0 0.815424 0.124406 0.016929 0.049923
0 0.801987 0.119212 0.018728 0.048897
0 0.785381 0.115315 0.012309 0.045164
0 0.772365 0.111228 0.013348 0.050664
0 0.740934 0.099501 0.010735 0.045147
0 0.726496 0.097772 0.011873 0.050534
1 0.88583 0.199596 0.02736 0.028818
1 0.808818 0.156147 0.025119 0.026569
1 0.789137 0.17042 0.015306 0.028964
1 0.789062 0.147339 0.022307 0.021561
2 0.62832 0.239583 0.043359 0.061111
1 0.776527 0.14463 0.016262 0.018357
2 0.511961 0.19992 0.029391 0.042896
2 0.529056 0.215062 0.020793 0.043487
2 0.533266 0.40578 0.05872 0.067115
2 0.745157 0.232828 0.036249 0.046844
2 0.778619 0.210142 0.030307 0.030762
2 0.80774 0.19148 0.029033 0.034271
0 0.891673 0.14301 0.014193 0.074909
