0 0.941283 0.190046 0.016388 0.103054
0 0.872531 0.145739 0.014655 0.062519
0 0.851629 0.128431 0.021092 0.080177
0 0.833323 0.129795 0.017805 0.053757
0 0.815424 0.124406 0.016929 0.049923
0 0.801987 0.119212 0.018728 0.048897
0 0.785381 0.115315 0.012309 0.045164
0 0.772365 0.111228 0.013348 0.050664
0 0.742132 0.101478 0.013131 0.049102
0 0.727067 0.096948 0.013016 0.048886
2 0.886835 0.281487 0.048869 0.092177
2 0.558931 0.288066 0.060764 0.061728
2 0.337023 0.402976 0.076194 0.080257
2 0.590307 0.213748 0.0636 0.050899
2 0.775574 0.173454 0.03696 0.03841
2 0.290025 0.402495 0.081147 0.05828
1 0.710679 0.127427 0.025192 0.027677
2 0.381782 0.276308 0.072511 0.045459
1 0.848754 0.177957 0.021498 0.02856
1 0.824547 0.19302 0.018347 0.027545
1 0.82687 0.172118 0.021587 0.03792
1 0.842782 0.199115 0.022815 0.034415
0 0.634776 0.085627 0.024914 0.08569
