0 0.951863 0.200173 0.016388 0.103054
0 0.872531 0.145739 0.014655 0.062519
0 0.855517 0.140175 0.017361 0.056299
0 0.833323 0.129795 0.017805 0.053757
0 0.815424 0.124406 0.016929 0.049923
0 0.801987 0.119212 0.018728 0.048897
0 0.785381 0.115315 0.012309 0.045164
0 0.772365 0.111228 0.013348 0.050664
0 0.742132 0.101478 0.013131 0.049102
0 0.727067 0.096948 0.013016 0.048886
1 0.922557 0.214176 0.024858 0.036476
2 0.741848 0.160735 0.031651 0.021536
2 0.77621 0.15233 0.032258 0.020609
2 0.640398 0.22633 0.067275 0.061525
2 0.517099 0.242578 0.070963 0.046991
2 0.727428 0.19334 0.037953 0.037879
2 0.617584 0.159962 0.055533 0.026882
2 0.575845 0.181577 0.051859 0.040709
2 0.355192 0.538655 0.120644 0.11615
2 0.501787 0.415928 0.079372 0.056147
2 0.493987 0.518102 0.101387 0.149813
2 0.647659 0.291243 0.071656 0.049539
0 0.569072 0.097131 0.020143 0.103142
0 0.772793 0.104167 0.014238 0.067714
