0 0.951863 0.200173 0.016388 0.103054
0 0.872531 0.145739 0.014655 0.062519
0 0.853944 0.140233 0.016461 0.056573
0 0.833323 0.129795 0.017805 0.053757
0 0.815424 0.124406 0.016929 0.049923
0 0.801987 0.119212 0.018728 0.048897
0 0.785381 0.115315 0.012309 0.045164
0 0.772365 0.111228 0.013348 0.050664
0 0.742132 0.101478 0.013131 0.049102
0 0.727067 0.096948 0.013016 0.048886
1 0.921272 0.210521 0.024858 0.036476
2 0.66193 0.184188 0.040626 0.024986
2 0.741757 0.154917 0.032258 0.020609
2 0.718936 0.190972 0.043403 0.040234
2 0.310202 0.356563 0.104167 0.073529
2 0.768808 0.172091 0.034772 0.029784
2 0.592489 0.169723 0.044393 0.029994
2 0.586302 0.178016 0.051859 0.040709
2 0.60341 0.450687 0.113691 0.133076
2 0.418444 0.5371 0.149564 0.148273
2 0.729445 0.30248 0.078061 0.126566
2 0.42783 0.428719 0.1042 0.081178
0 0.569072 0.097131 0.020143 0.103142
