0 0.949181 0.215659 0.033681 0.059201
0 0.871455 0.144234 0.013259 0.053326
0 0.854833 0.138243 0.017442 0.055556
0 0.832541 0.129462 0.01624 0.053092
0 0.815424 0.124406 0.016929 0.049923
0 0.801987 0.119212 0.018728 0.048897
0 0.785381 0.115315 0.012309 0.045164
0 0.772365 0.111228 0.013348 0.050664
0 0.757256 0.106086 0.01459 0.046335
0 0.740934 0.099501 0.010735 0.045147
0 0.726496 0.097772 0.011873 0.050534
1 0.916324 0.197632 0.016135 0.027929
2 0.602093 0.195473 0.055459 0.048011
2 0.729035 0.163066 0.031945 0.027327
1 0.135967 0.514065 0.039511 0.092366
2 0.763228 0.149797 0.024857 0.024003
2 0.77288 0.180491 0.0289 0.021695
2 0.494725 0.199742 0.051144 0.032932
2 0.719332 0.129039 0.025211 0.022656
1 0.834314 0.169009 0.014354 0.028447
1 0.85359 0.161766 0.016382 0.023151
1 0.851727 0.181978 0.017649 0.024264
2 0.848728 0.19623 0.024605 0.030445
0 0.907466 0.150776 0.012123 0.0712
