0 0.959789 0.197683 0.015121 0.090745
0 0.868975 0.143683 0.013259 0.053326
0 0.855143 0.138794 0.017442 0.055556
0 0.832541 0.129462 0.01624 0.053092
0 0.815424 0.124406 0.016929 0.049923
0 0.801987 0.119212 0.018728 0.048897
0 0.785381 0.115315 0.012309 0.045164
0 0.772365 0.111228 0.013348 0.050664
0 0.740934 0.099501 0.010735 0.045147
0 0.726496 0.097772 0.011873 0.050534
2 0.880427 0.206878 0.027133 0.036178
1 0.770219 0.148547 0.019978 0.021744
1 0.789137 0.1678 0.015306 0.028964
1 0.80444 0.157395 0.022307 0.021561
2 0.763851 0.174266 0.030955 0.027516
1 0.791905 0.150601 0.016262 0.018357
2 0.524627 0.181384 0.040732 0.044291
2 0.480719 0.225223 0.041167 0.036381
2 0.326135 0.77004 0.105097 0.152116
2 0.520293 0.399031 0.092912 0.096111
2 0.651394 0.297954 0.045397 0.04223
2 0.695471 0.256194 0.037479 0.031907
0 0.944878 0.17503 0.016111 0.077104
