0 0.959155 0.19599 0.013854 0.087357
0 0.871455 0.144234 0.013259 0.053326
0 0.854833 0.138243 0.017442 0.055556
0 0.832541 0.129462 0.01624 0.053092
0 0.815424 0.124406 0.016929 0.049923
0 0.801987 0.119212 0.018728 0.048897
0 0.785381 0.115315 0.012309 0.045164
0 0.772365 0.111228 0.013348 0.050664
0 0.740934 0.099501 0.010735 0.045147
0 0.726496 0.097772 0.011873 0.050534
1 0.887235 0.201594 0.02736 0.028818
1 0.776922 0.148818 0.019978 0.021744
1 0.789137 0.1678 0.015306 0.028964
1 0.80444 0.157395 0.022307 0.021561
2 0.700879 0.195833 0.038867 0.036806
1 0.791905 0.150601 0.016262 0.018357
2 0.500936 0.204831 0.02906 0.038232
1 0.522603 0.211953 0.02154 0.049816
1 0.329853 0.616437 0.110056 0.133548
2 0.660107 0.281297 0.06123 0.052871
2 0.726788 0.237995 0.045252 0.037898
2 0.769043 0.212153 0.032617 0.034028
0 0.906567 0.150504 0.014193 0.074909
