0 0.955175 0.200827 0.015121 0.090745
0 0.868975 0.143683 0.013259 0.053326
0 0.855143 0.138794 0.017442 0.055556
0 0.832541 0.129462 0.01624 0.053092
0 0.815424 0.124406 0.016929 0.049923
0 0.801987 0.119212 0.018728 0.048897
0 0.785381 0.115315 0.012309 0.045164
0 0.772365 0.111228 0.013348 0.050664
0 0.740934 0.099501 0.010735 0.045147
0 0.726496 0.097772 0.011873 0.050534
2 0.660761 0.469793 0.082517 0.09815
1 0.781258 0.16465 0.019978 0.021744
1 0.792509 0.166801 0.015306 0.028964
1 0.811747 0.155396 0.022307 0.021561
1 0.772317 0.145807 0.019499 0.023901
1 0.791905 0.150601 0.016262 0.018357
1 0.712778 0.136472 0.025192 0.027677
2 0.191311 0.399281 0.06231 0.050299
1 0.831384 0.170613 0.022078 0.030892
2 0.819259 0.210249 0.040905 0.042584
2 0.741346 0.284662 0.060951 0.052083
2 0.568294 0.433738 0.084635 0.092593
0 0.878591 0.138773 0.015219 0.075862
