0 0.952839 0.200579 0.016388 0.103054
0 0.872531 0.145739 0.014655 0.062519
0 0.856451 0.129288 0.021092 0.080177
0 0.833323 0.129795 0.017805 0.053757
0 0.815424 0.124406 0.016929 0.049923
0 0.801987 0.119212 0.018728 0.048897
0 0.785381 0.115315 0.012309 0.045164
0 0.772365 0.111228 0.013348 0.050664
0 0.742132 0.101478 0.013131 0.049102
0 0.727067 0.096948 0.013016 0.048886
2 0.856816 0.310393 0.048869 0.092177
2 0.346997 0.386905 0.083198 0.081169
2 0.174414 0.472801 0.084635 0.083912
2 0.672488 0.184599 0.0356 0.017346
2 0.696802 0.211081 0.053114 0.041467
2 0.456575 0.289051 0.078125 0.062229
1 0.710679 0.127427 0.025192 0.027677
2 0.336008 0.301782 0.066479 0.050643
1 0.848754 0.177957 0.021498 0.02856
1 0.824547 0.19302 0.018347 0.027545
1 0.82687 0.172118 0.021587 0.03792
1 0.842782 0.199115 0.022815 0.034415
0 0.673126 0.081253 0.023488 0.085622
