0 0.958699 0.197324 0.014768 0.084688
0 0.871455 0.144234 0.013259 0.053326
0 0.854833 0.138243 0.017442 0.055556
0 0.832541 0.129462 0.01624 0.053092
0 0.815424 0.124406 0.016929 0.049923
0 0.801987 0.119212 0.018728 0.048897
0 0.785381 0.115315 0.012309 0.045164
0 0.772365 0.111228 0.013348 0.050664
0 0.740934 0.099501 0.010735 0.045147
0 0.726496 0.097772 0.011873 0.050534
1 0.88583 0.199596 0.02736 0.028818
2 0.630486 0.241885 0.053107 0.046816
2 0.402778 0.360432 0.079753 0.096795
2 0.720901 0.19819 0.049596 0.031211
2 0.335519 0.35057 0.078125 0.060764
1 0.791807 0.152849 0.01631 0.016824
2 0.106629 0.419417 0.038673 0.0719
2 0.690816 0.145067 0.026404 0.01863
1 0.793989 0.188824 0.022914 0.035909
1 0.85359 0.161766 0.016382 0.023151
1 0.848874 0.181006 0.016505 0.021681
1 0.868235 0.182307 0.022184 0.024577
0 0.891258 0.144394 0.015023 0.072141
