0 0.902728 0.701201 0.106647 0.302028
0 0.939941 0.521976 0.061421 0.297423
0 0.961882 0.55623 0.074977 0.227957
0 0.970123 0.487437 0.056922 0.168863
0 0.971276 0.450848 0.056666 0.146915
0 0.920024 0.361433 0.043633 0.143618
0 0.76664 0.213505 0.036951 0.171242
2 0.087593 0.254841 0.035081 0.067089
2 0.368177 0.439484 0.133675 0.15386
2 0.267111 0.260632 0.078078 0.062966
2 0.219999 0.179637 0.03925 0.027865
2 0.266912 0.198794 0.048437 0.045222
1 0.282986 0.174294 0.044111 0.037515
0 0.650559 0.794792 0.187163 0.409028
0 0.255577 0.901207 0.119944 0.20077
0 0.13932 0.841088 0.114329 0.316435
