0 0.905252 0.715509 0.103038 0.324537
0 0.943604 0.524105 0.051129 0.29469
0 0.968487 0.537861 0.052209 0.166266
0 0.972389 0.487233 0.053757 0.149665
0 0.978168 0.449569 0.039269 0.131243
0 0.919985 0.364163 0.043095 0.146494
0 0.920684 0.298965 0.036681 0.169008
2 0.067088 0.238997 0.025694 0.051393
1 0.6657 0.703949 0.086135 0.152287
2 0.266309 0.249365 0.061384 0.054012
2 0.820617 0.490359 0.042495 0.072921
2 0.437001 0.255766 0.077703 0.058052
1 0.40577 0.22393 0.069143 0.059418
0 0.829091 0.249298 0.044768 0.163077
0 0.985617 0.40087 0.027985 0.113538
0 0.083635 0.669812 0.123381 0.444745
0 0.945189 0.33481 0.031639 0.149258
0 0.556161 0.780938 0.132209 0.436735
0 0.881558 0.287519 0.034113 0.149573
