0 0.905252 0.715509 0.103038 0.324537
0 0.944312 0.525519 0.05126 0.294301
0 0.968487 0.537861 0.052209 0.166266
0 0.971867 0.482439 0.053711 0.134215
0 0.978065 0.442041 0.039062 0.116186
0 0.919776 0.359021 0.042677 0.142477
0 0.920267 0.297998 0.035846 0.167075
1 0.496652 0.834987 0.088356 0.241402
2 0.283545 0.376757 0.089659 0.08839
2 0.245157 0.241407 0.05284 0.051248
1 0.83855 0.48976 0.051087 0.068248
1 0.812473 0.51233 0.031091 0.084562
1 0.493786 0.322247 0.079731 0.079936
0 0.827383 0.249497 0.04737 0.164656
0 0.98587 0.399475 0.027479 0.116327
0 0.06622 0.680826 0.090774 0.472763
0 0.942882 0.343673 0.021875 0.131173
0 0.10374 0.762686 0.134707 0.47324
0 0.882102 0.298611 0.032315 0.128157
