0 0.903658 0.707264 0.103547 0.314153
0 0.939941 0.521976 0.061421 0.297423
0 0.956964 0.549129 0.06514 0.213756
0 0.970123 0.487437 0.056922 0.168863
0 0.97783 0.448148 0.041411 0.139585
0 0.919367 0.36012 0.043494 0.140278
0 0.919731 0.2962 0.033195 0.166627
2 0.217957 0.495672 0.106431 0.113728
2 0.146511 0.224591 0.035499 0.047137
2 0.667053 0.579477 0.172491 0.168493
1 0.830321 0.521422 0.03723 0.068267
2 0.506571 0.322755 0.095173 0.064235
1 0.285734 0.201368 0.044752 0.047286
0 0.827999 0.243504 0.051663 0.175179
0 0.983172 0.401557 0.032874 0.112164
0 0.059865 0.693193 0.100482 0.450396
0 0.94317 0.33983 0.02999 0.134857
0 0.100108 0.75227 0.123222 0.494072
0 0.883821 0.287858 0.035786 0.153674
