0 0.141383 0.584531 0.127616 0.48643
0 0.475725 0.867328 0.188394 0.263955
0 0.84712 0.833331 0.120456 0.282402
0 0.915672 0.710501 0.095147 0.233039
0 0.930679 0.611388 0.110194 0.210661
0 0.959457 0.556063 0.074627 0.185531
0 0.96933 0.502394 0.060559 0.1466
0 0.978563 0.444582 0.044669 0.133836
0 0.9822 0.397584 0.034819 0.115944
0 0.91971 0.363151 0.042683 0.151924
0 0.973661 0.463805 0.050563 0.135757
0 0.139196 0.109983 0.015393 0.075035
1 0.455815 0.923603 0.09231 0.155069
2 0.196546 0.372893 0.055403 0.078544
2 0.110826 0.184403 0.01757 0.028365
2 0.155894 0.185623 0.020894 0.025623
2 0.37341 0.181633 0.034893 0.031498
2 0.207847 0.15694 0.029738 0.028231
1 0.180406 0.143876 0.009693 0.033899
2 0.702264 0.466633 0.113815 0.080019
2 0.338046 0.202709 0.051645 0.049164
2 0.265231 0.167262 0.038596 0.03538
1 0.180775 0.155529 0.022435 0.026442
