0 0.904167 0.710185 0.105208 0.335185
0 0.939941 0.521976 0.061421 0.297423
0 0.956654 0.545271 0.06452 0.20604
0 0.970123 0.487437 0.056922 0.168863
0 0.97783 0.448148 0.041411 0.139585
0 0.919367 0.36012 0.043494 0.140278
0 0.917801 0.295966 0.037055 0.167096
2 0.131743 0.356581 0.051395 0.063138
2 0.123312 0.198623 0.039394 0.044138
2 0.470916 0.386154 0.159259 0.129653
1 0.827949 0.521712 0.041974 0.067686
2 0.342145 0.242134 0.064586 0.049947
2 0.228501 0.17853 0.049425 0.039939
0 0.823548 0.249539 0.050989 0.163107
0 0.980852 0.398573 0.037514 0.118133
0 0.090885 0.694734 0.119271 0.490162
0 0.946313 0.342385 0.028682 0.133145
0 0.094482 0.749219 0.131348 0.500174
0 0.883606 0.288547 0.033005 0.146316
