0 0.904167 0.710185 0.105208 0.335185
0 0.939941 0.521976 0.061421 0.297423
0 0.961882 0.55623 0.074977 0.227957
0 0.970123 0.487437 0.056922 0.168863
0 0.971276 0.450848 0.056666 0.146915
0 0.919416 0.361654 0.04485 0.143176
0 0.899756 0.287114 0.028358 0.169563
2 0.06317 0.211836 0.030572 0.038898
2 0.17216 0.236264 0.052608 0.070344
2 0.15429 0.188126 0.049271 0.049223
2 0.254134 0.20133 0.049669 0.049567
2 0.190299 0.159499 0.040943 0.037507
2 0.214948 0.1556 0.040107 0.040107
0 0.862676 0.542951 0.07767 0.365471
0 0.883326 0.510546 0.048463 0.241715
0 0.72651 0.889385 0.091512 0.219841
0 0.764639 0.744395 0.118688 0.493419
