0 0.152776 0.601644 0.098392 0.48399
0 0.260174 0.798666 0.195418 0.405396
0 0.84712 0.833331 0.120456 0.282402
0 0.915672 0.710501 0.095147 0.233039
0 0.930679 0.611388 0.110194 0.210661
0 0.960623 0.5571 0.072295 0.183458
0 0.96933 0.503436 0.060559 0.148684
0 0.978563 0.444582 0.044669 0.133836
0 0.9822 0.397584 0.034819 0.115944
0 0.919558 0.364067 0.042986 0.150092
0 0.973661 0.463805 0.050563 0.135757
0 0.140666 0.109507 0.015393 0.075035
1 0.425934 0.919395 0.128454 0.16421
2 0.43757 0.585988 0.183963 0.197589
2 0.110571 0.193676 0.022403 0.028325
2 0.131378 0.172238 0.016714 0.028665
2 0.594219 0.282308 0.06098 0.047045
1 0.159183 0.145592 0.010294 0.030766
2 0.172904 0.164659 0.021975 0.023789
1 0.817255 0.546196 0.038043 0.111715
1 0.209149 0.151138 0.019665 0.030232
2 0.185372 0.142326 0.019634 0.018437
1 0.140645 0.152247 0.010882 0.034615
