0 0.904167 0.710185 0.105208 0.335185
0 0.939941 0.521976 0.061421 0.297423
0 0.961882 0.55623 0.074977 0.227957
0 0.970123 0.487437 0.056922 0.168863
0 0.971276 0.450848 0.056666 0.146915
0 0.919416 0.361654 0.04485 0.143176
0 0.914219 0.294345 0.033224 0.168084
2 0.055905 0.209234 0.021888 0.032562
2 0.129438 0.196115 0.038411 0.050043
2 0.127237 0.183082 0.044432 0.043802
2 0.371121 0.254549 0.069775 0.064007
2 0.157817 0.153558 0.02068 0.024881
1 0.172403 0.141974 0.019564 0.027141
0 0.958933 0.353619 0.028314 0.167454
0 0.940832 0.380719 0.03148 0.162582
0 0.95901 0.412393 0.031287 0.134473
0 0.937239 0.380396 0.043227 0.215113
