0 0.020999 0.183341 0.012298 0.092347
0 0.510493 0.869213 0.17296 0.263426
0 0.844671 0.832835 0.125355 0.283394
0 0.915672 0.710501 0.095147 0.233039
0 0.93093 0.610738 0.109691 0.211962
0 0.958732 0.552531 0.076076 0.192595
0 0.96933 0.499617 0.060559 0.141045
0 0.978563 0.444582 0.044669 0.133836
0 0.982819 0.397475 0.036058 0.115727
0 0.921776 0.36435 0.043868 0.154322
0 0.972783 0.467114 0.053653 0.133827
0 0.117388 0.119822 0.012279 0.075577
1 0.058808 0.252785 0.01159 0.040827
1 0.068385 0.191486 0.010271 0.03205
1 0.622359 0.633936 0.099759 0.177003
1 0.697722 0.564587 0.055621 0.169276
2 0.239398 0.124999 0.02243 0.022714
1 0.8664 0.480453 0.024248 0.096752
1 0.855028 0.490014 0.028231 0.103533
1 0.812821 0.50429 0.031648 0.114239
2 0.229811 0.153526 0.03633 0.019083
2 0.569657 0.342847 0.083765 0.093209
1 0.506575 0.35587 0.070371 0.064218
