0 0.904687 0.716204 0.104167 0.323148
0 0.948787 0.606452 0.062819 0.198594
0 0.963566 0.534804 0.046522 0.167213
0 0.970844 0.490427 0.048485 0.14887
0 0.971037 0.449466 0.053532 0.13145
0 0.919697 0.363754 0.043671 0.146327
0 0.923329 0.298717 0.032646 0.169119
2 0.081534 0.240476 0.036486 0.057253
1 0.672875 0.628811 0.068121 0.227812
2 0.689326 0.554635 0.173431 0.216655
1 0.34267 0.21093 0.054889 0.050207
1 0.155674 0.146077 0.016688 0.029026
1 0.176251 0.141866 0.015485 0.027189
0 0.969331 0.359187 0.035169 0.149747
0 0.986147 0.400953 0.026925 0.113372
0 0.761853 0.78049 0.152856 0.43763
0 0.980354 0.396855 0.028263 0.079657
0 0.866599 0.846003 0.158396 0.302831
0 0.912914 0.328908 0.035847 0.129221
