0 0.905252 0.715509 0.103038 0.324537
0 0.944327 0.52433 0.053605 0.29424
0 0.968487 0.537861 0.052209 0.166266
0 0.971867 0.482439 0.053711 0.134215
0 0.978065 0.442041 0.039062 0.116186
0 0.920216 0.363356 0.042633 0.148737
0 0.91921 0.298132 0.033733 0.167343
2 0.226044 0.459896 0.077895 0.137516
2 0.518218 0.588925 0.162279 0.170068
2 0.184185 0.197496 0.039861 0.036672
1 0.858222 0.476614 0.028573 0.061728
1 0.797321 0.479149 0.038575 0.103723
2 0.697715 0.469814 0.118247 0.101599
0 0.82261 0.25143 0.047794 0.164624
0 0.98587 0.399475 0.027479 0.116327
0 0.064683 0.682524 0.103641 0.482595
0 0.946469 0.344018 0.028163 0.134662
0 0.098599 0.759314 0.134053 0.479982
0 0.882708 0.300307 0.033546 0.130937
