0 0.151341 0.598993 0.103567 0.49125
0 0.371253 0.922214 0.153588 0.154182
0 0.855611 0.850926 0.146188 0.296717
0 0.915672 0.710501 0.095147 0.233039
0 0.930679 0.611388 0.110194 0.210661
0 0.959165 0.558655 0.07521 0.180348
0 0.96933 0.500658 0.060559 0.143128
0 0.978563 0.444582 0.044669 0.133836
0 0.9822 0.397584 0.034819 0.115944
0 0.919558 0.364067 0.042986 0.150092
0 0.973661 0.463805 0.050563 0.135757
0 0.140287 0.110537 0.016151 0.072976
1 0.423292 0.926578 0.089304 0.145455
2 0.204966 0.363435 0.069293 0.076979
1 0.595541 0.674688 0.083189 0.201325
1 0.745517 0.576213 0.047963 0.168776
2 0.833357 0.380117 0.036336 0.047576
2 0.148846 0.154007 0.013895 0.014842
1 0.823275 0.50341 0.042895 0.12366
2 0.26909 0.172504 0.036417 0.034024
1 0.159743 0.150369 0.00791 0.026239
2 0.255813 0.209872 0.048139 0.039284
2 0.73611 0.458703 0.093046 0.078168
