0 0.027127 0.191503 0.018669 0.09804
0 0.506098 0.869907 0.17296 0.263426
0 0.844671 0.832835 0.125355 0.283394
0 0.915672 0.710501 0.095147 0.233039
0 0.93093 0.610738 0.109691 0.211962
0 0.95998 0.551597 0.078571 0.190727
0 0.96933 0.500658 0.060559 0.143128
0 0.97854 0.44174 0.044715 0.139519
0 0.981027 0.399202 0.039642 0.112273
0 0.921776 0.36435 0.043868 0.154322
0 0.972783 0.467114 0.053653 0.133827
0 0.154049 0.100616 0.012581 0.073213
1 0.043628 0.214156 0.010249 0.038957
2 0.084741 0.227869 0.017904 0.043458
2 0.147225 0.227154 0.032254 0.034663
2 0.134092 0.172293 0.02736 0.032967
2 0.238916 0.120879 0.020849 0.024734
2 0.831863 0.523119 0.037361 0.092754
1 0.403182 0.299603 0.032386 0.098571
1 0.432604 0.275969 0.029589 0.098476
2 0.460488 0.254277 0.086524 0.061446
2 0.202052 0.182211 0.03105 0.023742
2 0.175977 0.162578 0.03126 0.021368
