0 0.061674 0.307348 0.043302 0.226884
0 0.500023 0.867004 0.16558 0.264603
0 0.844994 0.832436 0.124709 0.284191
0 0.915917 0.720441 0.094658 0.213158
0 0.926557 0.612811 0.118436 0.207816
0 0.95998 0.551597 0.078571 0.190727
0 0.966998 0.502173 0.055895 0.146157
0 0.978831 0.442203 0.044134 0.138592
0 0.981027 0.399202 0.039642 0.112273
0 0.917996 0.363816 0.043868 0.154322
0 0.970243 0.462262 0.048391 0.138889
0 0.155125 0.102701 0.013074 0.075446
1 0.089637 0.356386 0.037213 0.097738
2 0.148523 0.314397 0.044162 0.069073
2 0.136309 0.207009 0.035674 0.043954
2 0.206454 0.209685 0.040017 0.03839
2 0.380625 0.160874 0.042607 0.027209
2 0.186094 0.17043 0.027815 0.022426
2 0.152627 0.157833 0.008219 0.025346
2 0.1681 0.157403 0.007646 0.026555
2 0.574692 0.38328 0.097834 0.084695
1 0.177723 0.145412 0.008013 0.023129
2 0.221893 0.15817 0.036511 0.028564
