0 0.904167 0.710185 0.105208 0.335185
0 0.939941 0.521976 0.061421 0.297423
0 0.957584 0.546374 0.06638 0.208245
0 0.970123 0.487437 0.056922 0.168863
0 0.971276 0.450848 0.056666 0.146915
0 0.919367 0.36012 0.043494 0.140278
0 0.91368 0.291031 0.034257 0.160607
2 0.089994 0.253555 0.035937 0.056752
1 0.092878 0.177752 0.013021 0.026334
2 0.2366 0.234876 0.052782 0.041315
2 0.783488 0.495515 0.08667 0.092593
1 0.244332 0.181668 0.027318 0.040623
1 0.174567 0.154263 0.018171 0.024876
0 0.827938 0.250071 0.045751 0.162909
0 0.984639 0.376988 0.02994 0.179357
0 0.086056 0.663913 0.100607 0.478015
0 0.959896 0.356471 0.022585 0.121861
0 0.945767 0.327197 0.036376 0.159098
