0 0.905252 0.715509 0.103038 0.324537
0 0.945566 0.524105 0.051129 0.29469
0 0.968487 0.537861 0.052209 0.166266
0 0.972249 0.488699 0.054037 0.146735
0 0.978168 0.449569 0.039269 0.131243
0 0.920216 0.363041 0.042633 0.148737
0 0.919791 0.298552 0.034894 0.168183
2 0.104167 0.285108 0.038194 0.068673
1 0.639456 0.680057 0.100936 0.222261
2 0.125951 0.171455 0.027702 0.032638
1 0.857983 0.479953 0.022692 0.060579
1 0.816814 0.460138 0.027725 0.054716
1 0.81515 0.520327 0.026585 0.071713
0 0.826458 0.238945 0.051962 0.186267
0 0.985617 0.40087 0.027985 0.113538
0 0.076008 0.620063 0.083886 0.433332
0 0.9419 0.341771 0.023997 0.132727
0 0.10528 0.764326 0.129064 0.473496
0 0.882173 0.286429 0.037596 0.150502
