0 0.020697 0.185025 0.012904 0.088977
0 0.510493 0.869213 0.17296 0.263426
0 0.844671 0.832835 0.125355 0.283394
0 0.915672 0.710501 0.095147 0.233039
0 0.93093 0.610738 0.109691 0.211962
0 0.958732 0.552531 0.076076 0.192595
0 0.96933 0.501353 0.060559 0.144517
0 0.978563 0.444582 0.044669 0.133836
0 0.982819 0.397475 0.036058 0.115727
0 0.921776 0.36435 0.043868 0.154322
0 0.972783 0.467114 0.053653 0.133827
0 0.137734 0.115509 0.015024 0.064103
1 0.050819 0.223852 0.013303 0.03999
1 0.067449 0.1995 0.011263 0.030918
2 0.300249 0.374348 0.065921 0.053636
2 0.418549 0.367495 0.075308 0.061575
1 0.235111 0.119167 0.009992 0.032765
1 0.84697 0.486444 0.02551 0.090735
1 0.828747 0.509623 0.028869 0.094779
1 0.798567 0.469144 0.031901 0.117878
2 0.277523 0.167966 0.042269 0.030273
2 0.366841 0.234696 0.058125 0.063641
2 0.283593 0.218521 0.047875 0.045347
