0 0.150285 0.599301 0.106299 0.487317
0 0.48952 0.877446 0.174866 0.243719
0 0.84712 0.833331 0.120456 0.282402
0 0.915672 0.710501 0.095147 0.233039
0 0.930679 0.611388 0.110194 0.210661
0 0.959165 0.555545 0.07521 0.186567
0 0.96933 0.505172 0.060559 0.152156
0 0.978563 0.444582 0.044669 0.133836
0 0.9822 0.397584 0.034819 0.115944
0 0.91971 0.363151 0.042683 0.151924
0 0.973661 0.463805 0.050563 0.135757
0 0.140131 0.109983 0.015393 0.075035
1 0.40885 0.924371 0.122043 0.154154
1 0.263464 0.448542 0.107004 0.108284
1 0.090816 0.181756 0.009542 0.032466
2 0.131974 0.17088 0.020061 0.025795
2 0.44499 0.211197 0.057184 0.041523
1 0.176082 0.147387 0.011228 0.031343
2 0.166875 0.152698 0.009003 0.031772
1 0.825649 0.537822 0.04171 0.138562
2 0.273862 0.17683 0.039356 0.031352
2 0.225072 0.153596 0.029607 0.025989
1 0.149697 0.152514 0.010192 0.030612
