0 0.905252 0.715509 0.103038 0.324537
0 0.944327 0.52433 0.053605 0.29424
0 0.968487 0.537861 0.052209 0.166266
0 0.971867 0.482439 0.053711 0.134215
0 0.978065 0.442041 0.039062 0.116186
0 0.920237 0.364471 0.042591 0.146505
0 0.920267 0.297998 0.035846 0.167075
2 0.240632 0.49588 0.082183 0.169857
2 0.471371 0.546371 0.145867 0.14089
2 0.186505 0.196342 0.041077 0.052929
1 0.856301 0.477752 0.028573 0.061728
1 0.80564 0.494352 0.050322 0.100546
2 0.692028 0.43674 0.128418 0.098852
0 0.824726 0.237367 0.048552 0.190678
0 0.98587 0.399475 0.027479 0.116327
0 0.065576 0.686325 0.101855 0.474993
0 0.949197 0.34016 0.029573 0.14752
0 0.098599 0.759314 0.134053 0.479982
0 0.878192 0.298491 0.033661 0.130097
