0 0.904167 0.710185 0.105208 0.335185
0 0.939941 0.521976 0.061421 0.297423
0 0.961882 0.55623 0.074977 0.227957
0 0.970123 0.487437 0.056922 0.168863
0 0.971276 0.450848 0.056666 0.146915
0 0.919367 0.36012 0.043494 0.140278
0 0.91368 0.291031 0.034257 0.160607
2 0.090102 0.264871 0.036888 0.067156
1 0.094359 0.177075 0.014788 0.031351
2 0.249614 0.242391 0.059431 0.041971
2 0.79237 0.518641 0.06729 0.077048
2 0.245694 0.182392 0.038513 0.038729
2 0.177187 0.15398 0.025177 0.023191
0 0.822957 0.250651 0.048692 0.161796
0 0.984865 0.375731 0.029488 0.181871
0 0.075648 0.699341 0.119247 0.489178
0 0.961216 0.358358 0.026954 0.134348
0 0.941782 0.339238 0.0282 0.13109
