0 0.047389 0.355978 0.045168 0.26872
0 0.506952 0.864514 0.17484 0.273946
0 0.84712 0.833331 0.120456 0.282402
0 0.915672 0.710501 0.095147 0.233039
0 0.930679 0.611388 0.110194 0.210661
0 0.958732 0.552531 0.076076 0.192595
0 0.96933 0.499617 0.060559 0.141045
0 0.978563 0.444582 0.044669 0.133836
0 0.982819 0.397475 0.036058 0.115727
0 0.920302 0.36435 0.043868 0.154322
0 0.973994 0.46705 0.05123 0.133955
0 0.140162 0.110647 0.014366 0.073175
1 0.465288 0.892498 0.06284 0.168327
2 0.156632 0.315897 0.040846 0.046045
2 0.159279 0.22883 0.032665 0.048378
2 0.217203 0.213004 0.0404 0.036956
2 0.288447 0.152595 0.036323 0.025367
2 0.273747 0.18263 0.036828 0.036698
2 0.235881 0.15487 0.035149 0.030673
2 0.440814 0.284389 0.069467 0.073822
1 0.512306 0.283634 0.067743 0.080053
2 0.335447 0.192024 0.040384 0.038656
2 0.24138 0.174253 0.03298 0.03501
