0 0.064298 0.387784 0.06298 0.295688
0 0.506952 0.864514 0.17484 0.273946
0 0.84712 0.833331 0.120456 0.282402
0 0.915672 0.710501 0.095147 0.233039
0 0.931584 0.613242 0.108383 0.206953
0 0.960152 0.549992 0.078915 0.187516
0 0.96933 0.502394 0.060559 0.1466
0 0.978563 0.444582 0.044669 0.133836
0 0.982819 0.397475 0.036058 0.115727
0 0.91971 0.363151 0.042683 0.151924
0 0.973994 0.464977 0.05123 0.138101
0 0.140162 0.110647 0.014366 0.073175
1 0.466565 0.906053 0.082737 0.189218
1 0.160928 0.316456 0.044959 0.056242
2 0.149657 0.208131 0.029236 0.043952
2 0.199465 0.211005 0.03322 0.03845
2 0.31033 0.156762 0.034928 0.026667
2 0.258441 0.174415 0.02929 0.031551
1 0.2237 0.151907 0.035149 0.030673
2 0.47794 0.332685 0.076958 0.067093
2 0.469465 0.260894 0.067128 0.058411
2 0.31333 0.184598 0.042681 0.036208
2 0.227202 0.16734 0.031942 0.026933
