0 0.04113 0.302412 0.036892 0.210663
0 0.459629 0.889989 0.187777 0.222004
0 0.859574 0.837816 0.159568 0.289268
0 0.915672 0.710501 0.095147 0.233039
0 0.930679 0.611388 0.110194 0.210661
0 0.959165 0.558655 0.07521 0.180348
0 0.96933 0.499269 0.060559 0.14035
0 0.978563 0.444582 0.044669 0.133836
0 0.982801 0.399137 0.033617 0.112837
0 0.919558 0.364067 0.042986 0.150092
0 0.973661 0.463805 0.050563 0.135757
0 0.140287 0.110537 0.016151 0.072976
2 0.183762 0.546861 0.092915 0.150368
2 0.122624 0.267157 0.030377 0.043412
1 0.70542 0.689799 0.072932 0.158213
1 0.736278 0.589623 0.092107 0.153462
2 0.851463 0.385265 0.033465 0.038163
2 0.254362 0.197455 0.044379 0.038307
2 0.840625 0.481304 0.035211 0.060517
1 0.164004 0.146295 0.008648 0.027219
2 0.199124 0.172264 0.029959 0.034134
2 0.515535 0.344705 0.092613 0.097916
1 0.828512 0.53013 0.032999 0.10172
0 0.941061 0.504636 0.086629 0.182085
