0 0.041165 0.229913 0.025495 0.143365
0 0.501798 0.869129 0.16558 0.264603
0 0.842777 0.833586 0.129142 0.281891
0 0.915672 0.710501 0.095147 0.233039
0 0.93093 0.610738 0.109691 0.211962
0 0.95998 0.551597 0.078571 0.190727
0 0.96933 0.503436 0.060559 0.148684
0 0.97854 0.44174 0.044715 0.139519
0 0.981027 0.399202 0.039642 0.112273
0 0.921776 0.36435 0.043868 0.154322
0 0.974286 0.46705 0.050647 0.133955
0 0.154049 0.100616 0.012581 0.073213
1 0.057194 0.262105 0.021084 0.054986
2 0.106401 0.25358 0.018229 0.039107
1 0.097949 0.178533 0.00952 0.02957
2 0.134001 0.168187 0.021495 0.027564
2 0.285659 0.131044 0.030423 0.024171
2 0.368353 0.266508 0.058216 0.050258
2 0.206887 0.179867 0.031682 0.032722
1 0.249069 0.192926 0.032995 0.031851
1 0.811956 0.487505 0.03313 0.109824
1 0.169257 0.16807 0.029189 0.030763
2 0.1959 0.149558 0.025996 0.021479
