0 0.155399 0.602163 0.093145 0.482953
0 0.278753 0.796545 0.150139 0.409227
0 0.84712 0.833331 0.120456 0.282402
0 0.915672 0.710501 0.095147 0.233039
0 0.930679 0.611388 0.110194 0.210661
0 0.960623 0.556582 0.072295 0.184494
0 0.96933 0.506214 0.060559 0.154239
0 0.978563 0.444582 0.044669 0.133836
0 0.9822 0.397584 0.034819 0.115944
0 0.919558 0.364067 0.042986 0.150092
0 0.973661 0.463805 0.050563 0.135757
0 0.140666 0.109507 0.015393 0.075035
1 0.391908 0.922933 0.116964 0.152745
2 0.483783 0.668034 0.188498 0.203283
1 0.117141 0.198061 0.024702 0.030961
2 0.131682 0.17179 0.020192 0.02956
2 0.631507 0.295388 0.068214 0.043532
1 0.155461 0.145925 0.010294 0.030766
2 0.203194 0.178995 0.025241 0.023569
1 0.817231 0.554276 0.032204 0.111025
2 0.195323 0.151471 0.023026 0.020669
2 0.177506 0.144263 0.01714 0.019408
1 0.13956 0.156108 0.010882 0.034615
