0 0.904167 0.710185 0.105208 0.335185
0 0.939941 0.521976 0.061421 0.297423
0 0.961882 0.55623 0.074977 0.227957
0 0.970123 0.487437 0.056922 0.168863
0 0.971276 0.450848 0.056666 0.146915
0 0.919416 0.361654 0.04485 0.143176
0 0.915021 0.295366 0.034545 0.167529
2 0.06935 0.228395 0.034591 0.03807
2 0.10838 0.182759 0.031262 0.034773
2 0.152616 0.185584 0.035728 0.034586
2 0.489366 0.323431 0.101273 0.069444
1 0.187185 0.16161 0.024381 0.032392
1 0.162169 0.145899 0.017261 0.027459
0 0.822725 0.248366 0.047564 0.163399
0 0.976159 0.364523 0.037902 0.181227
0 0.063853 0.662992 0.10233 0.475713
0 0.947617 0.36296 0.025854 0.134392
0 0.946212 0.344225 0.028665 0.135891
