0 0.904167 0.710185 0.105208 0.335185
0 0.939941 0.521976 0.061421 0.297423
0 0.961882 0.55623 0.074977 0.227957
0 0.970123 0.487437 0.056922 0.168863
0 0.971276 0.450848 0.056666 0.146915
0 0.919367 0.36012 0.043494 0.140278
0 0.913826 0.291428 0.033966 0.159813
2 0.102241 0.287487 0.043448 0.079277
2 0.102407 0.185289 0.024926 0.030787
2 0.294679 0.275929 0.073438 0.058458
1 0.808591 0.518108 0.070144 0.07412
1 0.276086 0.195386 0.043697 0.045904
1 0.190564 0.161369 0.032214 0.036721
0 0.822393 0.253064 0.050356 0.163133
0 0.98525 0.373041 0.028493 0.175961
0 0.087827 0.704683 0.126826 0.484659
0 0.944391 0.341035 0.023134 0.132947
0 0.08848 0.743882 0.132416 0.510847
0 0.915341 0.319374 0.021911 0.125141
