0 0.904687 0.716204 0.104167 0.323148
0 0.948787 0.606452 0.062819 0.198594
0 0.969957 0.540182 0.059304 0.17797
0 0.970844 0.490427 0.048485 0.14887
0 0.978231 0.448568 0.039144 0.133247
0 0.919444 0.362809 0.043403 0.148457
0 0.920833 0.300675 0.03219 0.172363
2 0.08834 0.263272 0.032924 0.061193
2 0.400172 0.448894 0.13542 0.185546
2 0.448683 0.370228 0.129543 0.099051
2 0.301728 0.190048 0.043722 0.040155
2 0.146047 0.148832 0.014892 0.025048
1 0.17128 0.139404 0.013973 0.02759
0 0.978528 0.378943 0.042163 0.132393
0 0.986147 0.400953 0.026925 0.113372
0 0.787996 0.770293 0.158681 0.462257
0 0.986325 0.396935 0.025838 0.079785
0 0.864118 0.846554 0.163356 0.301729
0 0.920278 0.327496 0.032781 0.133029
