0 0.035201 0.218999 0.021768 0.129262
0 0.506098 0.869907 0.17296 0.263426
0 0.842777 0.833586 0.129142 0.281891
0 0.915672 0.710501 0.095147 0.233039
0 0.93093 0.610738 0.109691 0.211962
0 0.95998 0.551597 0.078571 0.190727
0 0.96933 0.5017 0.060559 0.145211
0 0.97854 0.44174 0.044715 0.139519
0 0.981027 0.399202 0.039642 0.112273
0 0.921776 0.36435 0.043868 0.154322
0 0.974286 0.46705 0.050647 0.133955
0 0.154049 0.100616 0.012581 0.073213
2 0.052195 0.249475 0.016541 0.042825
1 0.101173 0.244674 0.022513 0.040999
1 0.093457 0.17426 0.012304 0.039106
2 0.131875 0.168471 0.01892 0.026694
2 0.264992 0.127314 0.031797 0.024978
2 0.474472 0.320493 0.088939 0.045108
2 0.241212 0.192533 0.044405 0.04622
2 0.309002 0.204671 0.060449 0.038391
1 0.816344 0.457571 0.075521 0.106684
2 0.190811 0.172335 0.029189 0.030763
2 0.184619 0.146345 0.025996 0.021479
