0 0.904687 0.716204 0.104167 0.323148
0 0.948787 0.606452 0.062819 0.198594
0 0.963566 0.534804 0.046522 0.167213
0 0.970844 0.490427 0.048485 0.14887
0 0.978231 0.448568 0.039144 0.133247
0 0.919989 0.363145 0.044492 0.14913
0 0.920327 0.301408 0.031422 0.174812
2 0.123421 0.333432 0.056239 0.069937
2 0.213763 0.268467 0.044441 0.069275
2 0.286401 0.274398 0.0681 0.065757
2 0.24485 0.168821 0.034503 0.03577
2 0.163595 0.162295 0.021 0.019344
1 0.167964 0.143878 0.015159 0.019262
0 0.972807 0.364925 0.036093 0.155991
0 0.986147 0.400953 0.026925 0.113372
0 0.792832 0.773093 0.12371 0.452425
0 0.960478 0.386586 0.031334 0.11735
0 0.866909 0.845452 0.157776 0.303933
0 0.92012 0.332509 0.026152 0.135358
