0 0.021372 0.200183 0.018922 0.104423
0 0.509901 0.870491 0.168935 0.261333
0 0.844671 0.832835 0.125355 0.283394
0 0.915672 0.710501 0.095147 0.233039
0 0.93093 0.610738 0.109691 0.211962
0 0.958732 0.552531 0.076076 0.192595
0 0.966998 0.502173 0.055895 0.146157
0 0.978563 0.444582 0.044669 0.133836
0 0.982819 0.397475 0.036058 0.115727
0 0.921776 0.36435 0.043868 0.154322
0 0.972783 0.467114 0.053653 0.133827
0 0.117071 0.119547 0.01343 0.07716
2 0.104019 0.374996 0.033672 0.07467
2 0.095652 0.23052 0.02442 0.035053
1 0.698131 0.710141 0.063622 0.171429
1 0.721855 0.597167 0.115069 0.169202
2 0.204544 0.132821 0.016393 0.015458
2 0.707098 0.44876 0.100561 0.049625
2 0.440919 0.262025 0.067929 0.063644
1 0.202697 0.160696 0.040924 0.027894
1 0.794855 0.48977 0.06802 0.092473
1 0.826577 0.547123 0.041028 0.125724
2 0.553053 0.292339 0.067643 0.050877
