0 0.904167 0.710185 0.105208 0.335185
0 0.939941 0.521976 0.061421 0.297423
0 0.961882 0.55623 0.074977 0.227957
0 0.970123 0.487437 0.056922 0.168863
0 0.971276 0.450848 0.056666 0.146915
0 0.919416 0.361654 0.04485 0.143176
0 0.915387 0.29301 0.033412 0.167617
2 0.053744 0.2081 0.017565 0.030295
2 0.136748 0.205122 0.043944 0.052718
2 0.131612 0.186971 0.044432 0.043802
2 0.323424 0.233934 0.076139 0.058263
1 0.15814 0.145093 0.020228 0.034339
1 0.177759 0.143057 0.020874 0.034961
0 0.941964 0.399554 0.047991 0.216766
0 0.942219 0.392936 0.036429 0.177389
0 0.899636 0.463644 0.044249 0.213002
0 0.9375 0.41369 0.053013 0.250992
