0 0.15446 0.597116 0.095024 0.493046
0 0.356266 0.922277 0.128067 0.158539
0 0.84712 0.833331 0.120456 0.282402
0 0.915672 0.710501 0.095147 0.233039
0 0.930679 0.611388 0.110194 0.210661
0 0.960331 0.5571 0.072878 0.183458
0 0.96933 0.50413 0.060559 0.150073
0 0.978563 0.444582 0.044669 0.133836
0 0.9822 0.397584 0.034819 0.115944
0 0.919558 0.364067 0.042986 0.150092
0 0.973661 0.463805 0.050563 0.135757
0 0.140666 0.109507 0.015393 0.075035
1 0.408792 0.91365 0.103195 0.168947
1 0.576583 0.814496 0.09294 0.199346
2 0.25225 0.331146 0.062966 0.069444
2 0.364191 0.33892 0.090951 0.084992
1 0.855333 0.398073 0.026901 0.084247
1 0.141485 0.152624 0.011973 0.041574
2 0.502367 0.325964 0.116604 0.071517
1 0.506786 0.27607 0.088129 0.085742
1 0.169582 0.143978 0.011465 0.032965
2 0.164259 0.1547 0.017014 0.020698
2 0.325054 0.238357 0.056119 0.053945
