0 0.045175 0.340076 0.035716 0.243669
0 0.498171 0.868624 0.165376 0.261364
0 0.844994 0.832436 0.124709 0.284191
0 0.915917 0.720441 0.094658 0.213158
0 0.936109 0.610711 0.099333 0.212017
0 0.95998 0.551597 0.078571 0.190727
0 0.96933 0.502742 0.060559 0.147295
0 0.979886 0.443348 0.042024 0.136302
0 0.981027 0.399202 0.039642 0.112273
0 0.918733 0.365782 0.043868 0.154322
0 0.968493 0.462262 0.044893 0.138889
0 0.196582 0.087123 0.013276 0.072604
1 0.137097 0.46791 0.052826 0.154397
2 0.192773 0.370696 0.07145 0.090712
2 0.193414 0.251991 0.044587 0.051573
2 0.25724 0.244514 0.057157 0.055311
2 0.45857 0.18887 0.057615 0.042832
2 0.158054 0.153799 0.007427 0.023908
1 0.145051 0.151125 0.007554 0.026291
1 0.168789 0.141032 0.007734 0.027821
2 0.381346 0.262299 0.054514 0.045797
1 0.182664 0.142572 0.00854 0.027681
2 0.252201 0.170151 0.037176 0.02536
