0 0.904687 0.716204 0.104167 0.323148
0 0.948787 0.606452 0.062819 0.198594
0 0.969957 0.536362 0.059304 0.170331
0 0.932254 0.422406 0.063759 0.27376
0 0.971967 0.447813 0.051672 0.134757
0 0.919004 0.364468 0.043202 0.154065
0 0.920696 0.302074 0.032034 0.173676
2 0.150457 0.381062 0.052635 0.086511
2 0.183784 0.245596 0.039062 0.060298
2 0.262241 0.257793 0.054536 0.053483
2 0.223287 0.158694 0.032006 0.033154
2 0.179529 0.164102 0.03323 0.029361
1 0.160177 0.143609 0.016262 0.022074
0 0.981101 0.3953 0.030247 0.103323
0 0.986147 0.400953 0.026925 0.113372
0 0.793626 0.769539 0.133061 0.459533
0 0.918776 0.39414 0.03196 0.174759
0 0.871862 0.849443 0.147868 0.295952
0 0.914643 0.32944 0.022949 0.14042
