0 0.903187 0.703467 0.103249 0.321748
0 0.939941 0.521976 0.061421 0.297423
0 0.960064 0.550783 0.071341 0.217063
0 0.970123 0.487437 0.056922 0.168863
0 0.97783 0.448148 0.041411 0.139585
0 0.919927 0.361794 0.042375 0.13693
0 0.918896 0.296369 0.034865 0.16629
2 0.390885 0.701201 0.171751 0.26455
2 0.186493 0.2727 0.041984 0.055695
2 0.368726 0.321268 0.088778 0.081369
1 0.833541 0.512075 0.049683 0.086962
2 0.711752 0.449715 0.107676 0.062239
2 0.364781 0.241302 0.066682 0.060325
0 0.825522 0.250295 0.049017 0.162752
0 0.98316 0.400433 0.032899 0.114411
0 0.068901 0.692081 0.085412 0.451155
0 0.942032 0.343577 0.023308 0.130832
0 0.097461 0.758581 0.132422 0.481448
0 0.883569 0.295955 0.034485 0.131693
