0 0.904167 0.710185 0.105208 0.335185
0 0.939941 0.521976 0.061421 0.297423
0 0.961882 0.55623 0.074977 0.227957
0 0.970123 0.487437 0.056922 0.168863
0 0.971276 0.450848 0.056666 0.146915
0 0.919973 0.361689 0.043734 0.143105
0 0.76664 0.213505 0.036951 0.171242
2 0.08162 0.238541 0.035546 0.053782
2 0.284341 0.336227 0.089701 0.117074
2 0.23343 0.23467 0.059456 0.054538
2 0.237226 0.190855 0.039836 0.037927
1 0.254518 0.17454 0.044106 0.044561
2 0.260906 0.164104 0.042461 0.036006
0 0.765864 0.780237 0.133476 0.399057
0 0.628769 0.871616 0.100111 0.260165
0 0.371668 0.894905 0.098406 0.213846
0 0.201845 0.839776 0.131467 0.319059
