0 0.029496 0.241183 0.025468 0.149016
0 0.514843 0.866015 0.166735 0.270285
0 0.848281 0.835001 0.118134 0.279061
0 0.915672 0.710501 0.095147 0.233039
0 0.93093 0.610738 0.109691 0.211962
0 0.958732 0.552531 0.076076 0.192595
0 0.96933 0.502394 0.060559 0.1466
0 0.978563 0.444582 0.044669 0.133836
0 0.982819 0.397475 0.036058 0.115727
0 0.921776 0.36435 0.043868 0.154322
0 0.968555 0.465987 0.062109 0.136081
0 0.13227 0.113778 0.013858 0.070063
2 0.257716 0.639466 0.164185 0.210744
2 0.114695 0.251867 0.02801 0.036244
2 0.300109 0.351036 0.072525 0.078535
2 0.346352 0.309922 0.069118 0.063714
2 0.246421 0.142244 0.024891 0.018643
1 0.404021 0.229667 0.050166 0.059944
2 0.321241 0.192434 0.04653 0.041654
2 0.291596 0.214479 0.038471 0.041737
2 0.811064 0.510125 0.053008 0.091577
2 0.501412 0.284809 0.078099 0.064711
2 0.363779 0.205696 0.047167 0.040234
