0 0.054073 0.362613 0.046981 0.273975
0 0.341498 0.904562 0.154677 0.189333
0 0.859574 0.837816 0.159568 0.289268
0 0.915672 0.710501 0.095147 0.233039
0 0.930679 0.611388 0.110194 0.210661
0 0.959165 0.558655 0.07521 0.180348
0 0.96933 0.505519 0.060559 0.15285
0 0.978563 0.444582 0.044669 0.133836
0 0.982801 0.399137 0.033617 0.112837
0 0.919558 0.364067 0.042986 0.150092
0 0.973661 0.463805 0.050563 0.135757
0 0.140287 0.110537 0.016151 0.072976
1 0.250576 0.695951 0.165837 0.247606
2 0.150716 0.291717 0.037631 0.043418
1 0.688219 0.681903 0.090926 0.147171
1 0.715009 0.590448 0.111061 0.155349
1 0.851734 0.381814 0.027743 0.062888
2 0.229747 0.178559 0.038407 0.043657
1 0.845397 0.479079 0.03004 0.083927
2 0.199284 0.146893 0.023431 0.017844
1 0.186967 0.165351 0.025296 0.02478
2 0.435872 0.308151 0.082033 0.057889
1 0.831651 0.52795 0.032222 0.088918
0 0.864009 0.52979 0.089668 0.410982
