0 0.904687 0.716204 0.104167 0.323148
0 0.948787 0.606452 0.062819 0.198594
0 0.963566 0.534804 0.046522 0.167213
0 0.970844 0.490427 0.048485 0.14887
0 0.973517 0.448915 0.048572 0.132552
0 0.919697 0.363754 0.043671 0.146327
0 0.921061 0.298717 0.037182 0.169119
2 0.077218 0.234048 0.029621 0.045086
1 0.68482 0.67364 0.078673 0.17858
1 0.716703 0.58705 0.110344 0.185159
2 0.355903 0.221836 0.059896 0.0625
2 0.162723 0.152115 0.019255 0.02624
1 0.179374 0.141236 0.018388 0.026672
0 0.944919 0.336994 0.029978 0.163652
0 0.985453 0.40022 0.028314 0.114838
0 0.769931 0.796666 0.175874 0.409182
0 0.975457 0.39661 0.027464 0.079395
0 0.866599 0.846003 0.158396 0.302831
0 0.890503 0.29984 0.033781 0.125252
