0 0.904687 0.716204 0.104167 0.323148
0 0.948787 0.606452 0.062819 0.198594
0 0.963566 0.534804 0.046522 0.167213
0 0.970844 0.490427 0.048485 0.14887
0 0.978231 0.448568 0.039144 0.133247
0 0.919697 0.363754 0.043671 0.146327
0 0.921691 0.298941 0.035922 0.168671
2 0.074033 0.237723 0.02949 0.040828
1 0.689738 0.662219 0.062636 0.179376
1 0.710156 0.589815 0.123438 0.17963
2 0.354661 0.227946 0.051962 0.062626
2 0.162723 0.152115 0.019255 0.02624
1 0.179374 0.141236 0.018388 0.026672
0 0.95246 0.346976 0.034353 0.165977
0 0.985453 0.40022 0.028314 0.114838
0 0.774798 0.807881 0.175688 0.387522
0 0.977948 0.397951 0.031028 0.079787
0 0.866599 0.846003 0.158396 0.302831
0 0.891607 0.304721 0.035861 0.127505
