0 0.024466 0.18232 0.01624 0.086142
0 0.506098 0.869907 0.17296 0.263426
0 0.844671 0.832835 0.125355 0.283394
0 0.915672 0.710501 0.095147 0.233039
0 0.93093 0.610738 0.109691 0.211962
0 0.958732 0.552531 0.076076 0.192595
0 0.96933 0.501353 0.060559 0.144517
0 0.978563 0.444582 0.044669 0.133836
0 0.982819 0.397475 0.036058 0.115727
0 0.921776 0.36435 0.043868 0.154322
0 0.972783 0.467114 0.053653 0.133827
0 0.153746 0.103276 0.012735 0.075295
1 0.039568 0.210125 0.009737 0.032425
2 0.074842 0.206957 0.014144 0.027629
2 0.153355 0.227204 0.035227 0.034257
2 0.215026 0.226496 0.038209 0.035671
1 0.237764 0.119162 0.009108 0.034037
1 0.83951 0.503205 0.031398 0.096626
2 0.735219 0.494426 0.121892 0.085011
1 0.699102 0.411333 0.100841 0.063986
2 0.348865 0.196926 0.060335 0.03639
1 0.261474 0.196264 0.038039 0.035788
2 0.227944 0.185351 0.033212 0.030958
