0 0.904687 0.716204 0.104167 0.323148
0 0.948787 0.606452 0.062819 0.198594
0 0.969957 0.533585 0.059304 0.164775
0 0.950819 0.361769 0.039779 0.208333
0 0.972897 0.44671 0.049812 0.136961
0 0.919004 0.364468 0.043202 0.154065
0 0.920696 0.302074 0.032034 0.173676
2 0.188802 0.447882 0.061948 0.108726
2 0.169411 0.227938 0.0379 0.053885
2 0.236582 0.235797 0.049876 0.053358
2 0.213319 0.157225 0.025724 0.032434
2 0.194013 0.171136 0.031699 0.030619
2 0.158384 0.151545 0.016998 0.02557
0 0.982961 0.394681 0.033297 0.102305
0 0.986147 0.400953 0.026925 0.113372
0 0.793734 0.770948 0.125513 0.443727
0 0.897939 0.411175 0.032884 0.190972
0 0.87389 0.845183 0.151923 0.287433
0 0.899581 0.324356 0.032774 0.143293
