0 0.904167 0.710185 0.105208 0.335185
0 0.939941 0.521976 0.061421 0.297423
0 0.961882 0.55623 0.074977 0.227957
0 0.970123 0.487437 0.056922 0.168863
0 0.971276 0.450848 0.056666 0.146915
0 0.919416 0.361654 0.04485 0.143176
0 0.913688 0.290178 0.032869 0.163688
2 0.061686 0.210033 0.029261 0.036468
2 0.155964 0.226652 0.041429 0.064304
2 0.143645 0.191588 0.044603 0.042356
2 0.267134 0.208836 0.045298 0.044306
1 0.167179 0.149082 0.025476 0.041706
1 0.19525 0.149372 0.027847 0.039966
0 0.880993 0.450092 0.046657 0.29698
0 0.901289 0.486111 0.048472 0.234185
0 0.691884 0.893243 0.111545 0.212125
0 0.84409 0.597826 0.091146 0.450886
