0 0.057916 0.362989 0.050608 0.274022
0 0.506952 0.864514 0.17484 0.273946
0 0.84712 0.833331 0.120456 0.282402
0 0.915672 0.710501 0.095147 0.233039
0 0.930679 0.611388 0.110194 0.210661
0 0.958732 0.552531 0.076076 0.192595
0 0.96933 0.501353 0.060559 0.144517
0 0.978563 0.444582 0.044669 0.133836
0 0.982819 0.397475 0.036058 0.115727
0 0.91971 0.363151 0.042683 0.151924
0 0.973994 0.464977 0.05123 0.138101
0 0.140162 0.110647 0.014366 0.073175
1 0.46639 0.899069 0.078889 0.181469
1 0.158629 0.316185 0.043709 0.042692
1 0.155309 0.216513 0.02914 0.045453
2 0.214979 0.214043 0.02919 0.042899
2 0.299399 0.156567 0.034075 0.026014
2 0.265025 0.178865 0.036828 0.036698
2 0.229262 0.15166 0.035149 0.030673
1 0.48777 0.308697 0.081938 0.06713
2 0.492931 0.27474 0.067128 0.058411
2 0.326948 0.191988 0.042172 0.031795
2 0.235463 0.172004 0.03298 0.03501
