0 0.904167 0.710185 0.105208 0.335185
0 0.939941 0.521976 0.061421 0.297423
0 0.961882 0.55623 0.074977 0.227957
0 0.970123 0.487437 0.056922 0.168863
0 0.971276 0.450848 0.056666 0.146915
0 0.919416 0.361654 0.04485 0.143176
0 0.915192 0.294812 0.034203 0.168636
2 0.076746 0.228806 0.034591 0.03807
1 0.102013 0.178172 0.02007 0.026514
2 0.159736 0.182721 0.036064 0.040631
2 0.508841 0.32966 0.1123 0.071357
1 0.188399 0.155249 0.025945 0.035259
1 0.162169 0.145899 0.017261 0.027459
0 0.81982 0.24983 0.050073 0.162827
0 0.978057 0.36734 0.034106 0.175593
0 0.063853 0.662992 0.10233 0.475713
0 0.948244 0.363324 0.028339 0.143869
0 0.945958 0.344215 0.026759 0.147091
