0 0.904687 0.716204 0.104167 0.323148
0 0.948787 0.606452 0.062819 0.198594
0 0.969957 0.541224 0.059304 0.180053
0 0.970844 0.490427 0.048485 0.14887
0 0.978231 0.448568 0.039144 0.133247
0 0.919697 0.363754 0.043671 0.146327
0 0.920833 0.300675 0.03219 0.172363
2 0.080342 0.249091 0.031219 0.049769
2 0.465037 0.506848 0.145138 0.14685
2 0.498816 0.404391 0.149084 0.115182
2 0.317135 0.1927 0.04599 0.036348
2 0.152024 0.15162 0.015005 0.022029
1 0.172924 0.139257 0.014335 0.024635
0 0.971885 0.365514 0.031471 0.158446
0 0.986147 0.400953 0.026925 0.113372
0 0.768428 0.769669 0.160018 0.459273
0 0.984648 0.392668 0.029192 0.08832
0 0.864118 0.846554 0.163356 0.301729
0 0.918636 0.328591 0.028582 0.133469
