0 0.033375 0.203544 0.019756 0.110153
0 0.506098 0.869907 0.17296 0.263426
0 0.844671 0.832835 0.125355 0.283394
0 0.915672 0.710501 0.095147 0.233039
0 0.93093 0.610738 0.109691 0.211962
0 0.95998 0.551597 0.078571 0.190727
0 0.96933 0.503436 0.060559 0.148684
0 0.97854 0.44174 0.044715 0.139519
0 0.981027 0.399202 0.039642 0.112273
0 0.921776 0.36435 0.043868 0.154322
0 0.973844 0.470645 0.05153 0.126765
0 0.154049 0.100616 0.012581 0.073213
2 0.044495 0.240788 0.01358 0.044209
1 0.093886 0.23543 0.018637 0.050391
2 0.121695 0.18796 0.024578 0.028941
1 0.117128 0.165512 0.011196 0.033515
2 0.242464 0.123225 0.029038 0.026206
2 0.649762 0.440868 0.096146 0.049976
2 0.311324 0.224591 0.0679 0.050818
1 0.378878 0.272183 0.023494 0.080635
1 0.643961 0.346996 0.102866 0.091597
1 0.195201 0.179523 0.04034 0.03635
1 0.169478 0.145919 0.012904 0.032237
