0 0.06172 0.408789 0.058664 0.327505
0 0.505029 0.871941 0.167085 0.259539
0 0.844994 0.832436 0.124709 0.284191
0 0.917055 0.720291 0.092382 0.213458
0 0.936109 0.610711 0.099333 0.212017
0 0.95998 0.551597 0.078571 0.190727
0 0.970508 0.493645 0.053709 0.140304
0 0.97872 0.446458 0.044356 0.130084
0 0.980161 0.420504 0.036744 0.115489
0 0.921156 0.365284 0.039023 0.155319
0 0.971603 0.454519 0.041783 0.139988
0 0.263511 0.072546 0.012977 0.079923
2 0.234854 0.676998 0.124042 0.214059
2 0.303139 0.499894 0.113405 0.15962
2 0.288954 0.33991 0.057147 0.098508
2 0.353037 0.301619 0.062027 0.059578
2 0.547847 0.225713 0.053658 0.041567
1 0.168178 0.141939 0.00789 0.028367
1 0.152039 0.147082 0.008936 0.02662
2 0.178964 0.151648 0.010324 0.035088
2 0.315981 0.228203 0.050166 0.039206
2 0.194836 0.143257 0.021941 0.019101
2 0.275456 0.176925 0.048563 0.03944
