0 0.904687 0.716204 0.104167 0.323148
0 0.948787 0.606452 0.062819 0.198594
0 0.969957 0.541224 0.059304 0.180053
0 0.934928 0.363991 0.043636 0.213076
0 0.97131 0.449638 0.048582 0.134804
0 0.919462 0.365605 0.044347 0.147876
0 0.918349 0.302039 0.037392 0.173213
2 0.340346 0.662922 0.163439 0.223953
2 0.138648 0.20796 0.029659 0.046446
2 0.203637 0.211495 0.042041 0.041102
2 0.19626 0.150035 0.02553 0.029029
2 0.257033 0.203831 0.040743 0.037742
1 0.176199 0.158745 0.022697 0.030793
0 0.949695 0.370088 0.033155 0.199526
0 0.980968 0.401659 0.037283 0.11196
0 0.793598 0.768022 0.133922 0.453307
0 0.878488 0.44489 0.036556 0.089869
0 0.87389 0.845183 0.151923 0.287433
0 0.880309 0.323486 0.033094 0.100329
