0 0.147703 0.597551 0.110843 0.494133
0 0.364612 0.922214 0.140307 0.154182
0 0.858274 0.858817 0.139678 0.259891
0 0.915672 0.710501 0.095147 0.233039
0 0.930679 0.611388 0.110194 0.210661
0 0.959165 0.558655 0.07521 0.180348
0 0.96933 0.501353 0.060559 0.144517
0 0.978563 0.444582 0.044669 0.133836
0 0.9822 0.397584 0.034819 0.115944
0 0.919558 0.364067 0.042986 0.150092
0 0.973661 0.463805 0.050563 0.135757
0 0.140287 0.110537 0.016151 0.072976
1 0.42557 0.938744 0.071517 0.121123
1 0.248982 0.403349 0.092258 0.109969
1 0.630246 0.654054 0.164475 0.137205
1 0.710577 0.604175 0.069732 0.142922
1 0.84715 0.388135 0.02852 0.083105
1 0.14465 0.152567 0.01176 0.039025
1 0.815633 0.510706 0.070394 0.10706
1 0.296379 0.179507 0.0402 0.039858
1 0.158071 0.149495 0.010893 0.035636
2 0.230188 0.189147 0.037989 0.032051
2 0.586089 0.380516 0.086774 0.069408
