0 0.904687 0.716204 0.104167 0.323148
0 0.948787 0.606452 0.062819 0.198594
0 0.968851 0.535784 0.05709 0.169173
0 0.959953 0.353374 0.036294 0.188375
0 0.97131 0.449974 0.048582 0.134804
0 0.919462 0.365605 0.044347 0.147876
0 0.919787 0.301452 0.033381 0.17371
1 0.461155 0.884259 0.128906 0.219136
2 0.11318 0.188728 0.029548 0.039387
2 0.172968 0.196018 0.039518 0.046206
1 0.171363 0.147868 0.020601 0.03237
2 0.484021 0.31954 0.10313 0.082431
2 0.22258 0.179179 0.050695 0.041301
0 0.914653 0.444214 0.058378 0.160158
0 0.980849 0.39933 0.037521 0.116617
0 0.773713 0.76036 0.12879 0.446872
0 0.873789 0.447801 0.039207 0.120695
0 0.874231 0.840129 0.15124 0.297542
1 0.879815 0.351588 0.038573 0.131732
