0 0.057239 0.366355 0.046459 0.278402
0 0.500314 0.869662 0.169662 0.26344
0 0.844994 0.832436 0.124709 0.284191
0 0.915917 0.720441 0.094658 0.213158
0 0.936109 0.610711 0.099333 0.212017
0 0.95998 0.551597 0.078571 0.190727
0 0.96933 0.503436 0.060559 0.148684
0 0.978428 0.443348 0.044939 0.136302
0 0.981027 0.397129 0.039642 0.116419
0 0.918733 0.365782 0.043868 0.154322
0 0.971224 0.463082 0.050354 0.140529
0 0.236778 0.073098 0.014726 0.080058
1 0.18458 0.555067 0.091777 0.187088
2 0.242032 0.43156 0.085894 0.123307
2 0.236946 0.295449 0.058139 0.070213
2 0.307961 0.275672 0.063766 0.058378
2 0.504896 0.209929 0.055283 0.048733
1 0.168231 0.142389 0.007331 0.022605
1 0.148195 0.147246 0.008936 0.02662
1 0.170929 0.14472 0.009173 0.024783
2 0.325781 0.240972 0.049219 0.034722
1 0.188194 0.139899 0.020366 0.020454
2 0.265453 0.17321 0.045423 0.033253
