0 0.15446 0.597116 0.095024 0.493046
0 0.356266 0.922277 0.128067 0.158539
0 0.84712 0.833331 0.120456 0.282402
0 0.915672 0.710501 0.095147 0.233039
0 0.930679 0.611388 0.110194 0.210661
0 0.961206 0.558655 0.071129 0.180348
0 0.96933 0.503436 0.060559 0.148684
0 0.978563 0.444582 0.044669 0.133836
0 0.9822 0.397584 0.034819 0.115944
0 0.919558 0.364067 0.042986 0.150092
0 0.973661 0.463805 0.050563 0.135757
0 0.140666 0.109507 0.015393 0.075035
1 0.402338 0.931343 0.098449 0.135925
1 0.602821 0.808911 0.071686 0.163661
2 0.2248 0.29154 0.056068 0.061592
2 0.303185 0.285077 0.059778 0.053792
2 0.855412 0.419183 0.044158 0.047303
1 0.142715 0.155925 0.011251 0.037614
1 0.467649 0.29016 0.070637 0.06027
1 0.539194 0.29864 0.074102 0.087765
1 0.171054 0.147729 0.011465 0.032965
2 0.161047 0.158378 0.018814 0.024784
1 0.287373 0.214966 0.046304 0.045256
