0 0.018039 0.198792 0.020093 0.098059
0 0.509901 0.870491 0.168935 0.261333
0 0.844671 0.832835 0.125355 0.283394
0 0.915672 0.710501 0.095147 0.233039
0 0.93093 0.610738 0.109691 0.211962
0 0.958732 0.552531 0.076076 0.192595
0 0.966998 0.502173 0.055895 0.146157
0 0.978563 0.444582 0.044669 0.133836
0 0.982819 0.397475 0.036058 0.115727
0 0.921776 0.36435 0.043868 0.154322
0 0.972783 0.467114 0.053653 0.133827
0 0.117071 0.119547 0.01343 0.07716
1 0.103816 0.374204 0.034102 0.085931
2 0.090971 0.221707 0.02442 0.035053
1 0.696583 0.699937 0.062998 0.1742
1 0.715784 0.600566 0.112847 0.174897
1 0.192902 0.136222 0.008862 0.029045
2 0.773384 0.476339 0.064872 0.057616
1 0.461322 0.275802 0.079588 0.084639
2 0.198989 0.172029 0.0365 0.038375
2 0.810547 0.503472 0.075335 0.068893
1 0.827162 0.54998 0.03945 0.127686
2 0.579878 0.3078 0.088574 0.06056
