0 0.905252 0.715509 0.103038 0.324537
0 0.945566 0.524105 0.051129 0.29469
0 0.968487 0.537861 0.052209 0.166266
0 0.972249 0.488699 0.054037 0.146735
0 0.978168 0.449569 0.039269 0.131243
0 0.920216 0.363041 0.042633 0.148737
0 0.919791 0.298552 0.034894 0.168183
2 0.100023 0.273298 0.036709 0.062157
1 0.641539 0.688398 0.103861 0.210283
2 0.140564 0.176175 0.034456 0.035991
1 0.860465 0.476523 0.029017 0.060417
1 0.829312 0.460632 0.031863 0.065652
2 0.786794 0.487877 0.083112 0.124497
0 0.820561 0.250706 0.047835 0.15831
0 0.985617 0.40087 0.027985 0.113538
0 0.08777 0.62503 0.079695 0.412431
0 0.942135 0.343838 0.020524 0.130355
0 0.10484 0.758269 0.129944 0.48561
0 0.882295 0.293737 0.031936 0.136674
