0 0.904167 0.710185 0.105208 0.335185
0 0.939941 0.521976 0.061421 0.297423
0 0.961882 0.55623 0.074977 0.227957
0 0.970123 0.487437 0.056922 0.168863
0 0.971276 0.450848 0.056666 0.146915
0 0.919416 0.361654 0.04485 0.143176
0 0.914331 0.294549 0.035924 0.169163
2 0.061747 0.219622 0.021888 0.032562
1 0.111849 0.185919 0.028543 0.031082
2 0.129919 0.168752 0.029197 0.028915
2 0.41754 0.287517 0.097656 0.087229
2 0.16728 0.159069 0.028445 0.029786
1 0.162304 0.14521 0.01657 0.028234
0 0.880682 0.290404 0.036347 0.175282
0 0.961181 0.377737 0.039098 0.196492
0 0.097049 0.732308 0.124752 0.536199
0 0.961124 0.37538 0.040578 0.142697
0 0.978634 0.385173 0.031773 0.130102
