0 0.020914 0.185109 0.012468 0.088809
0 0.507888 0.869444 0.17296 0.263426
0 0.844671 0.832835 0.125355 0.283394
0 0.915672 0.710501 0.095147 0.233039
0 0.93093 0.610738 0.109691 0.211962
0 0.958732 0.552531 0.076076 0.192595
0 0.96933 0.506561 0.060559 0.154934
0 0.978563 0.444582 0.044669 0.133836
0 0.982819 0.397475 0.036058 0.115727
0 0.921776 0.36435 0.043868 0.154322
0 0.972783 0.467114 0.053653 0.133827
0 0.116399 0.120827 0.012087 0.079721
1 0.060628 0.269143 0.014451 0.048811
1 0.073431 0.188577 0.009034 0.031306
1 0.689778 0.686376 0.066935 0.183286
1 0.731342 0.606796 0.095853 0.133027
1 0.191798 0.132309 0.007551 0.021563
1 0.836053 0.497938 0.033864 0.103774
1 0.800546 0.487195 0.034015 0.114889
2 0.192423 0.143369 0.020358 0.014515
2 0.748054 0.457513 0.060986 0.048479
1 0.679772 0.462963 0.069916 0.101651
1 0.855778 0.481801 0.02727 0.110063
