0 0.037784 0.217304 0.023611 0.130797
0 0.506098 0.869907 0.17296 0.263426
0 0.842777 0.833586 0.129142 0.281891
0 0.915672 0.710501 0.095147 0.233039
0 0.93093 0.610738 0.109691 0.211962
0 0.95998 0.551597 0.078571 0.190727
0 0.96933 0.502394 0.060559 0.1466
0 0.97854 0.44174 0.044715 0.139519
0 0.981027 0.399202 0.039642 0.112273
0 0.921776 0.36435 0.043868 0.154322
0 0.974286 0.46705 0.050647 0.133955
0 0.154049 0.100616 0.012581 0.073213
2 0.052195 0.249475 0.016541 0.042825
2 0.098956 0.241226 0.022513 0.040999
1 0.095933 0.177764 0.012304 0.039106
2 0.134484 0.171386 0.023031 0.030554
2 0.267859 0.130631 0.033052 0.035564
2 0.484582 0.336424 0.089586 0.055921
2 0.254703 0.193958 0.047449 0.042203
2 0.310811 0.221277 0.06275 0.057261
2 0.817429 0.467767 0.077691 0.10503
1 0.184272 0.171143 0.031536 0.030148
1 0.182969 0.143036 0.025682 0.024072
