0 0.905252 0.715509 0.103038 0.324537
0 0.944327 0.52433 0.053605 0.29424
0 0.968487 0.537861 0.052209 0.166266
0 0.971867 0.482439 0.053711 0.134215
0 0.978065 0.442041 0.039062 0.116186
0 0.920237 0.364471 0.042591 0.146505
0 0.920267 0.297998 0.035846 0.167075
2 0.379594 0.715294 0.181932 0.245183
2 0.347155 0.437378 0.105768 0.101608
2 0.222656 0.221631 0.048205 0.054177
1 0.856153 0.475924 0.028797 0.064704
1 0.81558 0.50282 0.031863 0.092672
1 0.559809 0.358758 0.090451 0.075694
0 0.828575 0.252963 0.048378 0.161452
0 0.98587 0.399475 0.027479 0.116327
0 0.067346 0.687796 0.093483 0.472051
0 0.949125 0.330683 0.035344 0.155205
0 0.098599 0.759314 0.134053 0.479982
0 0.881928 0.295043 0.033451 0.13275
