0 0.028644 0.194718 0.017871 0.102829
0 0.506098 0.869907 0.17296 0.263426
0 0.844671 0.832835 0.125355 0.283394
0 0.915672 0.710501 0.095147 0.233039
0 0.93093 0.610738 0.109691 0.211962
0 0.95998 0.551597 0.078571 0.190727
0 0.96933 0.5017 0.060559 0.145211
0 0.97854 0.44174 0.044715 0.139519
0 0.981027 0.399202 0.039642 0.112273
0 0.921776 0.36435 0.043868 0.154322
0 0.973763 0.465757 0.051693 0.136541
0 0.154049 0.100616 0.012581 0.073213
2 0.045977 0.230741 0.016962 0.045055
1 0.086809 0.230101 0.023235 0.049995
2 0.142554 0.21677 0.032254 0.034663
2 0.134889 0.169612 0.02736 0.032967
2 0.23577 0.127876 0.023943 0.02872
1 0.8065 0.498163 0.086404 0.100014
1 0.377907 0.277654 0.024922 0.087092
1 0.418014 0.277469 0.026945 0.083767
1 0.512973 0.275975 0.084658 0.067194
1 0.207132 0.18566 0.014238 0.042834
2 0.174241 0.153386 0.021864 0.025144
