0 0.904687 0.716204 0.104167 0.323148
0 0.948787 0.606452 0.062819 0.198594
0 0.969957 0.538099 0.059304 0.173803
0 0.940136 0.425763 0.071529 0.271356
0 0.973517 0.447261 0.048572 0.135859
0 0.919004 0.364468 0.043202 0.154065
0 0.920696 0.302074 0.032034 0.173676
2 0.148112 0.38323 0.053168 0.090021
2 0.186006 0.249796 0.04205 0.064134
2 0.26683 0.256217 0.051367 0.049127
2 0.224672 0.162634 0.032006 0.033154
2 0.175249 0.16198 0.02467 0.025118
1 0.162713 0.143253 0.016262 0.022074
0 0.981101 0.3953 0.030247 0.103323
0 0.986147 0.400953 0.026925 0.113372
0 0.793626 0.769539 0.133061 0.459533
0 0.927194 0.385916 0.027819 0.156827
0 0.871862 0.849443 0.147868 0.295952
0 0.914643 0.32944 0.022949 0.14042
