0 0.905252 0.715509 0.103038 0.324537
0 0.945566 0.524105 0.051129 0.29469
0 0.968487 0.537861 0.052209 0.166266
0 0.972249 0.488699 0.054037 0.146735
0 0.978168 0.449569 0.039269 0.131243
0 0.920216 0.363041 0.042633 0.148737
0 0.919791 0.298552 0.034894 0.168183
2 0.101941 0.287329 0.041555 0.071572
1 0.646421 0.681004 0.078125 0.222894
2 0.126163 0.175872 0.031637 0.033319
1 0.857118 0.479315 0.024422 0.061854
1 0.82184 0.455247 0.03649 0.064015
1 0.812918 0.51126 0.030864 0.077732
0 0.827184 0.240826 0.050509 0.182506
0 0.985617 0.40087 0.027985 0.113538
0 0.072538 0.617914 0.081342 0.432649
0 0.943775 0.343923 0.029871 0.134175
0 0.10528 0.764326 0.129064 0.473496
0 0.881646 0.29836 0.032876 0.126006
