0 0.020999 0.183341 0.012298 0.092347
0 0.510493 0.869213 0.17296 0.263426
0 0.844671 0.832835 0.125355 0.283394
0 0.915672 0.710501 0.095147 0.233039
0 0.93093 0.610738 0.109691 0.211962
0 0.958732 0.552531 0.076076 0.192595
0 0.966998 0.502173 0.055895 0.146157
0 0.978563 0.444582 0.044669 0.133836
0 0.982819 0.397475 0.036058 0.115727
0 0.921776 0.36435 0.043868 0.154322
0 0.972783 0.467114 0.053653 0.133827
0 0.116462 0.119608 0.01413 0.076007
1 0.060385 0.251077 0.013779 0.036523
1 0.06675 0.188933 0.010271 0.03205
1 0.647006 0.695572 0.135778 0.152166
1 0.703524 0.575551 0.122326 0.152424
1 0.237526 0.120057 0.014097 0.041588
1 0.861346 0.481764 0.024248 0.096752
1 0.843447 0.513096 0.028231 0.103533
1 0.827156 0.509032 0.032211 0.103116
1 0.23894 0.151542 0.040386 0.025555
1 0.52395 0.319736 0.061784 0.062283
2 0.451962 0.317227 0.070247 0.051487
