0 0.905252 0.715509 0.103038 0.324537
0 0.945566 0.524105 0.051129 0.29469
0 0.968487 0.537861 0.052209 0.166266
0 0.972249 0.488699 0.054037 0.146735
0 0.978168 0.449569 0.039269 0.131243
0 0.919985 0.364163 0.043095 0.146494
0 0.919791 0.298552 0.034894 0.168183
2 0.080057 0.258947 0.036457 0.065172
2 0.65525 0.738059 0.077649 0.109248
2 0.171285 0.193236 0.042467 0.036431
1 0.80578 0.492235 0.044849 0.088762
2 0.823383 0.468666 0.059357 0.065754
2 0.556249 0.304468 0.092761 0.072568
0 0.822401 0.251411 0.048045 0.165627
0 0.985617 0.40087 0.027985 0.113538
0 0.097733 0.668363 0.114032 0.44925
0 0.945338 0.339684 0.032124 0.137518
0 0.104345 0.761435 0.12881 0.475741
0 0.875051 0.297652 0.033923 0.128381
