0 0.127423 0.542027 0.086187 0.450971
0 0.506952 0.864514 0.17484 0.273946
0 0.84712 0.833331 0.120456 0.282402
0 0.915672 0.710501 0.095147 0.233039
0 0.930679 0.611388 0.110194 0.210661
0 0.958732 0.552531 0.076076 0.192595
0 0.96933 0.503436 0.060559 0.148684
0 0.978563 0.444582 0.044669 0.133836
0 0.9822 0.397584 0.034819 0.115944
0 0.91971 0.363151 0.042683 0.151924
0 0.973661 0.463805 0.050563 0.135757
0 0.138291 0.110787 0.015393 0.075035
1 0.465147 0.925004 0.073647 0.152267
2 0.183183 0.348014 0.065802 0.078883
1 0.12238 0.195486 0.021403 0.03623
1 0.176116 0.188844 0.026002 0.033231
2 0.352205 0.171145 0.034893 0.031498
2 0.226609 0.16093 0.029738 0.028231
2 0.185222 0.140065 0.019971 0.018952
2 0.60567 0.415854 0.101586 0.073277
2 0.385452 0.217424 0.055862 0.042204
2 0.286434 0.175177 0.039255 0.02892
2 0.197778 0.15343 0.026676 0.018627
