0 0.02258 0.182902 0.01182 0.084563
0 0.510493 0.869213 0.17296 0.263426
0 0.844671 0.832835 0.125355 0.283394
0 0.915672 0.710501 0.095147 0.233039
0 0.93093 0.610738 0.109691 0.211962
0 0.958732 0.552531 0.076076 0.192595
0 0.96933 0.503436 0.060559 0.148684
0 0.978563 0.444582 0.044669 0.133836
0 0.982819 0.397475 0.036058 0.115727
0 0.921776 0.36435 0.043868 0.154322
0 0.972783 0.467114 0.053653 0.133827
0 0.155127 0.101103 0.013947 0.07423
1 0.045868 0.214583 0.011074 0.037655
2 0.072676 0.198795 0.009687 0.027015
2 0.204375 0.288192 0.055126 0.044315
2 0.3003 0.27063 0.08485 0.068115
1 0.237445 0.117891 0.011158 0.033515
1 0.851523 0.494799 0.029042 0.095541
1 0.812137 0.537765 0.031313 0.109057
2 0.796365 0.470713 0.085258 0.083937
2 0.317974 0.184748 0.051986 0.039454
2 0.309274 0.208404 0.047684 0.051299
1 0.252923 0.203529 0.03822 0.038639
