0 0.904687 0.716204 0.104167 0.323148
0 0.948787 0.606452 0.062819 0.198594
0 0.963566 0.534804 0.046522 0.167213
0 0.970844 0.490427 0.048485 0.14887
0 0.978231 0.448568 0.039144 0.133247
0 0.919697 0.363754 0.043671 0.146327
0 0.921238 0.298404 0.036827 0.169744
2 0.070028 0.231753 0.024307 0.042914
1 0.675045 0.689901 0.077868 0.193448
1 0.720662 0.591842 0.089736 0.178106
2 0.350858 0.218713 0.027552 0.049495
1 0.159836 0.143015 0.01843 0.026888
2 0.182681 0.143476 0.024154 0.029242
0 0.875984 0.290243 0.038935 0.159076
0 0.985453 0.40022 0.028314 0.114838
0 0.742885 0.779156 0.147824 0.4403
0 0.963502 0.371293 0.027559 0.12483
0 0.866599 0.846003 0.158396 0.302831
0 0.891864 0.299458 0.031059 0.126016
