0 0.904687 0.716204 0.104167 0.323148
0 0.948787 0.606452 0.062819 0.198594
0 0.963566 0.534804 0.046522 0.167213
0 0.970844 0.490427 0.048485 0.14887
0 0.972897 0.447261 0.049812 0.135859
0 0.919697 0.363754 0.043671 0.146327
0 0.922124 0.299369 0.037904 0.168041
2 0.064435 0.22446 0.027282 0.042989
1 0.679075 0.700373 0.076007 0.174709
1 0.733259 0.594935 0.094643 0.175055
1 0.354987 0.211825 0.031346 0.07172
2 0.168235 0.14987 0.01843 0.026888
1 0.194463 0.145682 0.024748 0.033428
0 0.833065 0.258987 0.030561 0.161765
0 0.985453 0.40022 0.028314 0.114838
0 0.744534 0.780274 0.195765 0.442537
0 0.941981 0.341503 0.023208 0.127451
0 0.866599 0.846003 0.158396 0.302831
0 0.889591 0.292892 0.037454 0.14134
