0 0.904167 0.710185 0.105208 0.335185
0 0.939941 0.521976 0.061421 0.297423
0 0.957894 0.549129 0.067 0.213756
0 0.970123 0.487437 0.056922 0.168863
0 0.971276 0.450848 0.056666 0.146915
0 0.919367 0.36012 0.043494 0.140278
0 0.91363 0.29057 0.034357 0.16153
2 0.080716 0.240121 0.033297 0.048238
1 0.095761 0.175065 0.013531 0.02818
2 0.204697 0.211595 0.052288 0.040623
2 0.708008 0.450746 0.120443 0.097737
1 0.224772 0.170465 0.029237 0.034778
1 0.169201 0.14648 0.015261 0.032109
0 0.822467 0.244472 0.048606 0.176443
0 0.98718 0.367723 0.024859 0.154832
0 0.085789 0.65976 0.100123 0.484493
0 0.958937 0.357516 0.022768 0.119018
0 0.940118 0.339168 0.022954 0.132088
