0 0.905021 0.718475 0.103499 0.318605
0 0.932187 0.589848 0.068793 0.173711
0 0.963566 0.534804 0.046522 0.167213
0 0.970839 0.488887 0.056857 0.146358
0 0.973827 0.450017 0.047952 0.130347
0 0.919697 0.363754 0.043671 0.146327
0 0.92134 0.298291 0.035368 0.170356
1 0.053961 0.201031 0.013544 0.026875
1 0.676629 0.704134 0.095991 0.173342
1 0.719836 0.558712 0.047209 0.146687
1 0.465128 0.25805 0.072868 0.079424
2 0.173035 0.147513 0.022947 0.025107
2 0.242342 0.159098 0.033068 0.022863
0 0.820312 0.247503 0.04907 0.159263
0 0.985453 0.40022 0.028314 0.114838
0 0.148073 0.775244 0.138988 0.452297
0 0.946225 0.34222 0.022258 0.129953
0 0.861042 0.847307 0.143388 0.27185
0 0.883991 0.289974 0.03535 0.146063
