0 0.053049 0.269708 0.033289 0.190148
0 0.501798 0.869129 0.16558 0.264603
0 0.844994 0.832436 0.124709 0.284191
0 0.915672 0.710501 0.095147 0.233039
0 0.929423 0.609706 0.112705 0.214025
0 0.95998 0.551597 0.078571 0.190727
0 0.96933 0.500658 0.060559 0.143128
0 0.97871 0.44023 0.044376 0.142538
0 0.981027 0.399202 0.039642 0.112273
0 0.920279 0.365139 0.043868 0.154322
0 0.974286 0.46705 0.050647 0.133955
0 0.15407 0.100009 0.012539 0.074428
2 0.079977 0.313811 0.031326 0.070498
2 0.125455 0.282585 0.032026 0.044951
1 0.118943 0.191335 0.020688 0.033997
2 0.170556 0.194156 0.032489 0.032142
2 0.331829 0.149283 0.032826 0.022267
2 0.249156 0.204886 0.047456 0.04334
2 0.158309 0.15416 0.025864 0.028395
2 0.191363 0.172329 0.027831 0.02839
1 0.77872 0.502166 0.095616 0.075663
2 0.1667 0.145863 0.01936 0.017045
2 0.207435 0.152702 0.031518 0.023273
