0 0.155579 0.600869 0.092785 0.48554
0 0.319944 0.78602 0.124263 0.4304
0 0.84712 0.833331 0.120456 0.282402
0 0.915672 0.710501 0.095147 0.233039
0 0.930679 0.611388 0.110194 0.210661
0 0.960623 0.558655 0.072295 0.180348
0 0.96933 0.504478 0.060559 0.150767
0 0.978563 0.444582 0.044669 0.133836
0 0.9822 0.397584 0.034819 0.115944
0 0.919558 0.364067 0.042986 0.150092
0 0.973661 0.463805 0.050563 0.135757
0 0.140666 0.109507 0.015393 0.075035
1 0.4126 0.914443 0.113526 0.173619
1 0.545472 0.734859 0.151764 0.163615
1 0.120739 0.213068 0.022727 0.036616
2 0.134314 0.176986 0.020192 0.02956
2 0.676248 0.328873 0.061812 0.052886
1 0.15171 0.147673 0.008654 0.031205
2 0.208297 0.173349 0.028264 0.024695
1 0.81901 0.539352 0.038021 0.121296
2 0.185899 0.146423 0.019824 0.020585
1 0.172948 0.143696 0.008847 0.027285
2 0.144434 0.157877 0.014932 0.023197
