0 0.905252 0.715509 0.103038 0.324537
0 0.945566 0.524105 0.051129 0.29469
0 0.968487 0.537861 0.052209 0.166266
0 0.972249 0.488699 0.054037 0.146735
0 0.978168 0.449569 0.039269 0.131243
0 0.919985 0.364163 0.043095 0.146494
0 0.920282 0.298907 0.035877 0.168893
2 0.072867 0.243522 0.029456 0.053079
1 0.6601 0.709497 0.078092 0.171799
2 0.223263 0.222105 0.053745 0.055484
1 0.808163 0.492946 0.045214 0.097878
2 0.548361 0.309201 0.095016 0.076043
2 0.455452 0.249212 0.076463 0.054177
0 0.825789 0.251174 0.046199 0.1632
0 0.985617 0.40087 0.027985 0.113538
0 0.069232 0.671322 0.094573 0.447766
0 0.944176 0.342616 0.033283 0.134637
0 0.146759 0.795611 0.101591 0.410203
0 0.881141 0.297471 0.033815 0.134743
