0 0.021123 0.183995 0.012468 0.088809
0 0.509901 0.870491 0.168935 0.261333
0 0.844671 0.832835 0.125355 0.283394
0 0.915672 0.710501 0.095147 0.233039
0 0.93093 0.610738 0.109691 0.211962
0 0.958732 0.552531 0.076076 0.192595
0 0.96933 0.501353 0.060559 0.144517
0 0.978563 0.444582 0.044669 0.133836
0 0.982819 0.397475 0.036058 0.115727
0 0.921776 0.36435 0.043868 0.154322
0 0.972783 0.467114 0.053653 0.133827
0 0.116633 0.119212 0.012555 0.076492
2 0.062366 0.285816 0.020647 0.048913
2 0.074488 0.199022 0.015007 0.027365
1 0.696722 0.68408 0.064154 0.155925
1 0.728329 0.588615 0.113826 0.143734
2 0.227076 0.122279 0.021997 0.023657
1 0.848865 0.503118 0.028417 0.102613
1 0.803956 0.47029 0.041044 0.132264
1 0.159954 0.145988 0.009104 0.028295
1 0.832901 0.513675 0.035689 0.099964
1 0.815862 0.5481 0.033778 0.111658
1 0.859153 0.483919 0.023251 0.095348
