0 0.905252 0.715509 0.103038 0.324537
0 0.945566 0.524105 0.051129 0.29469
0 0.968487 0.537861 0.052209 0.166266
0 0.971769 0.487233 0.054997 0.149665
0 0.978168 0.449569 0.039269 0.131243
0 0.919985 0.364163 0.043095 0.146494
0 0.920282 0.298907 0.035877 0.168893
2 0.075728 0.24298 0.036548 0.061627
1 0.662526 0.71161 0.081197 0.149813
2 0.202079 0.213153 0.04675 0.045272
2 0.808376 0.507063 0.052203 0.084774
1 0.618255 0.339445 0.092339 0.088858
2 0.468621 0.255366 0.072762 0.057813
0 0.827413 0.253131 0.046493 0.158732
0 0.985617 0.40087 0.027985 0.113538
0 0.062978 0.650887 0.082066 0.406896
0 0.943626 0.335178 0.031855 0.149139
0 0.10913 0.765775 0.119241 0.465658
0 0.882003 0.294262 0.033103 0.137289
