0 0.030475 0.202398 0.018738 0.111473
0 0.506098 0.869907 0.17296 0.263426
0 0.844671 0.832835 0.125355 0.283394
0 0.915672 0.710501 0.095147 0.233039
0 0.93093 0.610738 0.109691 0.211962
0 0.95998 0.551597 0.078571 0.190727
0 0.96933 0.506561 0.060559 0.154934
0 0.97854 0.44174 0.044715 0.139519
0 0.981027 0.399202 0.039642 0.112273
0 0.921776 0.36435 0.043868 0.154322
0 0.975437 0.467741 0.048344 0.132573
0 0.154049 0.100616 0.012581 0.073213
1 0.047243 0.219169 0.012618 0.040971
2 0.087533 0.22536 0.030158 0.037464
2 0.115145 0.195805 0.025271 0.027412
2 0.131151 0.164877 0.018601 0.02227
2 0.227172 0.126085 0.02228 0.023286
1 0.759055 0.50482 0.042047 0.09661
2 0.368188 0.267277 0.040422 0.048107
1 0.401868 0.274094 0.022259 0.076612
2 0.549641 0.298839 0.09574 0.068475
1 0.207115 0.186102 0.014238 0.042834
2 0.171692 0.152193 0.021864 0.025144
