0 0.904687 0.716204 0.104167 0.323148
0 0.948787 0.606452 0.062819 0.198594
0 0.969957 0.537404 0.059304 0.172414
0 0.949695 0.335705 0.029726 0.178862
0 0.97131 0.449638 0.048582 0.134804
0 0.918559 0.364971 0.045793 0.150859
0 0.918144 0.302077 0.037107 0.173137
2 0.248444 0.535546 0.12745 0.1742
2 0.152119 0.218301 0.034497 0.048741
2 0.210182 0.22659 0.054672 0.051289
2 0.210249 0.155045 0.026653 0.024061
2 0.224842 0.187149 0.040656 0.033558
1 0.160896 0.15503 0.019671 0.028694
0 0.982801 0.372692 0.033617 0.144894
0 0.986147 0.400953 0.026925 0.113372
0 0.795054 0.769499 0.131009 0.450354
0 0.872142 0.442751 0.035061 0.095528
0 0.87389 0.845183 0.151923 0.287433
0 0.883194 0.322663 0.032774 0.116192
