1 0.719076 0.471296 0.070964 0.178241
2 0.691406 0.447569 0.106771 0.126157
1 0.361003 0.350347 0.037109 0.100694
1 0.288086 0.637384 0.070964 0.128472
1 0.243164 0.560995 0.038411 0.123843
1 0.13151 0.38912 0.028646 0.087963
2 0.598307 0.33125 0.102865 0.083333
2 0.69043 0.282639 0.068359 0.050926
2 0.790039 0.285532 0.055339 0.040509
2 0.838867 0.215509 0.042318 0.032407
1 0.651479 0.180369 0.041422 0.032625
1 0.684511 0.174776 0.020449 0.045675
1 0.711121 0.115818 0.023333 0.027498
1 0.918362 0.214625 0.012584 0.03682
