0 0.16307 0.443948 0.079365 0.190146
1 0.137381 0.392538 0.024497 0.071798
1 0.152609 0.393126 0.022511 0.077684
1 0.172802 0.424612 0.033766 0.085334
2 0.37253 0.478962 0.156824 0.126634
2 0.52045 0.355392 0.082721 0.061275
2 0.441464 0.527982 0.136144 0.138889
1 0.477654 0.558109 0.084444 0.199142
1 0.416762 0.74857 0.198185 0.214461
2 0.440602 0.305351 0.074678 0.077614
2 0.551471 0.276246 0.095358 0.074551
2 0.668945 0.212524 0.048828 0.046695
2 0.673491 0.273587 0.049165 0.040709
2 0.722151 0.264308 0.038726 0.042505
2 0.774951 0.170985 0.05331 0.045355
1 0.827553 0.303221 0.028623 0.029334
2 0.882105 0.261015 0.029297 0.033525
