0 0.563839 0.802455 0.156696 0.3937
0 0.127284 0.435205 0.057932 0.157133
1 0.171809 0.448741 0.045021 0.092396
1 0.326569 0.666196 0.094346 0.170669
2 0.251423 0.570857 0.032773 0.0871
2 0.270293 0.617938 0.04469 0.094162
2 0.354542 0.456391 0.104608 0.060617
1 0.526399 0.742832 0.067414 0.175851
1 0.579637 0.675067 0.091986 0.230735
2 0.577755 0.311092 0.105046 0.051614
2 0.564295 0.218656 0.0644 0.037538
1 0.716322 0.319069 0.069679 0.082583
1 0.599134 0.427928 0.105574 0.123874
2 0.690696 0.209386 0.027225 0.045595
1 0.783617 0.153269 0.031566 0.031566
1 0.872199 0.279882 0.02328 0.053311
2 0.82553 0.19121 0.01525 0.036149
