0 0.085652 0.411924 0.046684 0.150407
0 0.125667 0.424289 0.063072 0.183266
1 0.493707 0.67419 0.099826 0.150463
1 0.728895 0.725309 0.084093 0.127315
1 0.295289 0.628438 0.062268 0.144389
1 0.287748 0.574807 0.037902 0.081133
1 0.304958 0.544898 0.085473 0.169829
2 0.291035 0.477173 0.083926 0.081133
2 0.433362 0.452764 0.123376 0.102448
2 0.516708 0.375069 0.111386 0.069444
2 0.682047 0.259557 0.083926 0.054318
1 0.656483 0.226213 0.021572 0.036795
2 0.736769 0.154794 0.030494 0.021057
2 0.796497 0.166891 0.028478 0.037186
