0 0.403453 0.772525 0.135282 0.453562
1 0.562956 0.881134 0.224609 0.210262
1 0.45625 0.673611 0.122656 0.083333
1 0.821631 0.302914 0.028518 0.047716
1 0.869104 0.19478 0.022653 0.033302
2 0.576487 0.208333 0.049647 0.021505
2 0.695782 0.165779 0.030545 0.030806
1 0.466797 0.509259 0.070747 0.203704
1 0.424262 0.554012 0.102865 0.16358
1 0.340278 0.455633 0.047743 0.081019
1 0.294705 0.609568 0.051215 0.118827
1 0.254123 0.578318 0.053385 0.11034
1 0.187934 0.375386 0.034722 0.054784
2 0.286892 0.351466 0.053819 0.039352
