0 0.120739 0.394921 0.057607 0.161336
1 0.559175 0.868039 0.217115 0.224483
1 0.679088 0.839777 0.13899 0.222868
1 0.482867 0.624176 0.0754 0.163114
1 0.370676 0.604797 0.118096 0.130814
2 0.170534 0.437396 0.034398 0.058043
1 0.367887 0.301617 0.10611 0.070481
2 0.436975 0.298507 0.105527 0.072554
1 0.432894 0.225954 0.033232 0.043532
2 0.779215 0.241609 0.030924 0.043403
1 0.887451 0.274884 0.025228 0.040509
2 0.876261 0.210142 0.024821 0.029659
2 0.873006 0.18193 0.013428 0.016638
2 0.793422 0.168327 0.02038 0.017613
