0 0.161644 0.455026 0.075521 0.203704
1 0.549957 0.788254 0.118004 0.31131
1 0.649282 0.809977 0.071761 0.147191
1 0.466309 0.704861 0.125977 0.130208
1 0.758494 0.61704 0.1018 0.16649
1 0.789307 0.344349 0.048834 0.0526
1 0.914071 0.234453 0.013157 0.053516
1 0.908283 0.226429 0.014849 0.026874
2 0.515239 0.472074 0.092233 0.109492
1 0.648171 0.323072 0.07536 0.060165
2 0.662334 0.259077 0.052565 0.059888
2 0.833718 0.238906 0.042091 0.043605
2 0.780097 0.208903 0.035429 0.029608
1 0.187398 0.483446 0.026786 0.089286
1 0.47028 0.258992 0.101106 0.048154
1 0.127019 0.405116 0.023857 0.067114
1 0.109086 0.381946 0.01573 0.061521
1 0.120517 0.367066 0.020849 0.080943
