0 0.778469 0.105804 0.010826 0.0642
0 0.878906 0.149478 0.017453 0.056639
0 0.875218 0.149844 0.010147 0.051474
0 0.861682 0.145172 0.014857 0.049858
0 0.847951 0.13798 0.013166 0.049895
0 0.848443 0.132202 0.008347 0.024335
0 0.820128 0.126027 0.016992 0.050843
0 0.772674 0.110639 0.012854 0.050451
0 0.740935 0.101347 0.018864 0.04778
0 0.650404 0.096221 0.014453 0.073065
1 0.803822 0.157747 0.01858 0.031408
1 0.527218 0.222464 0.014739 0.037596
1 0.519816 0.210182 0.013479 0.034233
1 0.503214 0.203673 0.018774 0.032933
1 0.46631 0.224465 0.021887 0.047101
2 0.883202 0.254736 0.038655 0.064602
