0 0.888885 0.150175 0.010303 0.068065
0 0.878837 0.150463 0.017315 0.058609
0 0.876571 0.149778 0.012854 0.051341
0 0.861128 0.145418 0.014857 0.049858
0 0.847773 0.138147 0.013522 0.049561
0 0.848858 0.129986 0.008347 0.024335
0 0.820128 0.126027 0.016992 0.050843
0 0.772674 0.110639 0.012854 0.050451
0 0.740935 0.101347 0.018864 0.04778
0 0.651523 0.095165 0.01669 0.072068
1 0.801919 0.159871 0.014414 0.036936
1 0.514548 0.23314 0.029284 0.047126
1 0.49886 0.216971 0.029902 0.032477
2 0.419821 0.23178 0.066447 0.035438
1 0.402013 0.243462 0.020844 0.060529
2 0.833195 0.362966 0.055455 0.082649
