0 0.848099 0.136748 0.01256 0.051117
0 0.849004 0.13041 0.006208 0.019111
0 0.831744 0.131756 0.013475 0.050334
0 0.818575 0.126862 0.014572 0.053646
0 0.773831 0.110627 0.013324 0.050065
0 0.739996 0.101433 0.018024 0.053748
0 0.726086 0.086897 0.008584 0.033462
0 0.71367 0.098738 0.009929 0.046851
0 0.700239 0.084489 0.010333 0.061426
0 0.688597 0.083341 0.01201 0.058065
0 0.694937 0.101198 0.019966 0.03952
1 0.892902 0.189556 0.019928 0.03868
1 0.919369 0.203382 0.024876 0.03633
2 0.887633 0.269159 0.037123 0.055654
1 0.841621 0.196488 0.020892 0.024586
2 0.865857 0.172614 0.014467 0.034102
1 0.848704 0.167405 0.015911 0.032838
2 0.802797 0.228495 0.043095 0.051971
2 0.742036 0.160422 0.03452 0.01292
2 0.366821 0.362462 0.095278 0.037789
2 0.757684 0.180181 0.045314 0.019698
1 0.713525 0.116003 0.011216 0.037819
1 0.713022 0.134298 0.015501 0.034435
1 0.699111 0.136599 0.012978 0.022946
1 0.615448 0.159227 0.027107 0.025042
1 0.590198 0.158767 0.020824 0.02935
1 0.568717 0.174493 0.025675 0.031096
1 0.443539 0.239158 0.036073 0.031888
1 0.812484 0.149854 0.014708 0.032051
