0 0.873663 0.147744 0.015992 0.0522
0 0.783282 0.113139 0.013764 0.044976
0 0.725798 0.090205 0.009834 0.057547
0 0.629484 0.100789 0.022343 0.058366
0 0.818569 0.114087 0.013532 0.075893
0 0.725981 0.102616 0.006371 0.042389
0 0.747234 0.100671 0.013501 0.050802
0 0.734933 0.104415 0.008092 0.042659
0 0.798835 0.11294 0.01126 0.06376
0 0.910156 0.147599 0.012315 0.062147
2 0.778215 0.158831 0.02613 0.015484
1 0.709632 0.122988 0.013379 0.031802
1 0.689161 0.138564 0.016246 0.028557
1 0.674741 0.144081 0.027563 0.018821
