0 0.873857 0.145156 0.015625 0.051152
0 0.815263 0.123645 0.015053 0.050813
0 0.782107 0.113991 0.014672 0.046409
0 0.745956 0.103561 0.013707 0.051974
0 0.686744 0.099625 0.006782 0.044375
0 0.682936 0.088969 0.010189 0.065686
0 0.79003 0.113791 0.010308 0.061566
0 0.424062 0.140132 0.02327 0.125719
0 0.909584 0.141803 0.012474 0.067702
1 0.752862 0.141841 0.016922 0.022773
1 0.367872 0.342927 0.071279 0.047251
1 0.703855 0.131101 0.022634 0.038292
1 0.510081 0.219758 0.054435 0.034498
1 0.718149 0.127137 0.011619 0.027066
