0 0.910242 0.156059 0.013307 0.077076
0 0.891784 0.156822 0.014166 0.047314
0 0.869892 0.146329 0.015024 0.046932
0 0.84757 0.135264 0.015024 0.0538
0 0.828576 0.130495 0.016526 0.056471
0 0.783106 0.116793 0.015334 0.047635
0 0.687027 0.085122 0.01089 0.063763
0 0.632339 0.101326 0.01965 0.059133
2 0.702943 0.135336 0.014172 0.020672
1 0.724346 0.148682 0.012645 0.036948
1 0.713955 0.14679 0.01565 0.018029
1 0.128777 0.409608 0.030048 0.091957
1 0.12489 0.425612 0.021034 0.054182
1 0.789882 0.151322 0.009451 0.028898
2 0.812626 0.169243 0.010585 0.026658
1 0.742966 0.202108 0.015251 0.041777
1 0.720555 0.19118 0.027702 0.038734
1 0.682247 0.227969 0.018588 0.047893
2 0.891189 0.240192 0.024565 0.034364
