0 0.910242 0.156059 0.013307 0.077076
0 0.892015 0.155208 0.013704 0.050542
0 0.869892 0.146329 0.015024 0.046932
0 0.84757 0.135264 0.015024 0.0538
0 0.828576 0.130495 0.016526 0.056471
0 0.783106 0.116793 0.015334 0.047635
0 0.689868 0.085641 0.013107 0.067534
0 0.632339 0.101326 0.01965 0.059133
1 0.711888 0.1383 0.012575 0.027187
1 0.717555 0.157635 0.01488 0.046623
1 0.697642 0.154689 0.009106 0.026861
1 0.192038 0.389038 0.039653 0.091352
1 0.207009 0.382337 0.035311 0.05532
1 0.778585 0.157065 0.009451 0.028898
1 0.820274 0.168078 0.010585 0.026658
1 0.777816 0.182604 0.019549 0.033504
1 0.759515 0.170828 0.021104 0.03013
1 0.703427 0.199391 0.028255 0.029021
2 0.913679 0.223657 0.024565 0.034364
