0 0.92513 0.165781 0.011451 0.058616
0 0.91092 0.153639 0.012042 0.070228
0 0.909818 0.16591 0.010133 0.045687
0 0.890508 0.15625 0.012042 0.047254
0 0.872445 0.147243 0.011454 0.05117
0 0.848581 0.136148 0.012189 0.050386
0 0.817743 0.13419 0.016301 0.042815
0 0.738124 0.091117 0.014681 0.065716
0 0.641459 0.0921 0.013442 0.082894
1 0.683506 0.155147 0.01652 0.023138
1 0.63225 0.179509 0.020406 0.055187
1 0.612098 0.176959 0.013824 0.034045
2 0.598632 0.164495 0.029441 0.024973
2 0.775594 0.155659 0.01982 0.020548
2 0.804305 0.16508 0.016545 0.017291
2 0.712867 0.20798 0.039682 0.034411
1 0.545453 0.235664 0.048934 0.036575
2 0.419578 0.293184 0.039521 0.034547
1 0.457623 0.295434 0.032824 0.091322
2 0.567677 0.29418 0.047309 0.042162
2 0.258512 0.629378 0.096989 0.147754
2 0.883909 0.230622 0.014005 0.036971
