0 0.890802 0.155709 0.012836 0.048591
0 0.872045 0.146856 0.013168 0.049378
0 0.849305 0.137413 0.010623 0.048198
0 0.833038 0.11961 0.014386 0.070428
0 0.759164 0.096899 0.011923 0.069848
0 0.689613 0.110872 0.012684 0.026612
0 0.679456 0.103596 0.015942 0.040525
0 0.646828 0.105638 0.013567 0.047591
0 0.63332 0.098042 0.021621 0.065584
0 0.567546 0.127508 0.024414 0.057485
2 0.898505 0.22846 0.011463 0.038217
1 0.715201 0.135251 0.00807 0.026404
2 0.698532 0.143213 0.009701 0.028694
1 0.705872 0.138329 0.015625 0.04243
1 0.604444 0.170131 0.013025 0.041396
1 0.620295 0.170825 0.018964 0.056985
1 0.770668 0.15336 0.009324 0.030578
1 0.633658 0.222194 0.021024 0.050724
2 0.55662 0.23444 0.065694 0.028945
2 0.390415 0.32655 0.121344 0.123471
1 0.26952 0.718908 0.071911 0.138889
1 0.855766 0.176054 0.011579 0.03355
1 0.93283 0.210433 0.008869 0.030105
