0 0.872495 0.147434 0.011561 0.049109
0 0.849457 0.136726 0.011804 0.04846
0 0.75533 0.099153 0.01322 0.067949
0 0.742363 0.103595 0.01618 0.054946
0 0.821878 0.131989 0.018404 0.053864
0 0.767024 0.107361 0.016427 0.062419
0 0.764891 0.109909 0.010854 0.052272
0 0.6457 0.106123 0.012792 0.047926
0 0.635935 0.103433 0.019119 0.052817
0 0.551411 0.126344 0.021673 0.056004
0 0.186056 0.23759 0.02524 0.150642
1 0.700592 0.132888 0.015548 0.021419
1 0.712644 0.140074 0.013914 0.041435
1 0.691357 0.159146 0.02182 0.026788
1 0.559703 0.181702 0.025818 0.029619
1 0.572061 0.1894 0.020087 0.063204
1 0.407906 0.289628 0.031334 0.053594
1 0.164568 0.387647 0.040428 0.059462
1 0.778063 0.14656 0.008883 0.022715
2 0.784143 0.169407 0.018918 0.022422
1 0.706418 0.188956 0.028098 0.03128
1 0.656152 0.186911 0.035439 0.029143
2 0.893211 0.198373 0.010215 0.020786
2 0.917908 0.210195 0.011728 0.016441
2 0.928443 0.219394 0.009716 0.017859
2 0.931056 0.210008 0.008328 0.015334
2 0.648492 0.202068 0.043384 0.021868
