0 0.850648 0.115044 0.012315 0.044035
0 0.849692 0.128383 0.013713 0.065785
0 0.88242 0.15281 0.012504 0.050739
0 0.819088 0.127823 0.017491 0.059226
0 0.774058 0.111931 0.018306 0.056241
0 0.744856 0.101794 0.01941 0.053485
0 0.630095 0.105029 0.027659 0.055642
0 0.237286 0.236154 0.034453 0.108264
1 0.70915 0.125102 0.012317 0.025787
1 0.179094 0.391941 0.037238 0.038588
1 0.137351 0.401835 0.034742 0.066908
1 0.107553 0.449249 0.01743 0.041862
1 0.122233 0.450605 0.018278 0.037649
1 0.771612 0.146435 0.014992 0.020784
1 0.795306 0.149064 0.010591 0.019562
1 0.803051 0.167107 0.012038 0.018344
1 0.76424 0.181994 0.019163 0.01747
2 0.59383 0.219569 0.036298 0.020871
2 0.727307 0.18673 0.03561 0.024639
2 0.144196 0.538378 0.041863 0.052032
2 0.851491 0.202405 0.019489 0.0177
2 0.829768 0.179443 0.020521 0.021092
2 0.889927 0.270542 0.020188 0.040747
2 0.874784 0.350622 0.02976 0.067261
1 0.848037 0.28988 0.025314 0.038671
2 0.866621 0.409395 0.025098 0.065219
1 0.699549 0.509757 0.083013 0.139906
