0 0.957372 0.203787 0.017361 0.102881
0 0.905382 0.162037 0.016204 0.0607
0 0.847078 0.140175 0.013021 0.045782
0 0.820811 0.129285 0.018949 0.056442
0 0.627008 0.104491 0.02519 0.059709
1 0.343337 0.278022 0.027927 0.066994
1 0.312069 0.28744 0.026905 0.032465
1 0.300776 0.30629 0.030951 0.035568
2 0.294102 0.339195 0.027968 0.030178
2 0.795271 0.148883 0.00712 0.016221
1 0.802857 0.16647 0.010018 0.016402
1 0.681673 0.181032 0.026135 0.022082
1 0.655647 0.198497 0.028264 0.013575
2 0.597922 0.223814 0.065589 0.018498
1 0.168411 0.490697 0.06191 0.069444
1 0.854231 0.169039 0.011896 0.021433
1 0.855678 0.176612 0.014468 0.02915
1 0.919684 0.199317 0.007892 0.024524
1 0.931256 0.210292 0.010915 0.02964
2 0.92178 0.221845 0.010551 0.015312
2 0.766454 0.430696 0.066682 0.079966
