0 0.88982 0.148232 0.01169 0.069444
0 0.891491 0.155451 0.016181 0.05695
0 0.8767 0.143828 0.010133 0.067992
0 0.848261 0.140923 0.011441 0.049396
0 0.816635 0.127266 0.016508 0.055788
0 0.627288 0.103876 0.02517 0.057241
1 0.316347 0.287211 0.022714 0.043509
1 0.241333 0.329378 0.019653 0.037095
1 0.243597 0.337349 0.031611 0.062993
0 0.787086 0.121017 0.019578 0.042205
2 0.789177 0.164017 0.01358 0.016928
2 0.762263 0.190592 0.022741 0.022496
2 0.888597 0.206033 0.01489 0.022395
1 0.403581 0.885147 0.071745 0.154707
