0 0.608724 0.596547 0.15408 0.494792
0 0.610894 0.813079 0.130208 0.368441
0 0.788032 0.554591 0.103624 0.314429
0 0.903049 0.454765 0.055881 0.332755
0 0.357892 0.086163 0.015553 0.090021
1 0.859375 0.438539 0.024606 0.095144
1 0.857222 0.404637 0.025837 0.099519
1 0.68221 0.310313 0.027067 0.101159
2 0.6676 0.287894 0.052596 0.062883
2 0.281435 0.175525 0.017224 0.040464
1 0.221247 0.147996 0.013021 0.040225
1 0.229359 0.140786 0.013875 0.041743
2 0.148471 0.188618 0.018869 0.032368
1 0.385882 0.651786 0.076451 0.208333
1 0.421875 0.634425 0.084821 0.233135
