0 0.48753 0.154151 0.03155 0.045788
0 0.772403 0.64429 0.083133 0.375712
1 0.359866 0.851214 0.094732 0.281104
1 0.523835 0.819819 0.119527 0.259897
1 0.586873 0.809631 0.063623 0.215403
1 0.82102 0.471014 0.030288 0.099638
1 0.673262 0.441828 0.056329 0.094605
2 0.428325 0.309808 0.063893 0.048988
1 0.200907 0.160001 0.011581 0.037339
1 0.175585 0.147962 0.011974 0.036991
2 0.151343 0.161223 0.020415 0.023032
2 0.278033 0.144831 0.014622 0.029709
1 0.358769 0.180667 0.01692 0.065731
1 0.477523 0.205548 0.019636 0.060532
1 0.802452 0.374146 0.02444 0.075386
