1 0.707978 0.678931 0.050318 0.09887
1 0.727178 0.602425 0.076801 0.138889
2 0.713937 0.459416 0.042373 0.074153
2 0.797358 0.494138 0.067532 0.108286
1 0.841055 0.462359 0.0384 0.089454
1 0.718571 0.328178 0.035752 0.084746
1 0.829138 0.365254 0.043697 0.06709
1 0.495452 0.415866 0.068856 0.085923
2 0.247835 0.236959 0.07018 0.06709
2 0.267035 0.165749 0.030456 0.030603
1 0.215724 0.151036 0.015228 0.029426
1 0.280939 0.13338 0.018538 0.020009
1 0.436858 0.187524 0.027145 0.034134
0 0.861756 0.500066 0.083284 0.222746
0 0.900818 0.469929 0.049381 0.188679
