1 0.837364 0.502348 0.068824 0.097002
0 0.66875 0.734474 0.198438 0.529663
1 0.372683 0.249526 0.065181 0.056504
2 0.402469 0.723239 0.092773 0.286458
1 0.139844 0.291691 0.046038 0.073165
1 0.333807 0.139883 0.02695 0.036064
2 0.59841 0.244869 0.079222 0.058102
1 0.483886 0.354247 0.041547 0.077023
1 0.477973 0.219907 0.032914 0.056584
1 0.660212 0.613492 0.069754 0.15129
1 0.750125 0.602194 0.085241 0.154045
1 0.524586 0.298763 0.029901 0.083824
2 0.508955 0.225329 0.028821 0.044455
1 0.249452 0.130263 0.02317 0.038703
