0 0.705824 0.747033 0.144602 0.504545
1 0.259928 0.150685 0.018282 0.02972
1 0.583252 0.595486 0.084473 0.151042
1 0.69225 0.386673 0.040061 0.092625
1 0.823836 0.44558 0.03145 0.066973
1 0.712854 0.309887 0.040356 0.048889
2 0.73566 0.437161 0.042901 0.097901
1 0.809526 0.52505 0.031643 0.065801
1 0.834412 0.505773 0.034805 0.053822
1 0.867167 0.405123 0.029778 0.052657
1 0.694116 0.695079 0.052253 0.114212
1 0.490898 0.190231 0.025285 0.040806
0 0.902778 0.452996 0.039786 0.13053
1 0.853807 0.46002 0.021216 0.069163
1 0.171814 0.189475 0.048218 0.042318
1 0.787469 0.573686 0.034489 0.088333
1 0.616192 0.258297 0.029752 0.040311
2 0.248017 0.46711 0.080138 0.120727
2 0.450694 0.906162 0.106498 0.190344
