1 0.653409 0.645518 0.084339 0.254104
2 0.728427 0.62066 0.083452 0.098643
1 0.544212 0.623027 0.043501 0.149148
1 0.517134 0.582386 0.051491 0.172033
1 0.751715 0.48103 0.111662 0.080623
1 0.823838 0.488144 0.025724 0.038618
1 0.832508 0.514566 0.021723 0.068428
1 0.803735 0.53811 0.026677 0.048442
1 0.31741 0.189905 0.052156 0.03608
1 0.272308 0.14018 0.013236 0.018652
1 0.608392 0.256519 0.056069 0.058579
1 0.712557 0.298611 0.030678 0.053862
1 0.733327 0.341294 0.063072 0.060637
1 0.850519 0.384053 0.034793 0.076473
1 0.865859 0.355094 0.024355 0.082659
