0 0.347423 0.080482 0.026387 0.094739
0 0.906689 0.437649 0.038227 0.119207
0 0.964656 0.455102 0.038018 0.093212
0 0.476341 0.667479 0.107606 0.246331
1 0.692667 0.681048 0.067052 0.147091
1 0.738035 0.622539 0.051981 0.112095
1 0.159979 0.159358 0.012493 0.022043
1 0.173311 0.168142 0.012865 0.021712
1 0.186269 0.151236 0.013052 0.017734
1 0.221603 0.151071 0.016967 0.022706
1 0.284675 0.179557 0.024615 0.029966
1 0.674762 0.366546 0.032269 0.062802
1 0.789015 0.44616 0.040474 0.084923
1 0.774191 0.524389 0.031532 0.051456
1 0.810429 0.538404 0.028709 0.060241
1 0.823842 0.500544 0.039533 0.060659
1 0.78314 0.362063 0.049773 0.045363
1 0.232641 0.121997 0.014328 0.02145
1 0.670967 0.720048 0.065893 0.115741
