1 0.19928 0.151519 0.016479 0.021701
1 0.230103 0.150434 0.01709 0.021701
1 0.22522 0.167795 0.023193 0.032552
1 0.462036 0.187869 0.032959 0.037977
0 0.589905 0.23941 0.03479 0.058594
1 0.829163 0.372331 0.027466 0.07921
1 0.851135 0.369076 0.022583 0.064019
1 0.882568 0.430924 0.031738 0.07704
1 0.814514 0.48138 0.03479 0.088976
2 0.635986 0.535091 0.059814 0.092231
1 0.519714 0.852474 0.094604 0.206163
1 0.408923 0.965495 0.11106 0.067622
0 0.66494 0.790771 0.127933 0.417069
0 0.72193 0.687622 0.089775 0.391082
1 0.714734 0.654727 0.046601 0.123051
0 0.83946 0.495736 0.072643 0.241228
0 0.90011 0.485989 0.051398 0.321637
