1 0.193214 0.154567 0.017876 0.027072
1 0.237904 0.166337 0.01589 0.03178
1 0.264056 0.194586 0.016552 0.027072
1 0.25909 0.128084 0.011917 0.016478
1 0.427258 0.195174 0.019862 0.032957
1 0.447782 0.180461 0.018538 0.04355
1 0.560004 0.34701 0.033766 0.080038
1 0.63846 0.341125 0.033104 0.056497
1 0.842711 0.397034 0.023173 0.045904
0 0.306429 0.546516 0.036414 0.107109
0 0.419313 0.557109 0.059587 0.104755
0 0.432885 0.733074 0.061573 0.244821
0 0.479092 0.800865 0.095723 0.396881
0 0.669473 0.806289 0.150116 0.386034
0 0.607436 0.765021 0.149016 0.393519
0 0.772729 0.509105 0.087529 0.424383
0 0.883406 0.538683 0.064381 0.236626
0 0.927894 0.46731 0.043403 0.230195
1 0.347547 0.161483 0.02907 0.05168
