1 0.192883 0.180461 0.019862 0.03178
1 0.509355 0.202236 0.021186 0.032957
1 0.58119 0.247552 0.023173 0.036488
1 0.768227 0.352895 0.03178 0.063559
1 0.723537 0.452943 0.041711 0.141243
1 0.72784 0.616549 0.048994 0.176554
1 0.503727 0.301106 0.029793 0.047081
1 0.445796 0.285805 0.029131 0.054143
1 0.410706 0.270504 0.030456 0.049435
1 0.384885 0.232839 0.027807 0.063559
0 0.435726 0.856774 0.182455 0.285064
0 0.633332 0.760258 0.120836 0.478096
0 0.725192 0.785452 0.097987 0.424906
0 0.801993 0.692467 0.108581 0.401365
0 0.789744 0.673635 0.060249 0.384887
0 0.771206 0.551224 0.058925 0.347222
0 0.822848 0.545927 0.054952 0.301318
0 0.856283 0.533569 0.039725 0.297787
0 0.875483 0.516502 0.056939 0.37194
