0 0.915856 0.668379 0.098731 0.232597
0 0.875518 0.549505 0.136266 0.194734
0 0.962473 0.531451 0.071867 0.149634
0 0.974481 0.483944 0.052432 0.164082
0 0.98486 0.4362 0.032221 0.111598
0 0.982727 0.428154 0.03039 0.088399
0 0.796754 0.268387 0.047117 0.130131
0 0.205471 0.085953 0.02301 0.074923
2 0.118306 0.16917 0.025012 0.026127
1 0.210322 0.127991 0.009724 0.03211
1 0.225469 0.121869 0.008797 0.027572
2 0.613017 0.262234 0.057127 0.058067
1 0.825532 0.497015 0.041586 0.11054
2 0.733963 0.448425 0.041441 0.057521
1 0.730316 0.496322 0.121266 0.093363
