0 0.908282 0.675585 0.088236 0.239609
0 0.868653 0.521234 0.076521 0.24684
0 0.961771 0.530202 0.073272 0.152132
0 0.974881 0.486678 0.051634 0.158614
0 0.98486 0.4362 0.032221 0.111598
0 0.98552 0.42659 0.03039 0.088399
0 0.796909 0.268499 0.046808 0.129909
0 0.243922 0.075991 0.015191 0.075835
2 0.200272 0.251457 0.081694 0.069627
1 0.217846 0.12921 0.013741 0.038459
2 0.286543 0.129142 0.025498 0.026488
1 0.87084 0.375903 0.031085 0.097251
1 0.783915 0.549194 0.045817 0.125633
1 0.796547 0.497674 0.038539 0.101775
1 0.39598 0.258244 0.086316 0.064964
