0 0.908308 0.672454 0.093186 0.225501
0 0.871172 0.524117 0.077397 0.246347
0 0.962473 0.531451 0.071867 0.149634
0 0.975329 0.483843 0.050738 0.164285
0 0.98486 0.4362 0.032221 0.111598
0 0.972703 0.442176 0.033222 0.132605
0 0.798082 0.267747 0.044461 0.12963
0 0.392592 0.088704 0.020552 0.110735
1 0.702826 0.604158 0.10903 0.205717
1 0.30633 0.141389 0.025438 0.026791
2 0.69767 0.344529 0.096178 0.081405
2 0.650746 0.296171 0.086084 0.063736
1 0.144876 0.149661 0.008665 0.029995
1 0.178722 0.140198 0.009239 0.029998
2 0.220443 0.169379 0.038119 0.036587
