0 0.908282 0.675585 0.088236 0.239609
0 0.854444 0.520493 0.096603 0.245779
0 0.961771 0.530202 0.073272 0.152132
0 0.974481 0.483944 0.052432 0.164082
0 0.98486 0.4362 0.032221 0.111598
0 0.985713 0.427034 0.03039 0.088399
0 0.796686 0.267287 0.047253 0.132333
0 0.236392 0.073656 0.018798 0.072946
2 0.117772 0.187112 0.04474 0.041011
2 0.217898 0.128018 0.01272 0.030734
2 0.267425 0.124353 0.021095 0.026709
1 0.885148 0.41953 0.026579 0.061569
1 0.800877 0.530764 0.038878 0.112286
1 0.766064 0.48008 0.039055 0.087431
2 0.545808 0.335272 0.096744 0.077545
