0 0.908308 0.672454 0.093186 0.225501
0 0.854806 0.519275 0.093736 0.24231
0 0.962473 0.531451 0.071867 0.149634
0 0.975329 0.483843 0.050738 0.164285
0 0.98486 0.4362 0.032221 0.111598
0 0.972984 0.443175 0.033222 0.132605
0 0.796565 0.267208 0.045768 0.131638
0 0.357137 0.085895 0.035475 0.102762
2 0.575049 0.474293 0.159442 0.12098
1 0.295171 0.140388 0.019672 0.021982
1 0.571042 0.281602 0.08778 0.063943
2 0.5003 0.228633 0.070957 0.059021
1 0.148349 0.151435 0.008665 0.029995
1 0.176681 0.139795 0.00851 0.027422
2 0.186355 0.157291 0.029263 0.026744
