0 0.908308 0.672454 0.093186 0.225501
0 0.854806 0.519275 0.093736 0.24231
0 0.962473 0.531451 0.071867 0.149634
0 0.975329 0.483843 0.050738 0.164285
0 0.98486 0.4362 0.032221 0.111598
0 0.972984 0.443175 0.033222 0.132605
0 0.796565 0.267208 0.045768 0.131638
0 0.356932 0.082458 0.02563 0.103284
2 0.480114 0.406098 0.146651 0.115356
1 0.291913 0.139938 0.023684 0.028304
2 0.561684 0.273962 0.085518 0.066601
1 0.480817 0.222644 0.070957 0.059021
1 0.151096 0.150772 0.008665 0.029995
1 0.176474 0.143738 0.00851 0.027422
2 0.182349 0.155537 0.027475 0.02531
