0 0.906365 0.672181 0.093184 0.232377
0 0.854033 0.51935 0.096224 0.241917
0 0.962473 0.531451 0.071867 0.149634
0 0.975329 0.483843 0.050738 0.164285
0 0.98486 0.4362 0.032221 0.111598
0 0.985247 0.427034 0.03039 0.088399
0 0.796565 0.267208 0.045768 0.131638
0 0.341687 0.080368 0.019751 0.098315
2 0.197905 0.239324 0.070325 0.065719
1 0.236696 0.126542 0.010765 0.028812
2 0.243897 0.142943 0.0241 0.023677
1 0.248349 0.123791 0.009896 0.031125
1 0.815704 0.45787 0.069581 0.081209
1 0.820453 0.511067 0.071544 0.112634
2 0.397482 0.229349 0.072592 0.065145
