0 0.909002 0.671905 0.091608 0.224404
0 0.856922 0.51726 0.105697 0.242915
0 0.962473 0.531451 0.071867 0.149634
0 0.909095 0.411923 0.049037 0.121427
0 0.983409 0.441251 0.032401 0.124442
0 0.973606 0.451612 0.03521 0.13296
0 0.796651 0.266807 0.046708 0.126928
0 0.4654 0.103173 0.025702 0.122483
1 0.633681 0.692301 0.09838 0.189472
1 0.345908 0.161151 0.034319 0.038395
1 0.862891 0.442319 0.028332 0.082444
1 0.867031 0.364705 0.028995 0.083047
2 0.235697 0.181135 0.047829 0.044703
2 0.279989 0.218657 0.057461 0.061252
2 0.603583 0.373684 0.100928 0.093088
