0 0.908064 0.673029 0.092699 0.217515
0 0.854806 0.519275 0.093736 0.24231
0 0.962473 0.531451 0.071867 0.149634
0 0.975329 0.483843 0.050738 0.164285
0 0.98486 0.4362 0.032221 0.111598
0 0.97357 0.445026 0.03205 0.128904
0 0.796565 0.267208 0.045768 0.131638
0 0.343313 0.08268 0.021322 0.099558
2 0.242298 0.243861 0.089824 0.08909
1 0.275187 0.139407 0.020989 0.023839
2 0.490403 0.235093 0.061885 0.050373
1 0.401184 0.185802 0.043168 0.040595
1 0.164351 0.144163 0.008665 0.029995
1 0.179037 0.140486 0.009255 0.031321
2 0.155942 0.1481 0.008995 0.026855
