0 0.908308 0.672454 0.093186 0.225501
0 0.854806 0.519275 0.093736 0.24231
0 0.962473 0.531451 0.071867 0.149634
0 0.975329 0.483843 0.050738 0.164285
0 0.98486 0.4362 0.032221 0.111598
0 0.972984 0.443175 0.033222 0.132605
0 0.796565 0.267208 0.045768 0.131638
0 0.351444 0.082071 0.022964 0.106902
2 0.44746 0.39011 0.138812 0.141397
1 0.287727 0.143496 0.021746 0.032932
2 0.550144 0.269658 0.080311 0.068025
2 0.470933 0.216553 0.070957 0.059021
1 0.151564 0.148399 0.008665 0.029995
1 0.175989 0.143523 0.00851 0.027422
2 0.180514 0.151925 0.026131 0.024175
