0 0.906628 0.676406 0.09497 0.227649
0 0.854033 0.51935 0.096224 0.241917
0 0.962473 0.531451 0.071867 0.149634
0 0.975329 0.483843 0.050738 0.164285
0 0.98486 0.4362 0.032221 0.111598
0 0.978317 0.425914 0.03039 0.088399
0 0.796323 0.268174 0.046253 0.129705
0 0.264661 0.07343 0.018331 0.077712
2 0.429429 0.384977 0.130726 0.141092
1 0.217628 0.131892 0.009843 0.026856
1 0.205731 0.128941 0.009091 0.030261
2 0.363138 0.151072 0.039578 0.036986
1 0.810562 0.475255 0.048318 0.090019
1 0.663161 0.408347 0.040505 0.102445
2 0.791713 0.532081 0.073208 0.110701
