0 0.908064 0.673029 0.092699 0.217515
0 0.854806 0.519275 0.093736 0.24231
0 0.962473 0.531451 0.071867 0.149634
0 0.975329 0.483843 0.050738 0.164285
0 0.98486 0.4362 0.032221 0.111598
0 0.973628 0.440984 0.031934 0.136986
0 0.796565 0.267208 0.045768 0.131638
0 0.343916 0.084465 0.020116 0.095988
2 0.248839 0.240276 0.089824 0.08909
1 0.278435 0.139612 0.018988 0.02243
2 0.494907 0.237804 0.072549 0.054944
2 0.403859 0.190045 0.054022 0.047326
1 0.162761 0.143221 0.008665 0.029995
1 0.177125 0.141756 0.008802 0.025061
1 0.164676 0.150436 0.008995 0.026855
