0 0.909228 0.676657 0.090127 0.241753
0 0.857567 0.522762 0.092593 0.250772
0 0.962057 0.528173 0.072699 0.15619
0 0.974881 0.486678 0.051634 0.158614
0 0.98486 0.4362 0.032221 0.111598
0 0.983815 0.426821 0.033255 0.088826
0 0.797245 0.268798 0.046134 0.12931
0 0.220089 0.079402 0.016461 0.073947
2 0.697514 0.653026 0.080569 0.176469
1 0.224155 0.124704 0.012961 0.034883
2 0.334758 0.140866 0.030533 0.03651
1 0.873076 0.436778 0.036831 0.087572
1 0.806605 0.522127 0.048954 0.090759
2 0.623018 0.408053 0.13827 0.101496
1 0.276168 0.201409 0.057404 0.052798
