0 0.906365 0.672181 0.093184 0.232377
0 0.854033 0.51935 0.096224 0.241917
0 0.962473 0.531451 0.071867 0.149634
0 0.975329 0.483843 0.050738 0.164285
0 0.98486 0.4362 0.032221 0.111598
0 0.985247 0.427034 0.03039 0.088399
0 0.796565 0.267208 0.045768 0.131638
0 0.341222 0.082014 0.022094 0.103695
2 0.228307 0.265058 0.082644 0.071821
1 0.23762 0.127728 0.010765 0.028812
2 0.237554 0.142185 0.026612 0.021425
1 0.251888 0.127216 0.012004 0.03302
1 0.842136 0.487958 0.034477 0.10626
1 0.788484 0.500741 0.034902 0.103842
2 0.416108 0.250296 0.07942 0.069218
