0 0.908717 0.67587 0.097889 0.235537
0 0.854033 0.51935 0.096224 0.241917
0 0.962473 0.531451 0.071867 0.149634
0 0.975329 0.483843 0.050738 0.164285
0 0.98486 0.4362 0.032221 0.111598
0 0.981194 0.428121 0.033425 0.090206
0 0.796323 0.268174 0.046253 0.129705
0 0.341237 0.080973 0.017153 0.099247
2 0.29688 0.307981 0.084636 0.07802
1 0.229715 0.132989 0.011473 0.027657
1 0.221446 0.138558 0.022078 0.022078
2 0.26249 0.125521 0.02631 0.026404
1 0.820082 0.490864 0.046588 0.120143
1 0.76569 0.489157 0.043969 0.108126
2 0.466644 0.279414 0.075587 0.074109
