0 0.908308 0.672454 0.093186 0.225501
0 0.85364 0.515972 0.094417 0.243775
0 0.962473 0.531451 0.071867 0.149634
0 0.975329 0.483843 0.050738 0.164285
0 0.98486 0.4362 0.032221 0.111598
0 0.972097 0.452521 0.034739 0.13553
0 0.796321 0.267935 0.047367 0.124672
0 0.412496 0.09279 0.024301 0.113613
2 0.691207 0.676856 0.085359 0.148024
1 0.316792 0.152305 0.013807 0.038385
1 0.844976 0.441624 0.025327 0.07151
1 0.868774 0.42789 0.02854 0.075743
2 0.15714 0.155882 0.012624 0.025879
2 0.158971 0.142072 0.014089 0.024764
2 0.321106 0.222211 0.059803 0.054652
