0 0.908717 0.675375 0.091588 0.236525
0 0.854806 0.519275 0.093736 0.24231
0 0.962473 0.531451 0.071867 0.149634
0 0.975329 0.483843 0.050738 0.164285
0 0.98486 0.4362 0.032221 0.111598
0 0.968629 0.45173 0.028498 0.149434
0 0.796565 0.267208 0.045768 0.131638
0 0.335024 0.078925 0.025439 0.095236
2 0.093655 0.179799 0.015691 0.019779
1 0.254959 0.136378 0.024493 0.026351
2 0.393799 0.191071 0.047354 0.041443
2 0.297393 0.141033 0.028859 0.029514
2 0.236042 0.158628 0.030673 0.03006
2 0.256097 0.173216 0.034079 0.034438
2 0.202316 0.154651 0.030304 0.029545
