0 0.906365 0.672181 0.093184 0.232377
0 0.854033 0.51935 0.096224 0.241917
0 0.962473 0.531451 0.071867 0.149634
0 0.975329 0.483843 0.050738 0.164285
0 0.98486 0.4362 0.032221 0.111598
0 0.970817 0.451605 0.035875 0.144243
0 0.796565 0.267208 0.045768 0.131638
0 0.30695 0.079121 0.025188 0.091454
2 0.120676 0.193807 0.040991 0.040673
1 0.234362 0.134369 0.011552 0.027255
2 0.282143 0.158109 0.033334 0.032132
1 0.220301 0.122417 0.009896 0.031125
1 0.477343 0.262885 0.097591 0.082942
1 0.816995 0.501843 0.082831 0.110854
2 0.320293 0.200683 0.054823 0.053023
