0 0.908368 0.677879 0.089022 0.232168
0 0.854444 0.520493 0.096603 0.245779
0 0.962473 0.531451 0.071867 0.149634
0 0.974481 0.483944 0.052432 0.164082
0 0.98486 0.4362 0.032221 0.111598
0 0.974536 0.423674 0.03039 0.088399
0 0.796686 0.267287 0.047253 0.132333
0 0.236392 0.073656 0.018798 0.072946
2 0.113537 0.180501 0.027826 0.031492
1 0.211736 0.127222 0.011554 0.032327
2 0.255566 0.120084 0.018508 0.022486
2 0.871779 0.416391 0.054441 0.066499
2 0.803172 0.497674 0.037643 0.111819
1 0.747822 0.480009 0.04059 0.11637
1 0.607534 0.385632 0.106731 0.074684
