0 0.907625 0.666581 0.093184 0.232377
0 0.858795 0.51873 0.105747 0.240676
0 0.962473 0.531451 0.071867 0.149634
0 0.975329 0.483843 0.050738 0.164285
0 0.98486 0.4362 0.032221 0.111598
0 0.971154 0.446776 0.036038 0.154129
0 0.796565 0.267208 0.045768 0.131638
0 0.315307 0.077553 0.019648 0.090236
1 0.087084 0.177559 0.010719 0.031012
1 0.26078 0.131079 0.015473 0.016713
1 0.333555 0.173304 0.04103 0.031728
1 0.245213 0.123388 0.01911 0.019021
2 0.336905 0.197969 0.042494 0.036837
2 0.420739 0.260904 0.081874 0.067289
2 0.254405 0.166773 0.042718 0.033958
