0 0.909002 0.671905 0.091608 0.224404
0 0.853133 0.517858 0.097242 0.237869
0 0.963075 0.53179 0.073069 0.15031
0 0.940133 0.450999 0.058813 0.259051
0 0.983409 0.44264 0.032401 0.127219
0 0.973606 0.451612 0.03521 0.13296
0 0.796414 0.267808 0.045952 0.128208
0 0.478753 0.119317 0.044786 0.107527
1 0.682019 0.720833 0.098916 0.16129
1 0.408499 0.163403 0.028011 0.030595
1 0.870159 0.436174 0.030338 0.08022
1 0.867982 0.367242 0.029359 0.086205
2 0.402093 0.26979 0.088089 0.069078
2 0.525716 0.33655 0.125484 0.080842
1 0.813615 0.523777 0.051141 0.080723
