0 0.906628 0.676406 0.09497 0.227649
0 0.854033 0.51935 0.096224 0.241917
0 0.962473 0.531451 0.071867 0.149634
0 0.975329 0.483843 0.050738 0.164285
0 0.98486 0.4362 0.032221 0.111598
0 0.977057 0.431514 0.03039 0.088399
0 0.796323 0.268174 0.046253 0.129705
0 0.33057 0.08186 0.024344 0.099631
2 0.596051 0.547519 0.19965 0.193622
1 0.221246 0.138275 0.011456 0.035041
1 0.210062 0.13527 0.011717 0.036766
2 0.297331 0.135513 0.033134 0.030835
2 0.830802 0.513609 0.049091 0.109667
2 0.756761 0.463367 0.048979 0.115649
2 0.579323 0.358625 0.082495 0.083151
