0 0.952548 0.200173 0.016388 0.103054
0 0.872531 0.145739 0.014655 0.062519
0 0.853468 0.138966 0.017413 0.059107
0 0.833323 0.129795 0.017805 0.053757
0 0.815424 0.124406 0.016929 0.049923
0 0.801987 0.119212 0.018728 0.048897
0 0.785381 0.115315 0.012309 0.045164
0 0.772365 0.111228 0.013348 0.050664
0 0.742132 0.101478 0.013131 0.049102
0 0.727067 0.096948 0.013016 0.048886
1 0.923493 0.221661 0.024858 0.036476
2 0.75863 0.146987 0.029141 0.024049
2 0.766351 0.172656 0.033868 0.026596
2 0.477196 0.309685 0.079181 0.069444
2 0.654182 0.186436 0.058586 0.028476
2 0.646898 0.229506 0.058614 0.045938
2 0.6816 0.140289 0.039753 0.031908
2 0.529617 0.20786 0.055364 0.044838
2 0.620286 0.29005 0.061288 0.068846
2 0.724845 0.253233 0.05893 0.061063
2 0.505741 0.401235 0.104438 0.094678
2 0.774178 0.21432 0.040409 0.04909
0 0.569072 0.097131 0.020143 0.103142
