0 0.959789 0.197683 0.015121 0.090745
0 0.868975 0.143683 0.013259 0.053326
0 0.855143 0.138794 0.017442 0.055556
0 0.832541 0.129462 0.01624 0.053092
0 0.815424 0.124406 0.016929 0.049923
0 0.801987 0.119212 0.018728 0.048897
0 0.785381 0.115315 0.012309 0.045164
0 0.772365 0.111228 0.013348 0.050664
0 0.740934 0.099501 0.010735 0.045147
0 0.726496 0.097772 0.011873 0.050534
2 0.754578 0.354353 0.066448 0.074447
1 0.770219 0.148547 0.019978 0.021744
1 0.792509 0.166801 0.015306 0.028964
1 0.811747 0.155396 0.022307 0.021561
1 0.773558 0.162544 0.022113 0.021628
1 0.791905 0.150601 0.016262 0.018357
1 0.712778 0.136472 0.025192 0.027677
2 0.213921 0.380851 0.037832 0.042104
2 0.801638 0.211767 0.040039 0.059722
2 0.76505 0.250039 0.041602 0.059028
2 0.641654 0.362455 0.079175 0.112007
2 0.246925 0.612382 0.079527 0.186647
0 0.880421 0.140044 0.015283 0.07022
