0 0.941283 0.190046 0.016388 0.103054
0 0.872531 0.145739 0.014655 0.062519
0 0.851629 0.128431 0.021092 0.080177
0 0.833323 0.129795 0.017805 0.053757
0 0.815424 0.124406 0.016929 0.049923
0 0.801987 0.119212 0.018728 0.048897
0 0.785381 0.115315 0.012309 0.045164
0 0.772365 0.111228 0.013348 0.050664
0 0.742132 0.101478 0.013131 0.049102
0 0.727067 0.096948 0.013016 0.048886
2 0.886027 0.283927 0.040283 0.083189
2 0.600003 0.25646 0.056891 0.046468
2 0.396634 0.358791 0.083102 0.068226
2 0.558479 0.235302 0.059901 0.039215
2 0.785611 0.165023 0.037376 0.031475
2 0.238797 0.451559 0.069281 0.072065
1 0.710679 0.127427 0.025192 0.027677
2 0.398938 0.262304 0.061703 0.047824
1 0.848754 0.177957 0.021498 0.02856
1 0.824547 0.19302 0.018347 0.027545
1 0.82687 0.172118 0.021587 0.03792
1 0.842782 0.199115 0.022815 0.034415
0 0.62355 0.088489 0.031406 0.093292
