0 0.953594 0.218318 0.020789 0.058715
0 0.871455 0.144234 0.013259 0.053326
0 0.854833 0.138243 0.017442 0.055556
0 0.832541 0.129462 0.01624 0.053092
0 0.815424 0.124406 0.016929 0.049923
0 0.801987 0.119212 0.018728 0.048897
0 0.785381 0.115315 0.012309 0.045164
0 0.772365 0.111228 0.013348 0.050664
0 0.757202 0.104644 0.014697 0.049219
0 0.740934 0.099501 0.010735 0.045147
0 0.726496 0.097772 0.011873 0.050534
1 0.916324 0.197632 0.016135 0.027929
1 0.778895 0.148168 0.014339 0.019736
1 0.797831 0.154775 0.016992 0.02024
2 0.55726 0.213202 0.047626 0.064714
2 0.77679 0.171697 0.019377 0.028434
2 0.517171 0.287182 0.077311 0.062211
2 0.716955 0.136847 0.022514 0.01837
1 0.727802 0.146582 0.017075 0.017881
2 0.835423 0.193044 0.029257 0.037437
2 0.815212 0.218197 0.029171 0.036857
2 0.710256 0.310496 0.059366 0.074027
2 0.321354 0.613499 0.165519 0.121234
