0 0.959789 0.197683 0.015121 0.090745
0 0.868975 0.143683 0.013259 0.053326
0 0.855143 0.138794 0.017442 0.055556
0 0.832541 0.129462 0.01624 0.053092
0 0.815424 0.124406 0.016929 0.049923
0 0.801987 0.119212 0.018728 0.048897
0 0.785381 0.115315 0.012309 0.045164
0 0.772365 0.111228 0.013348 0.050664
0 0.740934 0.099501 0.010735 0.045147
0 0.726496 0.097772 0.011873 0.050534
2 0.860005 0.233148 0.027977 0.038987
1 0.770219 0.148547 0.019978 0.021744
1 0.789137 0.1678 0.015306 0.028964
1 0.80444 0.157395 0.022307 0.021561
1 0.770748 0.163043 0.022113 0.021628
1 0.791905 0.150601 0.016262 0.018357
2 0.595149 0.161653 0.044875 0.033498
2 0.410334 0.274977 0.051207 0.038934
2 0.575052 0.503518 0.073503 0.175396
1 0.269557 0.634469 0.071145 0.16222
2 0.472135 0.427315 0.079687 0.063889
2 0.618158 0.30652 0.070976 0.055478
0 0.899882 0.148631 0.012354 0.073672
