0 0.955975 0.200173 0.016388 0.103054
0 0.872531 0.145739 0.014655 0.062519
0 0.855684 0.139162 0.01907 0.057415
0 0.833323 0.129795 0.017805 0.053757
0 0.815424 0.124406 0.016929 0.049923
0 0.801987 0.119212 0.018728 0.048897
0 0.785381 0.115315 0.012309 0.045164
0 0.772365 0.111228 0.013348 0.050664
0 0.742132 0.101478 0.013131 0.049102
0 0.727067 0.096948 0.013016 0.048886
1 0.923493 0.221661 0.024858 0.036476
2 0.758203 0.149264 0.029141 0.024049
2 0.772541 0.170379 0.033868 0.026596
2 0.492768 0.304054 0.080764 0.069444
2 0.647992 0.186816 0.058586 0.028476
2 0.649538 0.228568 0.058614 0.045938
2 0.679721 0.139211 0.03954 0.031711
2 0.530645 0.202378 0.055364 0.044838
2 0.607585 0.309871 0.071781 0.069072
2 0.718433 0.265109 0.0644 0.049737
2 0.481988 0.429743 0.123605 0.099944
2 0.77553 0.218761 0.05367 0.050465
0 0.569072 0.097131 0.020143 0.103142
