0 0.952839 0.200579 0.016388 0.103054
0 0.872531 0.145739 0.014655 0.062519
0 0.856451 0.129288 0.021092 0.080177
0 0.833323 0.129795 0.017805 0.053757
0 0.815424 0.124406 0.016929 0.049923
0 0.801987 0.119212 0.018728 0.048897
0 0.785381 0.115315 0.012309 0.045164
0 0.772365 0.111228 0.013348 0.050664
0 0.742132 0.101478 0.013131 0.049102
0 0.727067 0.096948 0.013016 0.048886
2 0.839133 0.329503 0.042004 0.086668
2 0.288547 0.414216 0.075914 0.091719
2 0.226385 0.430601 0.059198 0.066836
2 0.69204 0.176896 0.038007 0.023461
2 0.676069 0.226305 0.049351 0.045328
2 0.484123 0.275337 0.057936 0.049926
1 0.710679 0.127427 0.025192 0.027677
2 0.331429 0.306609 0.064501 0.05536
1 0.848754 0.177957 0.021498 0.02856
1 0.824547 0.19302 0.018347 0.027545
1 0.82687 0.172118 0.021587 0.03792
1 0.842782 0.199115 0.022815 0.034415
0 0.67631 0.077794 0.02407 0.077144
