0 0.952839 0.200579 0.016388 0.103054
0 0.872531 0.145739 0.014655 0.062519
0 0.855197 0.131633 0.016908 0.074627
0 0.833323 0.129795 0.017805 0.053757
0 0.815424 0.124406 0.016929 0.049923
0 0.801987 0.119212 0.018728 0.048897
0 0.785381 0.115315 0.012309 0.045164
0 0.772365 0.111228 0.013348 0.050664
0 0.742132 0.101478 0.013131 0.049102
0 0.727067 0.096948 0.013016 0.048886
2 0.814063 0.351273 0.061849 0.109954
2 0.223712 0.425 0.09832 0.092169
2 0.424187 0.290765 0.077512 0.054731
2 0.751516 0.164801 0.040812 0.029022
2 0.592516 0.264077 0.064967 0.058495
2 0.610621 0.214125 0.049746 0.042314
1 0.710679 0.127427 0.025192 0.027677
2 0.286401 0.326631 0.076925 0.077524
1 0.848754 0.177957 0.021498 0.02856
1 0.828658 0.171547 0.018347 0.027545
1 0.826099 0.187651 0.021587 0.03792
1 0.842782 0.199115 0.022815 0.034415
0 0.728149 0.079871 0.01905 0.066987
