0 0.081837 0.171593 0.015211 0.049325
0 0.093064 0.169381 0.014607 0.048001
0 0.121142 0.158978 0.015212 0.051982
0 0.134921 0.150185 0.014362 0.05353
0 0.148428 0.147465 0.013977 0.046406
0 0.122477 0.152805 0.010798 0.046115
0 0.150528 0.142512 0.01585 0.044968
0 0.163315 0.136114 0.016121 0.044711
0 0.178413 0.128166 0.015589 0.049642
0 0.197081 0.121893 0.013779 0.050894
0 0.905187 0.787641 0.11697 0.423328
1 0.113721 0.192773 0.012125 0.020279
1 0.185911 0.272141 0.017917 0.026226
2 0.174391 0.197203 0.01592 0.021397
2 0.176192 0.166938 0.013276 0.02164
2 0.204196 0.180741 0.014467 0.021373
2 0.247863 0.203289 0.019566 0.021869
2 0.389333 0.301097 0.052953 0.06758
1 0.236871 0.144971 0.012476 0.020066
2 0.279008 0.149047 0.024286 0.03178
2 0.33298 0.167285 0.024829 0.050607
2 0.62611 0.389052 0.111312 0.064891
2 0.53606 0.215673 0.033178 0.04501
0 0.215676 0.116332 0.015711 0.048573
