0 0.081837 0.171593 0.015211 0.049325
0 0.093064 0.169381 0.014607 0.048001
0 0.121142 0.158978 0.015212 0.051982
0 0.134921 0.150185 0.014362 0.05353
0 0.148428 0.147465 0.013977 0.046406
0 0.122477 0.152805 0.010798 0.046115
0 0.150528 0.142512 0.01585 0.044968
0 0.163315 0.136114 0.016121 0.044711
0 0.178413 0.128166 0.015589 0.049642
0 0.197565 0.124138 0.014014 0.048503
0 0.927144 0.638043 0.102498 0.420182
1 0.085612 0.203704 0.01241 0.029305
2 0.147879 0.221576 0.008777 0.016846
1 0.464991 0.482613 0.134627 0.121636
2 0.291474 0.30333 0.02252 0.036056
2 0.202872 0.228394 0.022635 0.031649
2 0.177019 0.203423 0.015095 0.019525
2 0.191459 0.175441 0.01487 0.020903
2 0.289645 0.191304 0.028647 0.02448
2 0.264047 0.179083 0.019384 0.020522
2 0.456932 0.203689 0.058967 0.077406
2 0.386745 0.152098 0.024165 0.023582
0 0.214741 0.116557 0.01384 0.049022
