0 0.081837 0.171593 0.015211 0.049325
0 0.093064 0.169381 0.014607 0.048001
0 0.121142 0.158978 0.015212 0.051982
0 0.134921 0.150185 0.014362 0.05353
0 0.148428 0.147465 0.013977 0.046406
0 0.122477 0.152805 0.010798 0.046115
0 0.150528 0.142512 0.01585 0.044968
0 0.163315 0.136114 0.016121 0.044711
0 0.178413 0.128166 0.015589 0.049642
0 0.197565 0.124138 0.014014 0.048503
0 0.927144 0.638043 0.102498 0.420182
1 0.085612 0.203704 0.01241 0.029305
2 0.147324 0.220228 0.009856 0.015216
2 0.57663 0.583488 0.176621 0.150127
2 0.31638 0.329942 0.04638 0.054053
2 0.20893 0.24469 0.020114 0.023078
2 0.180297 0.209494 0.016757 0.0236
2 0.180223 0.172967 0.015155 0.016127
2 0.31339 0.186795 0.027582 0.05886
2 0.273452 0.19136 0.018087 0.017002
2 0.246322 0.17596 0.01772 0.014495
2 0.411264 0.209376 0.040399 0.027376
2 0.376428 0.150328 0.019422 0.021189
0 0.214741 0.116557 0.01384 0.049022
