0 0.081837 0.171593 0.015211 0.049325
0 0.093064 0.169381 0.014607 0.048001
0 0.12214 0.157978 0.014533 0.053647
0 0.134921 0.150185 0.014362 0.05353
0 0.148428 0.147465 0.013977 0.046406
0 0.123489 0.152805 0.010798 0.046115
0 0.150528 0.142512 0.01585 0.044968
0 0.163315 0.136114 0.016121 0.044711
0 0.178413 0.128166 0.015589 0.049642
0 0.200987 0.120852 0.013779 0.050894
0 0.935141 0.641779 0.091758 0.406413
2 0.172923 0.260707 0.017096 0.02029
2 0.362949 0.567094 0.052617 0.136645
2 0.597044 0.481771 0.082638 0.130208
2 0.53862 0.491485 0.122389 0.131797
2 0.32459 0.373322 0.041925 0.041817
2 0.256595 0.285228 0.044756 0.050888
2 0.205281 0.227659 0.02302 0.026807
2 0.371579 0.222735 0.036883 0.059606
2 0.320252 0.200496 0.023342 0.047963
2 0.294632 0.178677 0.022266 0.024511
2 0.279993 0.153656 0.023707 0.017401
2 0.703126 0.322808 0.053591 0.052182
