0 0.081837 0.171593 0.015211 0.049325
0 0.092667 0.1685 0.014607 0.048001
0 0.121607 0.157517 0.014282 0.054903
0 0.135067 0.149952 0.01407 0.053996
0 0.148428 0.147465 0.013977 0.046406
0 0.122477 0.152805 0.010798 0.046115
0 0.150528 0.142512 0.01585 0.044968
0 0.163315 0.136114 0.016121 0.044711
0 0.177943 0.128166 0.015589 0.049642
0 0.196298 0.124138 0.014014 0.048503
0 0.06679 0.233902 0.018776 0.132318
2 0.425048 0.918494 0.154194 0.138889
2 0.094161 0.211365 0.012961 0.022241
2 0.221887 0.254051 0.021536 0.031958
2 0.173804 0.181181 0.015967 0.017425
1 0.162757 0.167979 0.013391 0.023355
1 0.182039 0.160612 0.01208 0.02106
1 0.146118 0.178345 0.014224 0.026322
2 0.296517 0.196913 0.020945 0.023246
2 0.250415 0.167523 0.011485 0.013691
2 0.245271 0.157044 0.009623 0.010349
2 0.692726 0.370263 0.110496 0.080804
2 0.298818 0.132782 0.017864 0.023647
0 0.215531 0.115151 0.01384 0.049022
