0 0.081837 0.171593 0.015211 0.049325
0 0.093064 0.169381 0.014607 0.048001
0 0.121142 0.158978 0.015212 0.051982
0 0.134921 0.150185 0.014362 0.05353
0 0.148428 0.147465 0.013977 0.046406
0 0.122477 0.152805 0.010798 0.046115
0 0.150528 0.142512 0.01585 0.044968
0 0.163315 0.136114 0.016121 0.044711
0 0.178413 0.128166 0.015589 0.049642
0 0.197565 0.124138 0.014014 0.048503
0 0.927144 0.638043 0.102498 0.420182
1 0.085612 0.203704 0.01241 0.029305
2 0.148138 0.222084 0.009294 0.017862
2 0.504662 0.512228 0.14995 0.119138
2 0.303553 0.315218 0.034929 0.037902
2 0.201544 0.229051 0.017476 0.024796
2 0.179322 0.205526 0.016304 0.018621
2 0.186272 0.17412 0.01364 0.021511
2 0.301586 0.180673 0.024714 0.053426
2 0.263881 0.183811 0.019384 0.020522
2 0.444702 0.216601 0.058852 0.044857
1 0.380176 0.148565 0.023045 0.031015
0 0.214741 0.116557 0.01384 0.049022
