0 0.081837 0.171593 0.015211 0.049325
0 0.093064 0.169381 0.014607 0.048001
0 0.121568 0.157602 0.014359 0.054733
0 0.134921 0.150185 0.014362 0.05353
0 0.148428 0.147465 0.013977 0.046406
0 0.122477 0.152805 0.010798 0.046115
0 0.150528 0.142512 0.01585 0.044968
0 0.163315 0.136114 0.016121 0.044711
0 0.178413 0.128166 0.015589 0.049642
0 0.196204 0.124138 0.014014 0.048503
0 0.956127 0.641466 0.086965 0.396235
2 0.096107 0.21994 0.008963 0.013377
2 0.128405 0.189729 0.009655 0.017929
2 0.28206 0.212189 0.020206 0.0288
2 0.358877 0.292171 0.040426 0.047648
2 0.684551 0.562352 0.091294 0.1638
2 0.486123 0.495321 0.136527 0.115128
1 0.163424 0.171602 0.017398 0.031854
2 0.620163 0.339849 0.065288 0.072028
1 0.847808 0.523867 0.047406 0.138889
2 0.725679 0.466663 0.128951 0.101191
2 0.223444 0.153945 0.014406 0.023612
1 0.291184 0.128873 0.014055 0.02331
0 0.214741 0.116557 0.01384 0.049022
