0 0.081837 0.171593 0.015211 0.049325
0 0.092667 0.1685 0.014607 0.048001
0 0.121607 0.157517 0.014282 0.054903
0 0.135067 0.149952 0.01407 0.053996
0 0.148428 0.147465 0.013977 0.046406
0 0.122477 0.152805 0.010798 0.046115
0 0.150528 0.142512 0.01585 0.044968
0 0.163315 0.136114 0.016121 0.044711
0 0.178413 0.126915 0.015589 0.049642
0 0.19627 0.124138 0.014014 0.048503
0 0.068554 0.202257 0.015515 0.102195
2 0.616745 0.856959 0.086582 0.166094
2 0.106632 0.217164 0.011655 0.01636
2 0.47894 0.479725 0.136659 0.139036
2 0.212261 0.237747 0.024858 0.034148
2 0.202591 0.212421 0.019883 0.02017
2 0.160771 0.173947 0.010564 0.013916
2 0.162057 0.191784 0.012248 0.015799
2 0.572634 0.345461 0.088315 0.071961
2 0.455596 0.291241 0.053013 0.039683
2 0.37818 0.242733 0.039426 0.022287
2 0.416382 0.202523 0.031246 0.03928
2 0.296941 0.131593 0.021524 0.021966
0 0.215423 0.114452 0.013623 0.050126
