0 0.081837 0.171593 0.015211 0.049325
0 0.092667 0.1685 0.014607 0.048001
0 0.077699 0.179485 0.015265 0.089471
0 0.135067 0.149952 0.01407 0.053996
0 0.148428 0.147465 0.013977 0.046406
0 0.123218 0.15461 0.014486 0.046767
0 0.150528 0.142512 0.01585 0.044968
0 0.163315 0.136114 0.016121 0.044711
0 0.178413 0.126915 0.015589 0.049642
0 0.194966 0.124138 0.014014 0.048503
0 0.061243 0.17818 0.015675 0.089203
2 0.314593 0.442155 0.059261 0.065184
2 0.142345 0.219554 0.015279 0.02264
2 0.29139 0.232436 0.026856 0.033151
2 0.664166 0.552545 0.116981 0.177703
2 0.757261 0.758043 0.075949 0.105999
2 0.335584 0.346357 0.056105 0.073279
2 0.516183 0.510362 0.099826 0.119048
2 0.348758 0.180077 0.030779 0.035592
2 0.420665 0.208332 0.037463 0.032116
2 0.56803 0.302212 0.060914 0.059225
1 0.221346 0.14842 0.011985 0.027522
1 0.293448 0.130402 0.021154 0.028476
0 0.215423 0.114452 0.013623 0.050126
