0 0.081837 0.171593 0.015211 0.049325
0 0.093064 0.169381 0.014607 0.048001
0 0.121607 0.157517 0.014282 0.054903
0 0.135067 0.149952 0.01407 0.053996
0 0.148428 0.147465 0.013977 0.046406
0 0.122477 0.152805 0.010798 0.046115
0 0.150528 0.142512 0.01585 0.044968
0 0.163315 0.136114 0.016121 0.044711
0 0.178413 0.128166 0.015589 0.049642
0 0.197004 0.124138 0.014014 0.048503
0 0.077091 0.300004 0.025986 0.199754
1 0.223005 0.540069 0.052817 0.095527
1 0.090142 0.21096 0.010599 0.024773
2 0.174897 0.191826 0.017194 0.021845
1 0.158118 0.170103 0.01119 0.023896
1 0.170535 0.1664 0.010834 0.022347
2 0.210165 0.183615 0.01765 0.019353
1 0.142764 0.178173 0.014224 0.026322
1 0.212169 0.151692 0.013534 0.026312
1 0.221825 0.147091 0.010841 0.025079
1 0.230709 0.142023 0.009908 0.021509
2 0.824777 0.536376 0.147321 0.093915
1 0.296584 0.129521 0.018666 0.029215
0 0.215531 0.115151 0.01384 0.049022
