0 0.081837 0.171593 0.015211 0.049325
0 0.093325 0.168778 0.014084 0.049208
0 0.121607 0.157517 0.014282 0.054903
0 0.135067 0.149952 0.01407 0.053996
0 0.148428 0.147465 0.013977 0.046406
0 0.122477 0.152805 0.010798 0.046115
0 0.150528 0.142512 0.01585 0.044968
0 0.163315 0.136114 0.016121 0.044711
0 0.178413 0.128166 0.015589 0.049642
0 0.197004 0.124138 0.014014 0.048503
0 0.078845 0.381776 0.036885 0.274869
2 0.169489 0.416434 0.036441 0.081562
1 0.090776 0.209305 0.011719 0.025641
1 0.1574 0.171141 0.014251 0.027919
1 0.169415 0.165435 0.01119 0.023896
1 0.183379 0.161275 0.012429 0.02196
2 0.241933 0.204909 0.024046 0.026624
1 0.142429 0.179534 0.014224 0.026322
1 0.209799 0.151926 0.013534 0.026312
1 0.227714 0.142671 0.012411 0.025879
2 0.24375 0.140963 0.013952 0.018592
2 0.63724 0.395833 0.155729 0.091667
1 0.296584 0.129521 0.018666 0.029215
0 0.214741 0.116557 0.01384 0.049022
