0 0.081837 0.171593 0.015211 0.049325
0 0.092667 0.1685 0.014607 0.048001
0 0.121607 0.157517 0.014282 0.054903
0 0.135067 0.149952 0.01407 0.053996
0 0.148428 0.147465 0.013977 0.046406
0 0.122477 0.152805 0.010798 0.046115
0 0.150528 0.142512 0.01585 0.044968
0 0.163315 0.136114 0.016121 0.044711
0 0.178413 0.128166 0.015589 0.049642
0 0.196116 0.124769 0.014014 0.048503
0 0.070251 0.271714 0.021894 0.167165
1 0.274756 0.658963 0.078049 0.139269
2 0.087775 0.214282 0.010858 0.027628
2 0.183918 0.205286 0.016503 0.024115
1 0.157739 0.170103 0.01119 0.023896
1 0.170535 0.1664 0.010834 0.022347
2 0.19971 0.175226 0.015306 0.018938
1 0.146118 0.178345 0.014224 0.026322
2 0.237915 0.162389 0.012673 0.01551
1 0.213386 0.149039 0.010841 0.025079
1 0.227586 0.142972 0.009908 0.021509
1 0.872079 0.556862 0.049683 0.124141
1 0.296111 0.12835 0.020265 0.02649
0 0.215531 0.115151 0.01384 0.049022
