0 0.081837 0.171593 0.015211 0.049325
0 0.093064 0.169381 0.014607 0.048001
0 0.12214 0.157978 0.014533 0.053647
0 0.134921 0.150185 0.014362 0.05353
0 0.148428 0.147465 0.013977 0.046406
0 0.123489 0.152805 0.010798 0.046115
0 0.150528 0.142512 0.01585 0.044968
0 0.163315 0.136114 0.016121 0.044711
0 0.178413 0.128166 0.015589 0.049642
0 0.200987 0.120852 0.013779 0.050894
0 0.937218 0.634529 0.096253 0.413758
2 0.163813 0.242911 0.016533 0.017991
1 0.36373 0.556488 0.042025 0.136186
2 0.504422 0.369644 0.076136 0.072787
2 0.734165 0.658127 0.121839 0.121825
2 0.431139 0.43796 0.067461 0.082506
2 0.294647 0.326717 0.042278 0.045553
2 0.232946 0.246305 0.029758 0.038187
2 0.438477 0.28388 0.043501 0.036195
2 0.365967 0.249479 0.033061 0.027729
2 0.320474 0.20913 0.029924 0.027714
2 0.247329 0.142761 0.012673 0.020833
2 0.772594 0.377199 0.062662 0.055899
