0 0.081837 0.171593 0.015211 0.049325
0 0.093064 0.168496 0.014607 0.049772
0 0.121607 0.157517 0.014282 0.054903
0 0.135067 0.149952 0.01407 0.053996
0 0.148428 0.147465 0.013977 0.046406
0 0.122477 0.152805 0.010798 0.046115
0 0.150528 0.142512 0.01585 0.044968
0 0.163315 0.136114 0.016121 0.044711
0 0.178413 0.128166 0.015589 0.049642
0 0.197004 0.124138 0.014014 0.048503
0 0.078461 0.394598 0.039735 0.28904
2 0.168497 0.422541 0.027977 0.059769
1 0.090333 0.208125 0.011719 0.025641
1 0.157998 0.171353 0.014251 0.027919
1 0.171267 0.164327 0.01119 0.023896
2 0.184403 0.162662 0.012429 0.02196
2 0.24617 0.207555 0.024046 0.026624
1 0.142429 0.179534 0.014224 0.026322
1 0.211615 0.150297 0.013534 0.026312
1 0.229611 0.143796 0.012411 0.025879
2 0.246333 0.14178 0.013952 0.018592
2 0.629246 0.394626 0.143003 0.07186
1 0.297914 0.128043 0.018666 0.029215
0 0.214741 0.116557 0.01384 0.049022
