0 0.081837 0.173719 0.015211 0.049325
0 0.093064 0.169381 0.014607 0.048001
0 0.12214 0.157978 0.014533 0.053647
0 0.134921 0.150185 0.014362 0.05353
0 0.148428 0.147465 0.013977 0.046406
0 0.123489 0.152805 0.010798 0.046115
0 0.150528 0.142512 0.01585 0.044968
0 0.163315 0.136114 0.016121 0.044711
0 0.178413 0.128166 0.015589 0.049642
0 0.200987 0.120852 0.013779 0.050894
0 0.906912 0.659013 0.11326 0.438587
2 0.250703 0.356452 0.072183 0.053225
1 0.391705 0.605352 0.110145 0.121762
2 0.387824 0.409788 0.085586 0.080998
2 0.246268 0.263275 0.033583 0.033105
2 0.203088 0.226676 0.020048 0.023334
2 0.180632 0.196109 0.016562 0.023066
2 0.161786 0.177994 0.014318 0.021492
2 0.244776 0.166508 0.017324 0.019674
2 0.220224 0.156714 0.011674 0.022659
1 0.224007 0.145986 0.011021 0.023183
2 0.380059 0.197588 0.037008 0.032632
2 0.550267 0.262602 0.06021 0.048621
