0 0.081837 0.173719 0.015211 0.049325
0 0.093064 0.169381 0.014607 0.048001
0 0.12214 0.157978 0.014533 0.053647
0 0.134921 0.150185 0.014362 0.05353
0 0.148428 0.147465 0.013977 0.046406
0 0.123489 0.152805 0.010798 0.046115
0 0.150528 0.142512 0.01585 0.044968
0 0.163315 0.136114 0.016121 0.044711
0 0.178413 0.128166 0.015589 0.049642
0 0.200987 0.120852 0.013779 0.050894
0 0.924493 0.67423 0.097443 0.455112
2 0.193549 0.278297 0.017385 0.021897
1 0.364669 0.546628 0.060384 0.107379
2 0.735929 0.729067 0.108199 0.099295
2 0.41009 0.391045 0.094506 0.074596
2 0.269713 0.302902 0.032227 0.037103
2 0.22232 0.254012 0.022005 0.030093
2 0.190098 0.205969 0.017405 0.021268
2 0.326846 0.210422 0.029741 0.029109
2 0.273681 0.189562 0.022503 0.024155
2 0.258467 0.170203 0.015487 0.016538
2 0.30742 0.155631 0.027021 0.031516
2 0.6724 0.311465 0.060568 0.044836
