0 0.081837 0.171593 0.015211 0.049325
0 0.092553 0.167083 0.014607 0.048001
0 0.090998 0.209976 0.018249 0.131194
0 0.135067 0.149952 0.01407 0.053996
0 0.148428 0.147465 0.013977 0.046406
0 0.123218 0.15461 0.014486 0.046767
0 0.150528 0.142512 0.01585 0.044968
0 0.163315 0.136114 0.016121 0.044711
0 0.178413 0.126915 0.015589 0.049642
0 0.194784 0.123564 0.013686 0.046835
0 0.059062 0.195372 0.015652 0.054937
2 0.152403 0.241726 0.015329 0.024645
2 0.124214 0.251277 0.0143 0.018795
2 0.177114 0.177438 0.013639 0.02664
2 0.236344 0.18857 0.020054 0.024575
2 0.26116 0.214779 0.016361 0.021102
2 0.470957 0.36071 0.074276 0.08474
2 0.366421 0.270805 0.051129 0.046421
1 0.213535 0.150324 0.015826 0.028131
1 0.230412 0.142688 0.013347 0.026284
2 0.244556 0.142261 0.015695 0.012681
2 0.416218 0.261015 0.056034 0.047893
1 0.278277 0.131624 0.018786 0.030141
0 0.215423 0.114452 0.013623 0.050126
