0 0.081837 0.171593 0.015211 0.049325
0 0.092553 0.167083 0.014607 0.048001
0 0.082164 0.194532 0.016592 0.105924
0 0.135067 0.149952 0.01407 0.053996
0 0.148428 0.147465 0.013977 0.046406
0 0.123218 0.15461 0.014486 0.046767
0 0.150528 0.142512 0.01585 0.044968
0 0.163315 0.136114 0.016121 0.044711
0 0.178413 0.126915 0.015589 0.049642
0 0.195716 0.124138 0.014014 0.048503
0 0.084757 0.164849 0.012777 0.068795
1 0.27184 0.380522 0.057282 0.051743
2 0.147495 0.224558 0.014316 0.018839
2 0.264511 0.209834 0.021979 0.025853
2 0.533401 0.404082 0.094623 0.103019
2 0.693263 0.590278 0.049118 0.150578
2 0.406474 0.417805 0.098937 0.085383
1 0.626709 0.591146 0.168457 0.104167
2 0.306871 0.170275 0.036163 0.021531
2 0.365752 0.185592 0.035542 0.026543
2 0.48701 0.245026 0.041996 0.039809
2 0.230785 0.154119 0.014801 0.02999
1 0.292815 0.130683 0.021154 0.028476
0 0.215423 0.114452 0.013623 0.050126
