0 0.081837 0.171593 0.015211 0.049325
0 0.093064 0.169381 0.014607 0.048001
0 0.121142 0.158978 0.015212 0.051982
0 0.134921 0.150185 0.014362 0.05353
0 0.148428 0.147465 0.013977 0.046406
0 0.122477 0.152805 0.010798 0.046115
0 0.150528 0.142512 0.01585 0.044968
0 0.163315 0.136114 0.016121 0.044711
0 0.178413 0.128166 0.015589 0.049642
0 0.197565 0.124138 0.014014 0.048503
0 0.927144 0.638043 0.102498 0.420182
1 0.085612 0.203704 0.01241 0.029305
2 0.146951 0.21849 0.010059 0.017362
1 0.606601 0.61506 0.178215 0.171076
2 0.326693 0.346048 0.048576 0.04759
2 0.212213 0.248273 0.026919 0.030944
2 0.183239 0.214143 0.016757 0.0236
2 0.178425 0.171224 0.015155 0.016127
2 0.320659 0.207497 0.03082 0.024941
2 0.278406 0.193731 0.018087 0.017002
2 0.248037 0.176638 0.01772 0.014495
2 0.406983 0.206522 0.040399 0.027376
2 0.375452 0.14946 0.019422 0.021189
0 0.214741 0.116557 0.01384 0.049022
