0 0.081837 0.173719 0.015211 0.049325
0 0.093064 0.169381 0.014607 0.048001
0 0.12214 0.157978 0.014533 0.053647
0 0.134921 0.150185 0.014362 0.05353
0 0.148428 0.147465 0.013977 0.046406
0 0.123486 0.153978 0.010552 0.044431
0 0.14994 0.138335 0.01585 0.044968
0 0.163315 0.136114 0.016121 0.044711
0 0.178413 0.128166 0.015589 0.049642
0 0.201266 0.119863 0.013779 0.050894
0 0.897112 0.757738 0.124526 0.483135
1 0.621405 0.842846 0.107995 0.175721
2 0.553424 0.98148 0.060414 0.040034
2 0.201014 0.223611 0.021669 0.029656
2 0.163594 0.188398 0.017613 0.019011
1 0.162619 0.171255 0.009295 0.026755
1 0.171932 0.165742 0.007679 0.021813
1 0.180702 0.166127 0.009242 0.024281
1 0.227386 0.149858 0.010593 0.024822
2 0.24833 0.148238 0.014278 0.017413
2 0.286328 0.154688 0.026953 0.032986
1 0.667888 0.339705 0.084971 0.122423
2 0.419616 0.189924 0.035268 0.025328
