0 0.081837 0.171593 0.015211 0.049325
0 0.092667 0.1685 0.014607 0.048001
0 0.121607 0.157517 0.014282 0.054903
0 0.135067 0.149952 0.01407 0.053996
0 0.148428 0.147465 0.013977 0.046406
0 0.122477 0.152805 0.010798 0.046115
0 0.150528 0.142512 0.01585 0.044968
0 0.163315 0.136114 0.016121 0.044711
0 0.178413 0.126915 0.015589 0.049642
0 0.196366 0.123207 0.012737 0.047336
0 0.068554 0.202257 0.015515 0.102195
2 0.487269 0.764571 0.098152 0.103709
2 0.109764 0.213784 0.013905 0.02926
2 0.609585 0.580515 0.195264 0.15643
2 0.231653 0.250446 0.025983 0.038278
2 0.208255 0.229001 0.014939 0.01871
2 0.172974 0.18657 0.010564 0.013916
2 0.185129 0.197192 0.012248 0.015799
2 0.68665 0.422572 0.139243 0.071334
1 0.533558 0.31901 0.059038 0.086411
2 0.425322 0.265114 0.059743 0.034314
2 0.370563 0.198278 0.063101 0.027652
2 0.296941 0.131593 0.021524 0.021966
0 0.215423 0.114452 0.013623 0.050126
