0 0.081837 0.171593 0.015211 0.049325
0 0.093064 0.169381 0.014607 0.048001
0 0.121568 0.157602 0.014359 0.054733
0 0.134921 0.150185 0.014362 0.05353
0 0.148428 0.147465 0.013977 0.046406
0 0.122477 0.152805 0.010798 0.046115
0 0.150528 0.142512 0.01585 0.044968
0 0.163315 0.136114 0.016121 0.044711
0 0.178413 0.128166 0.015589 0.049642
0 0.196204 0.124138 0.014014 0.048503
0 0.95652 0.642856 0.086178 0.393455
2 0.09519 0.220429 0.008963 0.013377
2 0.130222 0.191344 0.009655 0.017929
2 0.278995 0.219359 0.020772 0.023299
2 0.353025 0.278996 0.039599 0.053822
2 0.664785 0.52878 0.087457 0.146942
1 0.501346 0.505501 0.165498 0.127626
1 0.163424 0.171602 0.017398 0.031854
2 0.620837 0.335593 0.089281 0.081632
1 0.863536 0.517318 0.050555 0.155984
2 0.745907 0.476658 0.120402 0.080776
1 0.291663 0.128306 0.014055 0.02331
0 0.214741 0.116557 0.01384 0.049022
