0 0.081837 0.171593 0.015211 0.049325
0 0.092667 0.1685 0.014607 0.048001
0 0.078585 0.180272 0.015265 0.089471
0 0.135067 0.149952 0.01407 0.053996
0 0.148428 0.147465 0.013977 0.046406
0 0.123218 0.15461 0.014486 0.046767
0 0.150528 0.142512 0.01585 0.044968
0 0.163315 0.136114 0.016121 0.044711
0 0.178413 0.126915 0.015589 0.049642
0 0.195502 0.124138 0.014014 0.048503
0 0.061243 0.17818 0.015675 0.089203
2 0.300927 0.413407 0.078598 0.116866
2 0.145884 0.220903 0.015279 0.02264
2 0.283725 0.228511 0.036527 0.035907
1 0.646556 0.52727 0.118902 0.169276
2 0.755223 0.764082 0.075949 0.105999
2 0.348201 0.356266 0.081577 0.067183
2 0.53311 0.520503 0.133185 0.137566
2 0.344055 0.185576 0.036817 0.027211
2 0.409523 0.20173 0.035513 0.032707
2 0.551697 0.291682 0.058325 0.055525
2 0.22305 0.152576 0.013216 0.024225
1 0.293448 0.130402 0.021154 0.028476
0 0.215423 0.114452 0.013623 0.050126
