0 0.081837 0.171593 0.015211 0.049325
0 0.093064 0.169381 0.014607 0.048001
0 0.121532 0.157273 0.013318 0.052237
0 0.134921 0.150185 0.014362 0.05353
0 0.148428 0.147465 0.013977 0.046406
0 0.122477 0.152805 0.010798 0.046115
0 0.150528 0.142512 0.01585 0.044968
0 0.163315 0.136114 0.016121 0.044711
0 0.178413 0.128166 0.015589 0.049642
0 0.200987 0.120852 0.013779 0.050894
0 0.952467 0.694069 0.096803 0.434748
2 0.131157 0.198149 0.009734 0.016979
1 0.288929 0.439962 0.051738 0.068605
2 0.290682 0.222459 0.0322 0.038514
2 0.422177 0.333717 0.058497 0.05258
1 0.707999 0.588812 0.10037 0.155709
1 0.691328 0.654344 0.217047 0.15163
2 0.377762 0.356309 0.066884 0.064482
2 0.798316 0.478695 0.113016 0.110572
1 0.689107 0.415547 0.095451 0.103047
2 0.536323 0.336471 0.076547 0.056448
2 0.241301 0.171308 0.016845 0.017478
1 0.933832 0.475457 0.031832 0.073097
0 0.339222 0.077967 0.017933 0.073864
