0 0.081837 0.171593 0.015211 0.049325
0 0.092667 0.1685 0.014607 0.048001
0 0.121607 0.157517 0.014282 0.054903
0 0.135067 0.149952 0.01407 0.053996
0 0.148428 0.147465 0.013977 0.046406
0 0.122477 0.152805 0.010798 0.046115
0 0.150528 0.142512 0.01585 0.044968
0 0.163315 0.136114 0.016121 0.044711
0 0.178413 0.126915 0.015589 0.049642
0 0.196529 0.124719 0.012899 0.045215
0 0.068554 0.202257 0.015515 0.102195
1 0.626708 0.841503 0.059198 0.198121
2 0.106407 0.217749 0.010305 0.023934
2 0.454314 0.484098 0.117754 0.116747
2 0.211863 0.240158 0.019371 0.021915
2 0.195801 0.209722 0.022461 0.022222
2 0.161532 0.174611 0.010564 0.013916
2 0.162634 0.19051 0.012248 0.015799
2 0.558929 0.34451 0.07782 0.042318
2 0.44448 0.287845 0.045303 0.034106
2 0.368718 0.23654 0.032463 0.027649
2 0.424164 0.216107 0.048467 0.037021
2 0.292949 0.133114 0.021524 0.021966
0 0.215423 0.114452 0.013623 0.050126
