0 0.081837 0.171593 0.015211 0.049325
0 0.092667 0.1685 0.014607 0.048001
0 0.078854 0.185411 0.015804 0.093059
0 0.135067 0.149952 0.01407 0.053996
0 0.148428 0.147465 0.013977 0.046406
0 0.123218 0.15461 0.014486 0.046767
0 0.150528 0.142512 0.01585 0.044968
0 0.163315 0.136114 0.016121 0.044711
0 0.178413 0.126915 0.015589 0.049642
0 0.195452 0.123218 0.014014 0.048503
0 0.062095 0.174286 0.015675 0.089203
2 0.285957 0.423494 0.090764 0.065829
2 0.147483 0.220086 0.016405 0.019668
2 0.284517 0.222563 0.033893 0.031065
2 0.64214 0.515797 0.118902 0.169276
2 0.742109 0.7457 0.064001 0.121504
2 0.358653 0.372213 0.082852 0.076522
2 0.553741 0.532623 0.170371 0.14973
2 0.337291 0.18187 0.028783 0.022346
2 0.391916 0.18604 0.03616 0.052556
2 0.532649 0.263082 0.058777 0.075993
2 0.224649 0.15154 0.012942 0.017908
1 0.292815 0.130683 0.021154 0.028476
0 0.215423 0.114452 0.013623 0.050126
