0 0.081837 0.171593 0.015211 0.049325
0 0.092553 0.167083 0.014607 0.048001
0 0.082459 0.189133 0.016887 0.102437
0 0.135067 0.149952 0.01407 0.053996
0 0.148428 0.147465 0.013977 0.046406
0 0.123218 0.15461 0.014486 0.046767
0 0.150528 0.142512 0.01585 0.044968
0 0.163315 0.136114 0.016121 0.044711
0 0.178413 0.126915 0.015589 0.049642
0 0.195023 0.124641 0.014014 0.048503
0 0.078454 0.168065 0.014918 0.072316
2 0.273521 0.387621 0.071277 0.046217
2 0.148292 0.223951 0.014316 0.018839
2 0.26972 0.216419 0.021668 0.025819
1 0.54875 0.4165 0.080037 0.081855
1 0.706626 0.615655 0.046877 0.17913
2 0.39756 0.405596 0.112375 0.083535
2 0.60715 0.581462 0.148292 0.093885
2 0.306859 0.164107 0.025694 0.036279
2 0.372877 0.187144 0.034942 0.022186
2 0.491773 0.247002 0.042147 0.047233
2 0.227316 0.157087 0.01459 0.022172
1 0.292815 0.130683 0.021154 0.028476
0 0.215423 0.114452 0.013623 0.050126
