0 0.081837 0.171593 0.015211 0.049325
0 0.093064 0.169381 0.014607 0.048001
0 0.12181 0.158081 0.013876 0.053776
0 0.134921 0.150185 0.014362 0.05353
0 0.148428 0.147465 0.013977 0.046406
0 0.122477 0.152805 0.010798 0.046115
0 0.150528 0.142512 0.01585 0.044968
0 0.163315 0.136114 0.016121 0.044711
0 0.178413 0.128166 0.015589 0.049642
0 0.196204 0.124138 0.014014 0.048503
0 0.958525 0.648325 0.082168 0.407517
1 0.096873 0.202538 0.01161 0.027488
2 0.136542 0.199745 0.010251 0.017343
2 0.496187 0.365559 0.073301 0.059768
2 0.754191 0.730812 0.079196 0.13817
2 0.361965 0.382095 0.051462 0.052651
2 0.262111 0.290703 0.027923 0.036084
1 0.161825 0.17361 0.014661 0.028763
2 0.558764 0.350745 0.057178 0.044283
2 0.436176 0.282849 0.052618 0.037682
2 0.364943 0.240788 0.033703 0.030146
2 0.294977 0.153911 0.024241 0.034968
2 0.316075 0.138912 0.016004 0.025777
0 0.214741 0.116557 0.01384 0.049022
