0 0.081837 0.171593 0.015211 0.049325
0 0.092667 0.1685 0.014607 0.048001
0 0.121607 0.157517 0.014282 0.054903
0 0.135067 0.149952 0.01407 0.053996
0 0.148428 0.147465 0.013977 0.046406
0 0.123572 0.154319 0.010798 0.046115
0 0.150528 0.142512 0.01585 0.044968
0 0.163315 0.136114 0.016121 0.044711
0 0.178413 0.126915 0.015589 0.049642
0 0.196287 0.125557 0.012579 0.046751
0 0.066452 0.203044 0.015515 0.102195
2 0.385879 0.50069 0.04138 0.091308
2 0.121613 0.208162 0.019243 0.01471
2 0.55535 0.436088 0.097701 0.102752
2 0.33798 0.363985 0.075656 0.073436
2 0.303535 0.303108 0.043865 0.028461
2 0.199298 0.228033 0.028061 0.029762
2 0.246498 0.262612 0.03113 0.03725
1 0.668136 0.372728 0.127599 0.092276
2 0.864907 0.550835 0.060873 0.08645
2 0.668173 0.427752 0.12711 0.074975
2 0.30707 0.155915 0.031974 0.042096
1 0.290005 0.132097 0.014954 0.023586
0 0.215423 0.114452 0.013623 0.050126
