0 0.081837 0.171593 0.015211 0.049325
0 0.093064 0.169381 0.014607 0.048001
0 0.121325 0.158467 0.014846 0.053003
0 0.134921 0.150185 0.014362 0.05353
0 0.148428 0.147465 0.013977 0.046406
0 0.122477 0.152805 0.010798 0.046115
0 0.150528 0.142512 0.01585 0.044968
0 0.163315 0.136114 0.016121 0.044711
0 0.178413 0.128166 0.015589 0.049642
0 0.196204 0.124138 0.014014 0.048503
0 0.92801 0.638358 0.10338 0.420814
1 0.097756 0.20344 0.01161 0.027488
2 0.141341 0.202205 0.010251 0.017343
2 0.566791 0.416772 0.085046 0.080716
2 0.646065 0.607731 0.193104 0.158164
2 0.312754 0.331665 0.035511 0.049152
2 0.23271 0.267962 0.02818 0.032547
1 0.163568 0.169487 0.014661 0.028763
2 0.46521 0.293186 0.059326 0.045573
1 0.393142 0.247709 0.058996 0.03866
2 0.332209 0.199583 0.034987 0.056239
2 0.313564 0.164559 0.025839 0.027021
2 0.331271 0.132798 0.013107 0.015303
0 0.214741 0.116557 0.01384 0.049022
