0 0.081837 0.171593 0.015211 0.049325
0 0.093064 0.169381 0.014607 0.048001
0 0.121532 0.157273 0.013318 0.052237
0 0.134921 0.150185 0.014362 0.05353
0 0.148428 0.147465 0.013977 0.046406
0 0.122477 0.152805 0.010798 0.046115
0 0.150528 0.142512 0.01585 0.044968
0 0.163315 0.136114 0.016121 0.044711
0 0.178413 0.128166 0.015589 0.049642
0 0.200987 0.120852 0.013779 0.050894
0 0.952467 0.694069 0.096803 0.434748
2 0.128045 0.188311 0.011467 0.015164
2 0.244591 0.38207 0.040102 0.048039
2 0.241411 0.19279 0.022005 0.022167
2 0.324629 0.259727 0.031594 0.036102
2 0.490566 0.364354 0.056259 0.072148
2 0.643226 0.54335 0.104173 0.210402
1 0.471634 0.422767 0.045034 0.121375
2 0.560813 0.280478 0.062359 0.077239
2 0.870738 0.526331 0.054764 0.06845
2 0.817723 0.529243 0.135326 0.10584
2 0.279151 0.189059 0.022819 0.022634
2 0.927988 0.472372 0.031832 0.073097
0 0.322195 0.082025 0.016746 0.075861
