0 0.081837 0.171593 0.015211 0.049325
0 0.092667 0.1685 0.014607 0.048001
0 0.078259 0.185623 0.015804 0.093059
0 0.135067 0.149952 0.01407 0.053996
0 0.148428 0.147465 0.013977 0.046406
0 0.123218 0.15461 0.014486 0.046767
0 0.150528 0.142512 0.01585 0.044968
0 0.163315 0.136114 0.016121 0.044711
0 0.178413 0.126915 0.015589 0.049642
0 0.195193 0.124138 0.014014 0.048503
0 0.063531 0.174286 0.015675 0.089203
1 0.289813 0.390875 0.050945 0.110137
2 0.147483 0.220086 0.016405 0.019668
2 0.283353 0.221972 0.033893 0.031065
2 0.615799 0.473003 0.113365 0.108831
2 0.736229 0.740099 0.056021 0.151746
2 0.370923 0.384653 0.085286 0.07946
2 0.576459 0.553956 0.157982 0.149744
2 0.324495 0.16463 0.040684 0.052077
2 0.388889 0.2 0.045833 0.028395
2 0.529539 0.273604 0.064793 0.056039
2 0.229371 0.15154 0.012942 0.017908
1 0.292815 0.130683 0.021154 0.028476
0 0.215423 0.114452 0.013623 0.050126
