0 0.081837 0.171593 0.015211 0.049325
0 0.092553 0.167083 0.014607 0.048001
0 0.089779 0.209974 0.019874 0.131189
0 0.135067 0.149952 0.01407 0.053996
0 0.148428 0.147465 0.013977 0.046406
0 0.123218 0.15461 0.014486 0.046767
0 0.150528 0.142512 0.01585 0.044968
0 0.163315 0.136114 0.016121 0.044711
0 0.178413 0.126915 0.015589 0.049642
0 0.194874 0.123191 0.014014 0.048503
0 0.062002 0.194898 0.013986 0.049596
2 0.174264 0.271351 0.014754 0.026743
1 0.122216 0.234276 0.011951 0.040544
2 0.195603 0.164972 0.014859 0.020193
2 0.305893 0.23534 0.030254 0.033435
2 0.389928 0.287456 0.046093 0.051124
1 0.744708 0.690786 0.078901 0.214174
2 0.550716 0.50459 0.118402 0.112932
1 0.221568 0.149845 0.013516 0.025842
2 0.252322 0.142436 0.014011 0.014966
2 0.308517 0.169771 0.022675 0.017969
2 0.321964 0.20711 0.037858 0.028757
2 0.287521 0.132553 0.020646 0.016699
0 0.215423 0.114452 0.013623 0.050126
