0 0.081837 0.171593 0.015211 0.049325
0 0.093064 0.169381 0.014607 0.048001
0 0.121084 0.161973 0.014214 0.042838
0 0.134921 0.150185 0.014362 0.05353
0 0.148428 0.147465 0.013977 0.046406
0 0.122477 0.152805 0.010798 0.046115
0 0.150528 0.142512 0.01585 0.044968
0 0.163315 0.136114 0.016121 0.044711
0 0.178413 0.128166 0.015589 0.049642
0 0.200987 0.120852 0.013779 0.050894
0 0.952467 0.694069 0.096803 0.434748
1 0.122003 0.19204 0.010656 0.021646
1 0.233228 0.353556 0.030197 0.037979
2 0.217878 0.182131 0.021678 0.023496
2 0.279158 0.227673 0.037485 0.039184
2 0.403792 0.300079 0.044982 0.047141
2 0.524386 0.394843 0.112776 0.096329
2 0.497738 0.494301 0.050855 0.069302
2 0.460058 0.238107 0.039404 0.038586
1 0.680335 0.357005 0.086595 0.090678
2 0.790273 0.481753 0.0964 0.123238
2 0.314746 0.206632 0.024429 0.0273
2 0.836627 0.386704 0.071929 0.074545
0 0.256917 0.093854 0.017769 0.072838
