0 0.081837 0.171593 0.015211 0.049325
0 0.093064 0.169381 0.014607 0.048001
0 0.121142 0.158978 0.015212 0.051982
0 0.134921 0.150185 0.014362 0.05353
0 0.148428 0.147465 0.013977 0.046406
0 0.122477 0.152805 0.010798 0.046115
0 0.150528 0.142512 0.01585 0.044968
0 0.163315 0.136114 0.016121 0.044711
0 0.178413 0.128166 0.015589 0.049642
0 0.197565 0.124138 0.014014 0.048503
0 0.927144 0.638043 0.102498 0.420182
1 0.085612 0.203704 0.01241 0.029305
2 0.150685 0.224765 0.010647 0.018829
2 0.441026 0.458362 0.101579 0.101794
2 0.288974 0.287724 0.023499 0.042403
2 0.200805 0.225113 0.020612 0.023265
2 0.1769 0.195016 0.015863 0.019495
2 0.193083 0.178377 0.014225 0.019181
2 0.283013 0.182205 0.024761 0.033213
2 0.247873 0.174806 0.019261 0.02017
2 0.467397 0.227737 0.060649 0.042211
2 0.388604 0.160556 0.020751 0.028177
0 0.214741 0.116557 0.01384 0.049022
