0 0.081837 0.173719 0.015211 0.049325
0 0.093064 0.169381 0.014607 0.048001
0 0.12214 0.157978 0.014533 0.053647
0 0.134921 0.150185 0.014362 0.05353
0 0.148428 0.147465 0.013977 0.046406
0 0.123489 0.152805 0.010798 0.046115
0 0.150528 0.142512 0.01585 0.044968
0 0.163315 0.136114 0.016121 0.044711
0 0.178413 0.128166 0.015589 0.049642
0 0.200987 0.120852 0.013779 0.050894
0 0.906808 0.660384 0.113467 0.435847
1 0.335606 0.473413 0.096452 0.082332
1 0.62915 0.886285 0.07373 0.157986
2 0.259577 0.292269 0.037677 0.042293
2 0.200935 0.219722 0.022273 0.021947
2 0.177147 0.191245 0.017865 0.023227
1 0.157202 0.173079 0.011047 0.021952
1 0.166951 0.168075 0.009242 0.024281
1 0.212934 0.153985 0.010891 0.025905
1 0.224139 0.145922 0.010509 0.027832
1 0.238995 0.144136 0.010084 0.018953
2 0.463566 0.231084 0.052325 0.054808
2 0.49531 0.224915 0.036585 0.0271
