0 0.081837 0.171593 0.015211 0.049325
0 0.092553 0.167083 0.014607 0.048001
0 0.089317 0.209974 0.019874 0.131189
0 0.135067 0.149952 0.01407 0.053996
0 0.148428 0.147465 0.013977 0.046406
0 0.123218 0.15461 0.014486 0.046767
0 0.150528 0.142512 0.01585 0.044968
0 0.163315 0.136114 0.016121 0.044711
0 0.178413 0.126915 0.015589 0.049642
0 0.194661 0.12379 0.014014 0.048503
0 0.060156 0.193308 0.014844 0.049495
2 0.180845 0.27802 0.019248 0.022293
2 0.118821 0.245104 0.015375 0.026942
2 0.20303 0.172799 0.015808 0.020451
2 0.316056 0.241699 0.031173 0.032317
2 0.411878 0.316863 0.03676 0.046526
1 0.732305 0.664926 0.064591 0.160358
2 0.616762 0.57151 0.132608 0.115739
2 0.230599 0.145501 0.011361 0.019129
2 0.253707 0.145522 0.014141 0.015817
2 0.316087 0.166447 0.021495 0.020699
2 0.312283 0.205914 0.034549 0.021914
2 0.288253 0.132777 0.020646 0.016699
0 0.215423 0.114452 0.013623 0.050126
