0 0.081837 0.171593 0.015211 0.049325
0 0.093064 0.169381 0.014607 0.048001
0 0.121532 0.157273 0.013318 0.052237
0 0.134921 0.150185 0.014362 0.05353
0 0.148428 0.147465 0.013977 0.046406
0 0.122477 0.152805 0.010798 0.046115
0 0.150528 0.142512 0.01585 0.044968
0 0.163315 0.136114 0.016121 0.044711
0 0.178413 0.128166 0.015589 0.049642
0 0.200987 0.120852 0.013779 0.050894
0 0.952712 0.689992 0.096313 0.442902
2 0.135827 0.214984 0.009241 0.016558
1 0.314686 0.457919 0.083921 0.101094
2 0.335379 0.2582 0.033373 0.039156
2 0.529056 0.415639 0.083146 0.097776
2 0.795678 0.717595 0.074938 0.114215
2 0.498322 0.516356 0.143166 0.149917
2 0.307115 0.307961 0.064925 0.050902
2 0.735943 0.446574 0.154327 0.070983
1 0.54437 0.323758 0.0542 0.075148
2 0.436709 0.269868 0.057971 0.046856
2 0.232368 0.158575 0.014951 0.020574
2 0.899175 0.467842 0.060504 0.059142
