0 0.081837 0.173719 0.015211 0.049325
0 0.093064 0.169381 0.014607 0.048001
0 0.12214 0.157978 0.014533 0.053647
0 0.134921 0.150185 0.014362 0.05353
0 0.148428 0.147465 0.013977 0.046406
0 0.123611 0.153647 0.010552 0.044431
0 0.150528 0.142512 0.01585 0.044968
0 0.163315 0.136114 0.016121 0.044711
0 0.178413 0.128166 0.015589 0.049642
0 0.200987 0.120852 0.013779 0.050894
0 0.907915 0.658299 0.115266 0.439435
1 0.396266 0.525717 0.089629 0.10308
1 0.627392 0.922723 0.11006 0.153165
2 0.243501 0.272562 0.040437 0.033466
2 0.190842 0.208598 0.020693 0.02075
2 0.169431 0.186663 0.012857 0.017273
1 0.163456 0.168629 0.008784 0.021869
1 0.172868 0.166466 0.009242 0.024281
1 0.213656 0.153619 0.012263 0.030176
1 0.225588 0.146138 0.010509 0.027832
2 0.246237 0.144652 0.009686 0.01527
2 0.513151 0.247087 0.047787 0.07334
2 0.477034 0.216909 0.035811 0.024482
