0 0.081837 0.171593 0.015211 0.049325
0 0.093064 0.169381 0.014607 0.048001
0 0.121532 0.157273 0.013318 0.052237
0 0.134921 0.150185 0.014362 0.05353
0 0.148428 0.147465 0.013977 0.046406
0 0.122477 0.152805 0.010798 0.046115
0 0.150528 0.142512 0.01585 0.044968
0 0.163315 0.136114 0.016121 0.044711
0 0.178413 0.128166 0.015589 0.049642
0 0.200987 0.120852 0.013779 0.050894
0 0.95272 0.696128 0.096297 0.43063
2 0.134481 0.208207 0.009734 0.016979
1 0.298289 0.4585 0.059955 0.076977
2 0.311707 0.236248 0.03362 0.045868
2 0.474846 0.359373 0.076287 0.093671
2 0.770898 0.69722 0.064604 0.109528
2 0.586892 0.573847 0.176452 0.152096
2 0.336081 0.326795 0.057004 0.050114
2 0.813608 0.490665 0.113273 0.08268
2 0.600555 0.368156 0.081499 0.086151
2 0.47755 0.300309 0.049242 0.033952
2 0.232562 0.1596 0.013612 0.018192
1 0.929241 0.475835 0.03192 0.060905
