0 0.081837 0.171593 0.015211 0.049325
0 0.093064 0.169381 0.014607 0.048001
0 0.121607 0.157517 0.014282 0.054903
0 0.135067 0.149952 0.01407 0.053996
0 0.148428 0.147465 0.013977 0.046406
0 0.122477 0.152805 0.010798 0.046115
0 0.150528 0.142512 0.01585 0.044968
0 0.163315 0.136114 0.016121 0.044711
0 0.178413 0.128166 0.015589 0.049642
0 0.196204 0.124138 0.014014 0.048503
0 0.893332 0.746133 0.115679 0.506346
2 0.114286 0.261873 0.011096 0.019179
2 0.126455 0.196852 0.011319 0.019409
2 0.188708 0.163193 0.015474 0.016475
2 0.218886 0.190095 0.017014 0.021715
2 0.306224 0.234437 0.026925 0.027719
2 0.492826 0.394167 0.118018 0.10783
2 0.163553 0.177653 0.017398 0.031854
2 0.308914 0.159641 0.023346 0.047472
2 0.398607 0.197251 0.03699 0.033786
1 0.474913 0.248836 0.037829 0.034736
2 0.310517 0.204032 0.022889 0.021779
1 0.296156 0.128963 0.01999 0.027549
0 0.214741 0.116557 0.01384 0.049022
