0 0.081837 0.173719 0.015211 0.049325
0 0.093064 0.169381 0.014607 0.048001
0 0.12214 0.157978 0.014533 0.053647
0 0.134921 0.150185 0.014362 0.05353
0 0.148428 0.147465 0.013977 0.046406
0 0.123604 0.153701 0.010552 0.044431
0 0.14994 0.138335 0.01585 0.044968
0 0.163315 0.136114 0.016121 0.044711
0 0.178413 0.128166 0.015589 0.049642
0 0.201266 0.119863 0.013779 0.050894
0 0.862936 0.776244 0.126829 0.445319
2 0.62717 0.838477 0.091146 0.159465
2 0.556279 0.942215 0.06414 0.108025
2 0.185743 0.213335 0.021669 0.029656
2 0.153112 0.182329 0.012285 0.029713
1 0.165607 0.17292 0.009295 0.026755
1 0.175625 0.166602 0.007679 0.021813
1 0.180336 0.170165 0.009242 0.024281
2 0.238958 0.147885 0.014027 0.018624
2 0.26996 0.156409 0.019275 0.024767
2 0.30913 0.162144 0.026186 0.049172
2 0.772089 0.453566 0.121559 0.136188
2 0.402446 0.184537 0.038762 0.029468
