0 0.081837 0.171593 0.015211 0.049325
0 0.092553 0.167083 0.014607 0.048001
0 0.084486 0.19638 0.016727 0.108278
0 0.135067 0.149952 0.01407 0.053996
0 0.148428 0.147465 0.013977 0.046406
0 0.123218 0.15461 0.014486 0.046767
0 0.150528 0.142512 0.01585 0.044968
0 0.163315 0.136114 0.016121 0.044711
0 0.178413 0.126915 0.015589 0.049642
0 0.195502 0.124138 0.014014 0.048503
0 0.095405 0.156304 0.010952 0.070742
2 0.259256 0.367045 0.044698 0.04432
2 0.146115 0.222318 0.014316 0.018839
2 0.256901 0.200045 0.021213 0.028954
2 0.500964 0.38553 0.081144 0.070266
2 0.663752 0.546811 0.072368 0.111027
2 0.427923 0.431004 0.108871 0.091398
2 0.64283 0.604212 0.087108 0.113382
2 0.29629 0.164045 0.022587 0.019133
2 0.349392 0.171639 0.045357 0.038171
2 0.462175 0.227585 0.037382 0.047652
2 0.239557 0.165562 0.015862 0.017174
1 0.292155 0.130488 0.021154 0.028476
0 0.215423 0.114452 0.013623 0.050126
