0 0.850758 0.283139 0.026425 0.138378
0 0.893154 0.367429 0.040023 0.257855
0 0.981525 0.432036 0.0349 0.142304
0 0.979604 0.45452 0.038742 0.139458
0 0.950948 0.517987 0.061475 0.302823
0 0.93798 0.586862 0.077805 0.34153
0 0.870307 0.800377 0.071401 0.225979
0 0.663265 0.612954 0.112404 0.449263
1 0.505093 0.912887 0.093453 0.153833
1 0.338212 0.821906 0.082081 0.295359
1 0.692693 0.716998 0.063388 0.222122
1 0.729113 0.70334 0.056495 0.195707
1 0.741508 0.672101 0.048234 0.179952
1 0.758152 0.622283 0.046196 0.180556
1 0.822195 0.554301 0.039062 0.121319
2 0.73501 0.425661 0.089185 0.089106
2 0.702195 0.309666 0.052881 0.074169
2 0.768893 0.361867 0.025244 0.081255
2 0.281684 0.190201 0.030816 0.035494
2 0.219562 0.173026 0.038404 0.030821
1 0.206971 0.14508 0.01181 0.038221
1 0.212043 0.138081 0.011961 0.043605
2 0.11659 0.177686 0.021923 0.022321
