0 0.01981 0.258433 0.02846 0.149802
0 0.015904 0.182044 0.012835 0.072421
0 0.024554 0.188988 0.017857 0.074405
1 0.216518 0.142361 0.014509 0.022817
1 0.230469 0.123016 0.013393 0.025794
1 0.314453 0.144841 0.016183 0.025794
2 0.299944 0.161706 0.019531 0.019841
1 0.334821 0.141865 0.018973 0.03373
1 0.34096 0.168651 0.027902 0.03373
1 0.606864 0.248016 0.037388 0.049603
1 0.701172 0.299107 0.036272 0.074405
2 0.84325 0.425145 0.023165 0.039567
1 0.875954 0.392442 0.024982 0.05814
1 0.855514 0.373466 0.021348 0.065407
0 0.308188 0.082973 0.019785 0.079365
0 0.673194 0.197511 0.031453 0.102814
0 0.686638 0.198413 0.024858 0.111833
0 0.750812 0.206981 0.027394 0.159632
0 0.765016 0.219607 0.027394 0.157828
0 0.749264 0.739734 0.129642 0.473027
0 0.853148 0.789553 0.107563 0.304952
0 0.915138 0.685386 0.058311 0.185185
0 0.942878 0.573671 0.049253 0.197262
0 0.942878 0.617955 0.051517 0.183172
0 0.973449 0.574678 0.040195 0.199275
0 0.976562 0.488627 0.044158 0.147947
0 0.981658 0.394525 0.033967 0.148953
0 0.871264 0.578704 0.056612 0.297907
0 0.911458 0.436292 0.046422 0.260668
1 0.942878 0.416667 0.03793 0.213366
0 0.934669 0.325584 0.036232 0.188205
