2 0.222676 0.261676 0.043697 0.06709
2 0.337546 0.242255 0.040387 0.049435
2 0.656667 0.415278 0.092029 0.101224
1 0.777496 0.52121 0.030456 0.070621
1 0.827152 0.511205 0.021186 0.064736
1 0.733137 0.594774 0.078125 0.125942
1 0.662957 0.683639 0.112553 0.09887
1 0.640446 0.747199 0.104608 0.101224
1 0.444141 0.897858 0.162209 0.145951
1 0.399268 0.970945 0.093651 0.056721
1 0.310401 0.791926 0.069518 0.193032
1 0.827152 0.401742 0.029131 0.078861
1 0.844697 0.412335 0.021849 0.05532
1 0.869194 0.42234 0.023173 0.049435
2 0.190125 0.155317 0.023804 0.024957
2 0.083923 0.230187 0.0177 0.022786
0 0.496826 0.133615 0.036621 0.087891
0 0.703735 0.231272 0.031738 0.08355
0 0.814819 0.236155 0.030518 0.15842
0 0.847473 0.308312 0.036011 0.100911
0 0.048523 0.526953 0.076294 0.351562
0 0.121765 0.773806 0.130005 0.432943
0 0.20968 0.85102 0.164233 0.296571
0 0.590247 0.89388 0.134351 0.210851
0 0.759277 0.713585 0.081787 0.327691
0 0.9198 0.579579 0.059814 0.23112
0 0.96344 0.562218 0.05188 0.172526
0 0.912781 0.526953 0.042114 0.16276
0 0.928345 0.492773 0.045166 0.159505
0 0.956116 0.465647 0.046997 0.157335
0 0.924377 0.419531 0.05188 0.217014
