2 0.465989 0.400565 0.070842 0.102401
2 0.586487 0.63185 0.047007 0.089454
1 0.673881 0.726012 0.07349 0.129473
1 0.712613 0.676577 0.05429 0.080038
1 0.689109 0.62008 0.057601 0.148305
1 0.452675 0.886788 0.132932 0.225035
2 0.355091 0.334652 0.075477 0.092985
2 0.653688 0.318173 0.07018 0.074153
1 0.588142 0.268738 0.037076 0.078861
1 0.516638 0.272858 0.052966 0.103578
0 0.250814 0.196351 0.057601 0.065913
1 0.180303 0.157509 0.021186 0.037665
1 0.241168 0.124925 0.022079 0.030948
0 0.488383 0.134903 0.047554 0.096618
0 0.85141 0.836896 0.128227 0.253623
0 0.872215 0.494958 0.067935 0.206824
0 0.981174 0.433546 0.029839 0.105131
