1 0.489162 0.476483 0.072166 0.09887
1 0.410706 0.474718 0.08607 0.095339
1 0.737771 0.627731 0.087394 0.144774
1 0.559011 0.781921 0.103284 0.227166
1 0.788751 0.528272 0.045021 0.082392
1 0.731151 0.419986 0.033104 0.105932
1 0.7818 0.432345 0.03509 0.083569
1 0.848007 0.364077 0.027145 0.062382
1 0.550073 0.314642 0.024497 0.060028
2 0.291532 0.357604 0.078125 0.080038
2 0.252801 0.19282 0.032442 0.028249
1 0.228304 0.141031 0.013904 0.032957
1 0.243532 0.138089 0.020524 0.029426
1 0.283587 0.156921 0.01589 0.027072
1 0.342512 0.156921 0.018538 0.029426
0 0.488831 0.127495 0.043697 0.085923
0 0.607793 0.946816 0.105508 0.104979
0 0.84238 0.846069 0.111229 0.247175
0 0.979919 0.437282 0.03938 0.124047
0 0.97363 0.567449 0.05196 0.144268
1 0.113765 0.16928 0.013904 0.028249
