1 0.349609 0.900912 0.1625 0.196787
1 0.631839 0.634793 0.059587 0.107109
1 0.678847 0.706591 0.050318 0.097693
1 0.697054 0.641855 0.05098 0.111817
1 0.749689 0.613606 0.055614 0.128296
1 0.885414 0.399976 0.033104 0.068267
2 0.678516 0.288748 0.076139 0.083569
1 0.255449 0.146328 0.013904 0.024718
1 0.260414 0.132203 0.011917 0.034134
1 0.251145 0.129261 0.013242 0.028249
2 0.23029 0.160452 0.028469 0.029426
1 0.178317 0.146916 0.018538 0.035311
1 0.157462 0.146916 0.016552 0.030603
0 0.771537 0.218126 0.03178 0.173023
0 0.850986 0.607133 0.105932 0.275424
0 0.862904 0.485311 0.071504 0.189501
0 0.904615 0.471186 0.048994 0.163606
0 0.845359 0.834298 0.118512 0.251883
0 0.936394 0.660099 0.092691 0.162429
0 0.969498 0.575942 0.055614 0.147128
0 0.978767 0.464124 0.041049 0.147128
