0 0.06621 0.150495 0.012731 0.06693
0 0.644849 0.160343 0.035252 0.149051
0 0.899708 0.433322 0.037475 0.227529
0 0.902375 0.71498 0.107267 0.212743
0 0.948258 0.64774 0.083705 0.192901
0 0.949188 0.581603 0.096726 0.179674
0 0.955388 0.555148 0.073165 0.188492
0 0.961124 0.520563 0.060144 0.177469
1 0.742902 0.619072 0.080507 0.155827
1 0.819598 0.381098 0.030964 0.101626
2 0.640958 0.314617 0.062405 0.043191
2 0.505669 0.215108 0.061452 0.047425
2 0.265819 0.14406 0.025211 0.026103
1 0.185616 0.14603 0.013298 0.043834
2 0.096943 0.258631 0.044023 0.040785
