0 0.508947 0.130824 0.039062 0.094982
0 0.874737 0.280899 0.042135 0.174782
0 0.898438 0.358536 0.040379 0.233302
0 0.946717 0.376873 0.03599 0.19819
0 0.863946 0.543366 0.063996 0.358304
2 0.399907 0.80033 0.157024 0.253025
1 0.570652 0.790685 0.086617 0.204559
1 0.716541 0.67254 0.069546 0.140511
1 0.742096 0.591414 0.043626 0.111955
2 0.696919 0.485462 0.057681 0.077882
2 0.72512 0.395574 0.061149 0.070742
1 0.863883 0.382253 0.024399 0.061297
1 0.549192 0.258798 0.05098 0.052083
2 0.422736 0.20848 0.042373 0.039725
1 0.282847 0.156377 0.02338 0.05221
2 0.312928 0.162713 0.03279 0.031427
2 0.061503 0.215967 0.021609 0.022163
2 0.846756 0.378226 0.017346 0.056643
0 0.944332 0.577614 0.096507 0.200163
0 0.948545 0.504766 0.063572 0.155229
0 0.968842 0.480937 0.061275 0.15659
