0 0.345941 0.086721 0.019627 0.098916
0 0.209744 0.088602 0.016164 0.06705
0 0.937711 0.581455 0.081967 0.212887
0 0.959804 0.545025 0.063397 0.165073
0 0.959164 0.510303 0.055712 0.15255
2 0.666726 0.667614 0.096768 0.16572
1 0.82342 0.521622 0.063033 0.116793
1 0.841841 0.503078 0.037731 0.106534
1 0.84051 0.433239 0.059925 0.05524
1 0.711559 0.339331 0.066584 0.05524
1 0.666282 0.304609 0.061257 0.058396
1 0.608798 0.246607 0.059925 0.054451
2 0.280318 0.284091 0.075906 0.069444
2 0.247679 0.140147 0.026042 0.028684
0 0.924076 0.720492 0.083705 0.184083
