0 0.210368 0.077402 0.017904 0.076678
0 0.9375 0.489969 0.067274 0.183256
0 0.946484 0.606771 0.101562 0.237847
0 0.980371 0.451562 0.038477 0.142708
2 0.671944 0.728521 0.054139 0.148635
2 0.743215 0.631055 0.054139 0.134016
1 0.813802 0.469627 0.041804 0.096248
1 0.873424 0.352668 0.039062 0.110867
2 0.604098 0.384345 0.092516 0.123051
1 0.57463 0.335002 0.062363 0.056043
2 0.632196 0.386781 0.065104 0.054825
1 0.274402 0.188186 0.025077 0.057442
2 0.221595 0.181327 0.032311 0.04201
2 0.279707 0.222908 0.031829 0.027435
1 0.068161 0.194488 0.013102 0.029762
2 0.389137 0.284061 0.046131 0.042989
0 0.932031 0.69375 0.1 0.173611
