0 0.978604 0.42661 0.031428 0.068497
0 0.977932 0.450566 0.045438 0.129887
0 0.951949 0.555733 0.091079 0.127905
0 0.940575 0.546641 0.073115 0.216453
0 0.808527 0.557371 0.094593 0.444602
1 0.468855 0.259602 0.062139 0.073744
1 0.433775 0.178698 0.036168 0.043906
1 0.135181 0.241986 0.034127 0.054078
1 0.25319 0.168152 0.020681 0.029034
1 0.159569 0.159918 0.027019 0.028974
1 0.733462 0.418283 0.050595 0.08936
1 0.381724 0.167946 0.022398 0.040667
1 0.864812 0.386815 0.039407 0.096094
1 0.755504 0.504662 0.04794 0.072327
1 0.276551 0.204056 0.030571 0.038748
1 0.375614 0.243328 0.047433 0.093006
1 0.546906 0.293781 0.046746 0.059106
1 0.641128 0.419074 0.057136 0.076649
0 0.060324 0.558929 0.087891 0.225694
0 0.873779 0.507378 0.052246 0.181424
0 0.918139 0.343901 0.029891 0.086353
0 0.88502 0.319143 0.033628 0.110507
1 0.783798 0.350242 0.046535 0.065217
0 0.648104 0.185891 0.037633 0.100779
0 0.623866 0.15793 0.029486 0.136649
