0 0.257555 0.096535 0.016741 0.041209
0 0.518262 0.126761 0.04255 0.135169
0 0.599967 0.168721 0.03026 0.106612
0 0.624312 0.174589 0.025583 0.1027
0 0.649434 0.182467 0.036848 0.105713
0 0.984347 0.363814 0.032478 0.079315
0 0.863015 0.771818 0.060956 0.23772
0 0.980957 0.401389 0.037305 0.08125
0 0.974061 0.415683 0.033129 0.079051
0 0.969141 0.449479 0.042969 0.079514
0 0.959612 0.513507 0.051546 0.12183
0 0.92134 0.604677 0.124656 0.175823
1 0.320411 0.134933 0.023734 0.030767
1 0.442904 0.836389 0.126209 0.264743
1 0.805071 0.541508 0.052511 0.066811
1 0.70029 0.384274 0.045993 0.072805
1 0.398548 0.190867 0.024124 0.044623
2 0.588321 0.649791 0.153963 0.164668
1 0.439875 0.202771 0.027763 0.03778
1 0.374936 0.209738 0.023202 0.045641
1 0.342382 0.196179 0.036529 0.037228
1 0.455578 0.248489 0.029978 0.045657
1 0.54549 0.216267 0.024463 0.03534
1 0.343465 0.325059 0.041631 0.060477
1 0.462165 0.199731 0.033331 0.043145
1 0.530265 0.226994 0.033221 0.040144
2 0.143905 0.20473 0.039431 0.047825
1 0.829482 0.742635 0.135671 0.379972
1 0.231792 0.12052 0.025328 0.028674
1 0.80418 0.4471 0.051677 0.084508
1 0.840218 0.44926 0.042926 0.076313
1 0.830253 0.510562 0.03365 0.066934
