0 0.118583 0.121919 0.023643 0.078843
0 0.011502 0.188272 0.019531 0.084877
0 0.931051 0.327241 0.028376 0.142165
0 0.937131 0.372773 0.026533 0.131027
0 0.914468 0.389479 0.043116 0.233884
0 0.988639 0.384919 0.021941 0.088496
0 0.982558 0.426068 0.034102 0.113142
0 0.970298 0.560469 0.046433 0.16837
0 0.947081 0.552607 0.058225 0.26402
0 0.856427 0.823179 0.132665 0.267951
1 0.121057 0.368187 0.057857 0.078616
1 0.077204 0.314138 0.035746 0.07403
1 0.128611 0.202765 0.025796 0.054376
1 0.232717 0.201782 0.027639 0.037998
1 0.682365 0.476964 0.093494 0.086521
1 0.774526 0.509164 0.039062 0.093921
1 0.843206 0.504326 0.045786 0.07286
1 0.754029 0.368851 0.03088 0.057557
1 0.336021 0.163564 0.031416 0.044622
1 0.410156 0.180247 0.034549 0.035185
1 0.788614 0.360124 0.034793 0.053127
1 0.838136 0.426913 0.043332 0.05844
1 0.842577 0.371513 0.025238 0.050869
1 0.858169 0.373657 0.019129 0.034579
1 0.874727 0.382516 0.022344 0.048297
