1 0.569043 0.73502 0.055106 0.146329
0 0.114931 0.120139 0.022569 0.070988
1 0.660704 0.65239 0.071281 0.182621
1 0.533233 0.316984 0.051001 0.068368
1 0.272825 0.176825 0.03373 0.03747
1 0.274697 0.123922 0.017428 0.026709
1 0.095314 0.165275 0.025992 0.051394
0 0.956 0.598832 0.089624 0.211254
0 0.897266 0.828795 0.164844 0.2812
1 0.297349 0.853447 0.068359 0.226935
1 0.4107 0.232788 0.046735 0.047123
1 0.54986 0.782763 0.050223 0.15253
1 0.535561 0.863988 0.083008 0.205853
1 0.229124 0.122758 0.012894 0.024946
1 0.219928 0.137538 0.019935 0.031839
1 0.486035 0.727579 0.064872 0.15873
1 0.727299 0.635841 0.053884 0.121473
0 0.973535 0.471429 0.052148 0.182143
1 0.509683 0.207191 0.069444 0.049511
