0 0.977446 0.445364 0.044264 0.135996
0 0.939697 0.676346 0.088824 0.180271
0 0.965714 0.561332 0.067791 0.145391
0 0.850849 0.822035 0.129588 0.252976
1 0.255605 0.142411 0.016984 0.033213
1 0.18005 0.146017 0.016556 0.033572
1 0.33148 0.142259 0.032111 0.034784
1 0.451663 0.197016 0.021257 0.039457
1 0.785508 0.4951 0.102747 0.153135
1 0.083826 0.24677 0.061421 0.071837
1 0.150569 0.15492 0.018359 0.021835
1 0.246048 0.165142 0.03163 0.029799
1 0.755241 0.342411 0.041504 0.046007
1 0.121082 0.191058 0.026438 0.033229
0 0.931906 0.309673 0.03139 0.15873
1 0.185953 0.24759 0.046993 0.047148
0 0.929116 0.547148 0.043945 0.236855
0 0.441532 0.1063 0.032785 0.111607
0 0.94481 0.391518 0.053013 0.198413
1 0.878462 0.403251 0.029297 0.033144
1 0.264304 0.21455 0.062537 0.046362
1 0.522907 0.21139 0.042355 0.051426
0 0.116547 0.126746 0.014515 0.067547
0 0.156357 0.109859 0.013875 0.066409
0 0.88144 0.305024 0.032662 0.14242
0 0.904837 0.306809 0.024142 0.139656
1 0.865554 0.4457 0.040607 0.054143
