2 0.062626 0.216667 0.029994 0.049603
0 0.977952 0.440861 0.043315 0.133556
1 0.661774 0.386913 0.100895 0.082338
1 0.614383 0.26751 0.03139 0.052083
0 0.950938 0.594092 0.099749 0.220734
0 0.121255 0.122143 0.025601 0.069792
0 0.898032 0.839211 0.163311 0.260367
1 0.7726 0.353041 0.051172 0.044711
1 0.846973 0.40124 0.030776 0.094643
1 0.123214 0.3219 0.056696 0.072272
1 0.200809 0.176892 0.042377 0.045125
1 0.783893 0.517446 0.081613 0.089286
2 0.147377 0.226587 0.037667 0.054563
1 0.446624 0.403299 0.066964 0.110367
0 0.956529 0.359276 0.033482 0.15377
1 0.303976 0.240848 0.03697 0.055804
2 0.105176 0.183185 0.017439 0.034722
1 0.109874 0.267088 0.035944 0.045486
1 0.2393 0.277596 0.04495 0.059193
1 0.679068 0.324893 0.038739 0.056365
