0 0.052083 0.180845 0.023872 0.045332
0 0.019803 0.269579 0.023329 0.14564
0 0.030823 0.55191 0.061646 0.334201
0 0.048218 0.632747 0.08667 0.417752
0 0.115356 0.48138 0.067139 0.392795
0 0.391333 0.829861 0.106396 0.338889
0 0.533362 0.837999 0.103589 0.322613
1 0.327759 0.890994 0.085449 0.166016
1 0.68573 0.401085 0.057983 0.084635
1 0.738831 0.4 0.036011 0.069444
1 0.801392 0.426042 0.031738 0.065104
0 0.735168 0.309939 0.023804 0.049913
0 0.559082 0.232899 0.028076 0.043403
0 0.463562 0.217708 0.028687 0.054253
0 0.460205 0.283355 0.041504 0.044488
0 0.495605 0.273589 0.030518 0.07487
1 0.283203 0.156944 0.01709 0.030382
1 0.262451 0.154774 0.023193 0.036892
1 0.175171 0.143381 0.014648 0.035807
2 0.333557 0.218793 0.033569 0.041233
2 0.292358 0.187326 0.028076 0.036892
1 0.812683 0.535634 0.029907 0.060764
0 0.155029 0.128733 0.025635 0.043403
0 0.651904 0.763129 0.136816 0.472352
0 0.741882 0.736372 0.075073 0.399306
0 0.760803 0.611046 0.090942 0.419922
0 0.838623 0.709245 0.117188 0.438368
0 0.845032 0.55842 0.046997 0.292969
0 0.869141 0.543772 0.0354 0.296224
0 0.906372 0.56059 0.053711 0.16059
0 0.965881 0.538346 0.036011 0.120443
0 0.98175 0.513932 0.032349 0.132378
0 0.96283 0.352799 0.028687 0.170356
0 0.825638 0.279071 0.028065 0.094513
0 0.702779 0.208948 0.038025 0.10939
0 0.653692 0.162856 0.025581 0.143805
0 0.637618 0.147185 0.044593 0.149336
0 0.607197 0.173304 0.025926 0.097099
0 0.587839 0.170846 0.024544 0.09587
0 0.514035 0.118916 0.031112 0.134587
0 0.464429 0.123832 0.035606 0.08911
