1 0.249821 0.1375 0.017214 0.028249
1 0.289877 0.172222 0.015228 0.029426
1 0.355422 0.164572 0.023173 0.035311
2 0.428251 0.372316 0.065546 0.102401
2 0.559673 0.581238 0.146981 0.18597
1 0.570597 0.316996 0.052304 0.05532
1 0.666929 0.435287 0.071504 0.0871
1 0.809938 0.528861 0.037076 0.081215
1 0.837083 0.405862 0.043697 0.096516
0 0.037957 0.468832 0.058263 0.205979
0 0.035971 0.584769 0.046345 0.150659
0 0.880449 0.511205 0.070842 0.243644
0 0.979257 0.549953 0.040704 0.113983
0 0.970491 0.368785 0.036414 0.168315
0 0.736447 0.230485 0.039725 0.112994
