2 0.310732 0.572999 0.083422 0.150659
2 0.433878 0.407039 0.062235 0.082392
1 0.758296 0.520033 0.047669 0.09887
1 0.793055 0.443526 0.041711 0.082392
1 0.812586 0.381144 0.023835 0.044727
1 0.862242 0.401742 0.030456 0.078861
1 0.649053 0.262265 0.017214 0.058851
1 0.630846 0.259911 0.017876 0.056497
1 0.449437 0.256968 0.024497 0.057674
1 0.420637 0.227542 0.025159 0.05532
1 0.344167 0.201648 0.020524 0.048258
0 0.040274 0.169868 0.013904 0.076507
0 0.053185 0.161629 0.018538 0.074153
0 0.105489 0.130438 0.017214 0.072976
0 0.017432 0.337594 0.033104 0.169492
0 0.028357 0.458239 0.052304 0.205979
0 0.025377 0.610664 0.047669 0.374294
0 0.083309 0.702472 0.102622 0.527307
0 0.077754 0.816755 0.114023 0.365101
0 0.163354 0.787918 0.147511 0.422775
0 0.213626 0.935634 0.089155 0.127342
1 0.4693 0.905508 0.05098 0.14242
0 0.553535 0.804985 0.128085 0.388642
0 0.754985 0.720716 0.087394 0.373117
0 0.949967 0.538865 0.049656 0.145951
0 0.972146 0.526507 0.047669 0.175377
0 0.981905 0.456256 0.035408 0.136099
0 0.933415 0.411158 0.047007 0.189501
0 0.897332 0.314054 0.025159 0.148305
0 0.927456 0.349364 0.028469 0.136535
0 0.735123 0.225188 0.039725 0.109463
0 0.700695 0.213418 0.039725 0.114171
