1 0.222052 0.135169 0.011626 0.022321
1 0.34575 0.198826 0.017206 0.030589
1 0.409691 0.20172 0.012091 0.031415
1 0.481306 0.195519 0.020461 0.028935
1 0.512695 0.202546 0.025577 0.05787
1 0.551293 0.315807 0.023717 0.067791
1 0.573614 0.30878 0.019996 0.063657
0 0.064056 0.153602 0.015559 0.062382
0 0.075808 0.145951 0.011917 0.071798
0 0.085904 0.162429 0.012248 0.041196
0 0.094346 0.150659 0.011917 0.061205
0 0.103284 0.15625 0.010593 0.042961
0 0.18471 0.09623 0.016741 0.065476
0 0.038411 0.424151 0.072917 0.28858
0 0.032769 0.50517 0.059896 0.271605
0 0.044054 0.557639 0.082465 0.339506
0 0.062283 0.651003 0.09809 0.356481
0 0.08355 0.75054 0.135417 0.450617
0 0.090972 0.823225 0.148524 0.35216
0 0.143012 0.468133 0.072049 0.404321
0 0.521419 0.769213 0.127474 0.460185
0 0.624349 0.740509 0.100694 0.310185
0 0.640473 0.771528 0.119054 0.455556
0 0.681207 0.842361 0.153646 0.310185
0 0.779297 0.592361 0.061632 0.319444
0 0.797526 0.678781 0.113715 0.467593
0 0.829644 0.768287 0.09809 0.33179
0 0.844835 0.532948 0.043403 0.240741
0 0.883898 0.549151 0.057292 0.307099
0 0.968099 0.535262 0.03125 0.115741
0 0.985156 0.517477 0.028906 0.151157
0 0.978646 0.429552 0.041927 0.117284
0 0.97678 0.387886 0.03125 0.104938
0 0.74197 0.206559 0.032118 0.162037
0 0.589193 0.165664 0.03559 0.101852
