0 0.107144 0.149859 0.027145 0.04355
0 0.030012 0.261088 0.026483 0.162429
0 0.02935 0.427637 0.055614 0.295433
0 0.032329 0.516502 0.058925 0.301318
0 0.174014 0.56476 0.107918 0.496704
0 0.140006 0.117574 0.01547 0.078383
0 0.151029 0.132701 0.013537 0.044004
0 0.163598 0.131326 0.010829 0.039879
0 0.174621 0.1217 0.011216 0.041254
0 0.183323 0.099697 0.013923 0.074257
0 0.200727 0.111042 0.013923 0.043317
1 0.158184 0.161579 0.010829 0.023377
1 0.190285 0.153328 0.017017 0.028878
1 0.237662 0.152984 0.010442 0.029565
1 0.217744 0.189081 0.021658 0.030253
1 0.385597 0.199739 0.020111 0.032316
1 0.430654 0.191488 0.020498 0.062569
1 0.397393 0.275028 0.023592 0.05088
2 0.488553 0.200135 0.030924 0.041474
1 0.79834 0.497685 0.041775 0.075231
1 0.79617 0.561825 0.03418 0.083912
1 0.839844 0.353974 0.020616 0.048225
1 0.885417 0.422936 0.027127 0.083912
0 0.871311 0.352045 0.039062 0.106096
0 0.851508 0.875772 0.11556 0.216049
0 0.912815 0.688175 0.046115 0.143711
0 0.979546 0.529032 0.037435 0.080054
0 0.705295 0.219907 0.026042 0.088735
0 0.681966 0.218461 0.029297 0.06848
0 0.652941 0.168789 0.025499 0.13696
0 0.633681 0.15191 0.036892 0.151427
0 0.610352 0.172647 0.032552 0.096451
0 0.588921 0.168789 0.024414 0.09838
0 0.499132 0.115258 0.021701 0.12635
0 0.470106 0.104167 0.028754 0.125386
