1 0.170703 0.423517 0.054952 0.077684
1 0.292856 0.211064 0.019862 0.038842
1 0.314043 0.227542 0.027807 0.045904
1 0.427589 0.202825 0.023173 0.041196
1 0.722213 0.327589 0.037738 0.041196
1 0.206519 0.127789 0.015369 0.024476
1 0.256898 0.123248 0.011965 0.025025
0 0.95625 0.643576 0.072266 0.185764
0 0.962598 0.555903 0.051758 0.142361
0 0.97793 0.519792 0.043359 0.146528
0 0.988184 0.451736 0.022852 0.114583
0 0.988184 0.386806 0.022852 0.144444
0 0.975293 0.35625 0.02832 0.177083
0 0.962598 0.392708 0.030273 0.15625
0 0.883984 0.305903 0.042969 0.15625
0 0.701367 0.209549 0.044922 0.116319
