1 0.1856 0.148093 0.017214 0.02354
1 0.25578 0.158686 0.017214 0.025895
1 0.344167 0.200471 0.013904 0.036488
1 0.360388 0.21283 0.021186 0.040019
1 0.371974 0.162218 0.012579 0.035311
1 0.384223 0.171045 0.014566 0.036488
1 0.389519 0.157509 0.017214 0.035311
1 0.27498 0.129849 0.011917 0.03178
1 0.48552 0.276389 0.035752 0.056497
1 0.723537 0.391149 0.033766 0.069444
1 0.822848 0.534157 0.033766 0.115348
1 0.809607 0.50532 0.032442 0.118879
0 0.030388 0.502031 0.056751 0.315776
0 0.063185 0.591129 0.09434 0.245021
0 0.045865 0.642885 0.090654 0.458595
0 0.04476 0.814531 0.086969 0.364256
1 0.695556 0.571475 0.066333 0.187369
1 0.815323 0.500066 0.036114 0.107442
1 0.628855 0.744431 0.108343 0.425839
0 0.685974 0.731329 0.072229 0.38391
0 0.639247 0.774581 0.112913 0.44945
0 0.736461 0.697917 0.105395 0.487421
0 0.737091 0.776546 0.125818 0.445519
0 0.482134 0.89054 0.131825 0.217531
0 0.845172 0.742466 0.10908 0.374738
0 0.844804 0.589164 0.065596 0.298742
0 0.853648 0.52234 0.039062 0.235849
0 0.891974 0.549201 0.050855 0.307914
0 0.882024 0.454206 0.050118 0.283019
0 0.934721 0.576716 0.059699 0.245021
0 0.935458 0.492204 0.056751 0.256813
0 0.979142 0.539361 0.040935 0.131001
0 0.979511 0.488954 0.040198 0.095702
0 0.98946 0.4352 0.020298 0.085155
0 0.967888 0.393933 0.039062 0.157233
0 0.946514 0.357901 0.042011 0.119235
0 0.875022 0.292387 0.036114 0.200472
0 0.753044 0.217047 0.029481 0.154612
0 0.733144 0.206564 0.036851 0.159853
0 0.60527 0.175773 0.033166 0.100891
0 0.588318 0.165946 0.030218 0.09434
