0 0.87295 0.147693 0.015808 0.05065
0 0.83878 0.1341 0.017227 0.056967
0 0.821823 0.123427 0.013056 0.042981
0 0.801648 0.115613 0.017168 0.05372
0 0.77704 0.110816 0.016644 0.054775
0 0.778326 0.111827 0.010142 0.048215
0 0.681674 0.097494 0.022511 0.054686
0 0.435136 0.1415 0.047325 0.120703
1 0.838947 0.161725 0.01714 0.021329
1 0.417892 0.234617 0.020079 0.030142
1 0.733494 0.145359 0.018637 0.017587
2 0.687052 0.14459 0.020842 0.018073
1 0.126242 0.54418 0.024505 0.047261
1 0.118104 0.478889 0.030754 0.04861
2 0.4727 0.295724 0.065836 0.046036
