0 0.87295 0.147693 0.015808 0.05065
0 0.83878 0.1341 0.017227 0.056967
0 0.821823 0.123427 0.013056 0.042981
0 0.801648 0.115613 0.017168 0.05372
0 0.77704 0.110816 0.016644 0.054775
0 0.778955 0.112 0.010075 0.046715
0 0.681762 0.097854 0.022336 0.053967
0 0.351481 0.164 0.035185 0.144542
2 0.703933 0.26828 0.032683 0.056937
1 0.390909 0.261501 0.029227 0.033737
2 0.671621 0.164344 0.038413 0.019795
2 0.561723 0.19019 0.057405 0.036292
1 0.220383 0.432302 0.105 0.065262
2 0.355378 0.33827 0.072792 0.061205
2 0.157381 0.496845 0.095749 0.090196
