0 0.87295 0.147693 0.015808 0.05065
0 0.83878 0.1341 0.017227 0.056967
0 0.821823 0.123427 0.013056 0.042981
0 0.801648 0.115613 0.017168 0.05372
0 0.77704 0.110816 0.016644 0.054775
0 0.777048 0.112344 0.011453 0.049025
0 0.681506 0.097284 0.02297 0.055679
0 0.352482 0.164439 0.03171 0.142528
2 0.422656 0.573611 0.174479 0.210185
1 0.374042 0.270644 0.020778 0.04347
2 0.640585 0.177183 0.041569 0.023396
2 0.427555 0.231967 0.079444 0.042226
2 0.459966 0.283021 0.068579 0.033632
2 0.548656 0.243941 0.058479 0.035811
2 0.347755 0.348957 0.074246 0.059594
