0 0.873314 0.148336 0.01508 0.049363
0 0.838928 0.133525 0.017915 0.055663
0 0.821108 0.125739 0.012148 0.04161
0 0.800232 0.120779 0.016506 0.049336
0 0.775567 0.111275 0.021367 0.047451
0 0.773215 0.101834 0.008303 0.031886
0 0.681202 0.098246 0.023063 0.054669
0 0.045229 0.400146 0.04532 0.113255
1 0.855581 0.170322 0.013499 0.018235
1 0.09343 0.410143 0.023684 0.04527
1 0.521728 0.175795 0.020144 0.02741
2 0.720177 0.143234 0.028958 0.017377
2 0.682837 0.208822 0.044152 0.026897
2 0.598923 0.267731 0.06517 0.049504
2 0.295186 0.390525 0.11302 0.073548
