0 0.873314 0.148336 0.01508 0.049363
0 0.838928 0.133525 0.017915 0.055663
0 0.821108 0.125739 0.012148 0.04161
0 0.800232 0.120779 0.016506 0.049336
0 0.775567 0.111275 0.021367 0.047451
0 0.773719 0.102167 0.009312 0.032553
0 0.681202 0.098246 0.023063 0.054669
0 0.045956 0.398099 0.043867 0.11735
1 0.855579 0.171668 0.013502 0.015543
1 0.098199 0.411169 0.023684 0.04527
1 0.523175 0.174937 0.020144 0.02741
2 0.712476 0.139372 0.029992 0.025489
2 0.656716 0.212437 0.04634 0.042898
2 0.564002 0.283219 0.06517 0.049504
2 0.249723 0.419257 0.11302 0.073548
