0 0.87365 0.148058 0.014408 0.049918
0 0.8392 0.132761 0.018819 0.05719
0 0.821847 0.125334 0.013569 0.043828
0 0.801691 0.116185 0.01886 0.051535
0 0.775885 0.111078 0.02073 0.047845
0 0.774157 0.104532 0.009663 0.03655
0 0.681506 0.097284 0.02297 0.055679
0 0.028812 0.350463 0.034706 0.178704
2 0.604745 0.349666 0.073061 0.087449
1 0.110359 0.421584 0.033339 0.058734
2 0.226462 0.318899 0.081798 0.045845
1 0.730761 0.126058 0.015291 0.016823
1 0.811193 0.152637 0.011975 0.017053
1 0.799737 0.149559 0.01167 0.023208
1 0.766647 0.161788 0.018789 0.018305
