0 0.87358 0.146059 0.014548 0.053917
0 0.838928 0.133525 0.017915 0.055663
0 0.821122 0.124982 0.01212 0.043124
0 0.800232 0.120779 0.016506 0.049336
0 0.775567 0.111275 0.021367 0.047451
0 0.773986 0.101967 0.008284 0.03188
0 0.681202 0.098246 0.023063 0.054669
0 0.040104 0.399846 0.036111 0.110185
1 0.85655 0.173032 0.013673 0.01559
1 0.075106 0.426233 0.023684 0.04527
2 0.513709 0.183612 0.036496 0.01554
2 0.74531 0.139128 0.011897 0.016556
2 0.737576 0.183356 0.026902 0.023099
2 0.676588 0.22218 0.022232 0.024911
2 0.4499 0.310064 0.097286 0.056624
