0 0.87295 0.147693 0.015808 0.05065
0 0.83878 0.1341 0.017227 0.056967
0 0.821823 0.123427 0.013056 0.042981
0 0.801648 0.115613 0.017168 0.05372
0 0.77704 0.110816 0.016644 0.054775
0 0.777991 0.111774 0.009253 0.047493
0 0.681762 0.097854 0.022336 0.053967
0 0.379625 0.167563 0.03039 0.112086
2 0.787035 0.200796 0.024652 0.024051
1 0.405561 0.246583 0.022167 0.03395
2 0.698029 0.157499 0.026174 0.016308
2 0.63098 0.167478 0.03578 0.024773
1 0.115315 0.51916 0.025644 0.055227
1 0.15776 0.462591 0.026214 0.054209
2 0.217232 0.450812 0.076625 0.102856
