0 0.87295 0.147693 0.015808 0.05065
0 0.83878 0.1341 0.017227 0.056967
0 0.821823 0.123427 0.013056 0.042981
0 0.801648 0.115613 0.017168 0.05372
0 0.77704 0.110816 0.016644 0.054775
0 0.777048 0.112344 0.011453 0.049025
0 0.681506 0.097284 0.02297 0.055679
0 0.352952 0.163714 0.03077 0.143977
2 0.490045 0.486783 0.135837 0.125
1 0.380783 0.273539 0.020778 0.04347
2 0.64426 0.174342 0.041569 0.023396
2 0.457666 0.22079 0.079444 0.042226
1 0.441301 0.284246 0.074825 0.044995
2 0.535619 0.254389 0.058374 0.038373
2 0.33501 0.362297 0.07279 0.065493
