0 0.87295 0.147693 0.015808 0.05065
0 0.83878 0.1341 0.017227 0.056967
0 0.821823 0.123427 0.013056 0.042981
0 0.801648 0.115613 0.017168 0.05372
0 0.77704 0.110816 0.016644 0.054775
0 0.778955 0.112 0.010075 0.046715
0 0.681762 0.097854 0.022336 0.053967
0 0.36501 0.156851 0.028625 0.1415
1 0.732782 0.23827 0.028967 0.043368
1 0.398268 0.249128 0.02726 0.042303
2 0.679014 0.160388 0.038804 0.024586
2 0.596187 0.177273 0.057405 0.036292
1 0.128231 0.493297 0.033583 0.045508
2 0.259871 0.402234 0.092159 0.083756
1 0.122304 0.530776 0.042163 0.068687
