0 0.87295 0.147693 0.015808 0.05065
0 0.83878 0.1341 0.017227 0.056967
0 0.821823 0.123427 0.013056 0.042981
0 0.801648 0.115613 0.017168 0.05372
0 0.77704 0.110816 0.016644 0.054775
0 0.778854 0.111244 0.008479 0.047096
0 0.681674 0.097494 0.022511 0.054686
0 0.48541 0.121003 0.03471 0.124723
1 0.862755 0.173293 0.014802 0.016317
1 0.492122 0.221204 0.01602 0.028878
1 0.757363 0.132292 0.013741 0.02121
2 0.722639 0.127316 0.015598 0.013862
2 0.457134 0.34638 0.090587 0.074472
2 0.257434 0.433244 0.084425 0.079749
2 0.724141 0.180618 0.020584 0.016417
