0 0.87365 0.148058 0.014408 0.049918
0 0.838928 0.133525 0.017915 0.055663
0 0.821122 0.124982 0.01212 0.043124
0 0.800373 0.117933 0.016224 0.05503
0 0.775885 0.111078 0.02073 0.047845
0 0.77567 0.106389 0.01321 0.042034
0 0.681506 0.097284 0.02297 0.055679
0 0.032825 0.340024 0.032393 0.176999
2 0.839641 0.185955 0.018489 0.01775
1 0.074891 0.435243 0.024957 0.059799
1 0.361735 0.247409 0.051644 0.036189
1 0.719636 0.125004 0.015921 0.018979
1 0.817497 0.154271 0.011888 0.018877
1 0.800936 0.153024 0.01042 0.021362
2 0.700064 0.198273 0.045319 0.029119
