0 0.87295 0.147693 0.015808 0.05065
0 0.83878 0.1341 0.017227 0.056967
0 0.821823 0.123427 0.013056 0.042981
0 0.802591 0.115035 0.019054 0.052564
0 0.776832 0.112239 0.01706 0.05193
0 0.776495 0.111448 0.013807 0.047938
0 0.681506 0.097284 0.02297 0.055679
0 0.343201 0.162189 0.030626 0.14761
2 0.722076 0.277204 0.041195 0.055183
1 0.241499 0.335264 0.025953 0.045433
2 0.453525 0.25114 0.081597 0.037037
2 0.132037 0.39492 0.093056 0.053175
1 0.753173 0.150668 0.027492 0.014946
1 0.800573 0.149796 0.011517 0.021808
1 0.676047 0.185854 0.029963 0.023454
