0 0.873564 0.14548 0.014579 0.055075
0 0.838928 0.133525 0.017915 0.055663
0 0.821122 0.124982 0.01212 0.043124
0 0.800232 0.120779 0.016506 0.049336
0 0.775567 0.111275 0.021367 0.047451
0 0.774405 0.105329 0.010348 0.038896
0 0.681202 0.098246 0.023063 0.054669
0 0.045573 0.399709 0.043907 0.111434
1 0.855575 0.168625 0.014464 0.026535
1 0.070728 0.435963 0.024484 0.048617
2 0.484203 0.192721 0.061653 0.027192
2 0.752423 0.138268 0.010382 0.013109
2 0.780664 0.162504 0.021045 0.019475
2 0.725446 0.197955 0.024096 0.034035
2 0.551066 0.262174 0.053296 0.035706
