0 0.873838 0.147708 0.014032 0.050619
0 0.840815 0.134929 0.014963 0.055434
0 0.821845 0.123271 0.013573 0.047955
0 0.802546 0.120408 0.013548 0.04389
0 0.778496 0.112505 0.01721 0.051644
0 0.777045 0.105871 0.011536 0.036407
0 0.681506 0.097284 0.02297 0.055679
0 0.039548 0.378583 0.037429 0.218587
1 0.651915 0.310731 0.055755 0.055272
1 0.095032 0.4408 0.023125 0.040009
1 0.0763 0.430215 0.023496 0.042397
2 0.617641 0.153022 0.047688 0.017605
1 0.786358 0.145438 0.010826 0.013803
1 0.800683 0.149543 0.011914 0.019524
1 0.791877 0.151887 0.010837 0.01641
