0 0.87295 0.147693 0.015808 0.05065
0 0.83878 0.1341 0.017227 0.056967
0 0.821823 0.123427 0.013056 0.042981
0 0.802591 0.115035 0.019054 0.052564
0 0.777227 0.112505 0.016269 0.051398
0 0.777892 0.111454 0.010093 0.047925
0 0.681506 0.097284 0.02297 0.055679
0 0.286348 0.189296 0.030555 0.155527
2 0.540759 0.447882 0.125868 0.104517
1 0.254438 0.325834 0.025953 0.045433
2 0.530686 0.217763 0.075876 0.034109
2 0.071683 0.436547 0.036864 0.0512
1 0.68732 0.175691 0.040089 0.023295
2 0.774196 0.158527 0.025614 0.01348
2 0.604106 0.214255 0.02907 0.033376
