0 0.87295 0.147693 0.015808 0.05065
0 0.838579 0.134047 0.017631 0.057072
0 0.821823 0.123427 0.013056 0.042981
0 0.801348 0.115367 0.017767 0.054211
0 0.77704 0.110816 0.016644 0.054775
0 0.778854 0.111244 0.008479 0.047096
0 0.681674 0.097494 0.022511 0.054686
0 0.490896 0.117016 0.039167 0.117593
1 0.864614 0.172378 0.008078 0.017708
1 0.515754 0.216455 0.017148 0.030317
1 0.760132 0.131864 0.010389 0.020537
1 0.713074 0.120547 0.015631 0.022082
1 0.589444 0.257578 0.060441 0.049208
2 0.453748 0.314774 0.080743 0.062599
2 0.751518 0.168339 0.028711 0.009355
