0 0.87295 0.147693 0.015808 0.05065
0 0.83878 0.1341 0.017227 0.056967
0 0.821823 0.123427 0.013056 0.042981
0 0.801648 0.115613 0.017168 0.05372
0 0.77704 0.110816 0.016644 0.054775
0 0.778854 0.111244 0.008479 0.047096
0 0.681674 0.097494 0.022511 0.054686
0 0.490203 0.119246 0.036471 0.120985
1 0.864547 0.172965 0.010186 0.017765
1 0.491892 0.222204 0.017148 0.030317
1 0.758617 0.132687 0.010316 0.018901
1 0.712251 0.122276 0.013521 0.023168
1 0.538422 0.28369 0.091707 0.056142
2 0.34821 0.369617 0.10079 0.09346
2 0.73828 0.173279 0.023702 0.014398
