0 0.87365 0.148058 0.014408 0.049918
0 0.8392 0.132761 0.018819 0.05719
0 0.821847 0.125334 0.013569 0.043828
0 0.801691 0.116185 0.01886 0.051535
0 0.775885 0.111078 0.02073 0.047845
0 0.772909 0.106746 0.01114 0.042747
0 0.681506 0.097284 0.02297 0.055679
0 0.029593 0.349677 0.033144 0.180275
2 0.713099 0.279394 0.02988 0.039411
1 0.116664 0.411399 0.033339 0.058734
2 0.266768 0.291328 0.081936 0.057588
1 0.712773 0.117856 0.018245 0.027635
1 0.819248 0.15487 0.011888 0.018877
1 0.799804 0.149666 0.011606 0.021255
1 0.757691 0.166263 0.023283 0.023125
