0 0.87295 0.147693 0.015808 0.05065
0 0.83878 0.1341 0.017227 0.056967
0 0.821823 0.123427 0.013056 0.042981
0 0.801648 0.115613 0.017168 0.05372
0 0.77704 0.110816 0.016644 0.054775
0 0.777991 0.111774 0.009253 0.047493
0 0.681762 0.097854 0.022336 0.053967
0 0.380511 0.170718 0.03232 0.1083
2 0.792875 0.187986 0.017441 0.020922
1 0.408302 0.238579 0.022113 0.035773
1 0.701972 0.153401 0.020403 0.019626
2 0.645736 0.162853 0.034787 0.018435
1 0.122798 0.517544 0.030139 0.064586
1 0.152097 0.461481 0.021173 0.04681
2 0.253413 0.428032 0.108524 0.054066
