0 0.87295 0.147693 0.015808 0.05065
0 0.83878 0.1341 0.017227 0.056967
0 0.821823 0.123427 0.013056 0.042981
0 0.801648 0.115613 0.017168 0.05372
0 0.77704 0.110816 0.016644 0.054775
0 0.777991 0.111774 0.009253 0.047493
0 0.681762 0.097854 0.022336 0.053967
0 0.421219 0.138746 0.023353 0.134694
2 0.83449 0.169333 0.011827 0.015098
1 0.40785 0.23492 0.017787 0.033988
2 0.720486 0.148835 0.016699 0.016034
2 0.682202 0.146189 0.028374 0.01661
1 0.124102 0.539018 0.02263 0.056531
1 0.126591 0.478654 0.03536 0.048866
2 0.39567 0.335984 0.081718 0.06328
