0 0.873314 0.148336 0.01508 0.049363
0 0.838928 0.133525 0.017915 0.055663
0 0.821069 0.124328 0.01119 0.042025
0 0.800074 0.119631 0.016215 0.043692
0 0.776283 0.11131 0.012361 0.046531
0 0.773976 0.105812 0.013177 0.03529
0 0.681308 0.098811 0.023063 0.054669
0 0.035485 0.368537 0.032294 0.17258
1 0.857515 0.170376 0.012158 0.024804
1 0.112395 0.397708 0.026361 0.049847
1 0.532284 0.173973 0.017947 0.026964
2 0.574035 0.264514 0.06154 0.044227
1 0.476035 0.320141 0.033464 0.064756
2 0.127111 0.497095 0.039585 0.03853
