0 0.87295 0.147693 0.015808 0.05065
0 0.83878 0.1341 0.017227 0.056967
0 0.821823 0.123427 0.013056 0.042981
0 0.802591 0.115035 0.019054 0.052564
0 0.776832 0.112239 0.01706 0.05193
0 0.776131 0.111238 0.014534 0.048357
0 0.681506 0.097284 0.02297 0.055679
0 0.343201 0.162189 0.030626 0.14761
2 0.741932 0.265887 0.041195 0.055183
1 0.23852 0.335264 0.025953 0.045433
2 0.446181 0.256327 0.081597 0.037037
2 0.147179 0.379662 0.093056 0.053175
2 0.755622 0.15142 0.025337 0.012598
1 0.800573 0.149796 0.011517 0.021808
2 0.680019 0.185275 0.026819 0.020505
