0 0.873314 0.148336 0.01508 0.049363
0 0.838928 0.133525 0.017915 0.055663
0 0.821069 0.124328 0.01119 0.042025
0 0.800226 0.121616 0.016519 0.047662
0 0.775208 0.111296 0.022083 0.047407
0 0.775214 0.105458 0.010614 0.036121
0 0.681308 0.098811 0.023063 0.054669
0 0.041569 0.39374 0.034448 0.124511
1 0.855482 0.166794 0.012158 0.024804
1 0.107518 0.40987 0.026361 0.049847
1 0.525891 0.173823 0.020144 0.02741
2 0.636077 0.212056 0.05597 0.072768
2 0.524683 0.297894 0.057754 0.054836
2 0.17775 0.456503 0.077519 0.06137
