0 0.87295 0.147693 0.015808 0.05065
0 0.83878 0.1341 0.017227 0.056967
0 0.822166 0.124563 0.012371 0.040709
0 0.801162 0.115384 0.016195 0.053262
0 0.776832 0.112239 0.01706 0.05193
0 0.775845 0.111842 0.00921 0.048816
0 0.681506 0.097284 0.02297 0.055679
0 0.343201 0.162189 0.030626 0.14761
1 0.773377 0.237048 0.028043 0.038787
1 0.225601 0.342063 0.025953 0.045433
2 0.398493 0.285845 0.075521 0.05
2 0.190286 0.358112 0.077762 0.03532
1 0.781174 0.14286 0.010886 0.019627
1 0.80136 0.151457 0.011517 0.021808
2 0.707433 0.17675 0.038403 0.015585
