0 0.87295 0.147693 0.015808 0.05065
0 0.838579 0.134047 0.017631 0.057072
0 0.821823 0.123427 0.013056 0.042981
0 0.809041 0.109616 0.009908 0.066783
0 0.777193 0.110991 0.015587 0.051257
0 0.779943 0.111719 0.008084 0.047395
0 0.681869 0.097772 0.022901 0.055243
0 0.537742 0.11862 0.021514 0.085766
1 0.87112 0.175019 0.012142 0.020201
1 0.532469 0.178871 0.009714 0.018878
1 0.761384 0.132395 0.007193 0.015043
1 0.719258 0.124003 0.009521 0.020082
1 0.75412 0.176144 0.024563 0.022549
2 0.71763 0.189918 0.028784 0.026272
1 0.797 0.147968 0.01567 0.018155
