0 0.87295 0.147693 0.015808 0.05065
0 0.83878 0.1341 0.017227 0.056967
0 0.821372 0.124259 0.010784 0.0401
0 0.802373 0.116959 0.013894 0.050787
0 0.776832 0.112239 0.01706 0.05193
0 0.777347 0.10837 0.008697 0.039335
0 0.681506 0.097284 0.02297 0.055679
0 0.080042 0.30094 0.022931 0.171011
2 0.816565 0.182033 0.019229 0.016798
1 0.192497 0.378983 0.031917 0.050829
1 0.077643 0.447707 0.027209 0.049175
2 0.477054 0.197738 0.042652 0.024117
1 0.785791 0.143825 0.0114 0.01744
2 0.811605 0.155552 0.010294 0.017045
2 0.775511 0.155816 0.010636 0.019015
