0 0.87365 0.148058 0.014408 0.049918
0 0.8392 0.132761 0.018819 0.05719
0 0.821847 0.125334 0.013569 0.043828
0 0.801691 0.116185 0.01886 0.051535
0 0.775885 0.111078 0.02073 0.047845
0 0.774157 0.104532 0.009663 0.03655
0 0.681506 0.097284 0.02297 0.055679
0 0.028812 0.350463 0.034706 0.178704
2 0.550242 0.392505 0.104377 0.125484
1 0.099903 0.425734 0.033339 0.058734
2 0.211408 0.327611 0.084274 0.070087
1 0.730761 0.126058 0.015291 0.016823
1 0.805469 0.14928 0.009485 0.016782
1 0.798596 0.151321 0.008494 0.018438
1 0.773857 0.159683 0.016111 0.020402
