0 0.873531 0.147119 0.014646 0.051797
0 0.838928 0.133525 0.017915 0.055663
0 0.821108 0.125739 0.012148 0.04161
0 0.800232 0.120779 0.016506 0.049336
0 0.775567 0.111275 0.021367 0.047451
0 0.774058 0.101438 0.008428 0.030822
0 0.681202 0.098246 0.023063 0.054669
0 0.045068 0.39721 0.044587 0.114839
1 0.857604 0.1727 0.010814 0.014585
1 0.085002 0.420677 0.023684 0.04527
2 0.516784 0.184682 0.042037 0.019076
2 0.740404 0.139991 0.020506 0.016298
2 0.72595 0.187246 0.026902 0.023099
2 0.669316 0.234211 0.026642 0.040395
2 0.421162 0.320187 0.097286 0.056624
