0 0.87295 0.147693 0.015808 0.05065
0 0.83878 0.1341 0.017227 0.056967
0 0.822166 0.124563 0.012371 0.040709
0 0.80167 0.115634 0.01518 0.052763
0 0.776832 0.112239 0.01706 0.05193
0 0.777125 0.10642 0.012062 0.038684
0 0.681506 0.097284 0.02297 0.055679
0 0.343464 0.162042 0.0301 0.147902
2 0.805795 0.198492 0.030289 0.035279
1 0.226318 0.351424 0.025953 0.045433
1 0.320575 0.321606 0.087167 0.060442
2 0.260843 0.305014 0.07978 0.041784
1 0.784279 0.143828 0.010886 0.019627
1 0.799889 0.143725 0.011757 0.018982
2 0.732758 0.168073 0.035719 0.013114
