0 0.87295 0.147693 0.015808 0.05065
0 0.83878 0.1341 0.017227 0.056967
0 0.821823 0.123427 0.013056 0.042981
0 0.801648 0.115613 0.017168 0.05372
0 0.77704 0.110816 0.016644 0.054775
0 0.778745 0.111594 0.010496 0.047527
0 0.681506 0.097284 0.02297 0.055679
0 0.352952 0.163714 0.03077 0.143977
1 0.651647 0.332687 0.037548 0.067829
1 0.378518 0.276135 0.029227 0.033737
2 0.657719 0.170054 0.037811 0.015569
2 0.518963 0.196506 0.078001 0.030823
1 0.363864 0.33668 0.070651 0.037425
2 0.490776 0.270188 0.077419 0.037582
2 0.255418 0.41129 0.09249 0.070789
